2323
32
111
0 8 1 3 5 4 3 1 5 0 191 64
1 0 2 1 4 0 5 1 4 106 87
2 0 3 1 6 5 1 3 4 2 0 194 17
3 3 12 2 6 5 2 1 3 4 0 96 89
4 8 14 4 6 5 2 4 1 3 0 160 11
5 14 2 2 4 0 1 3 2 189 16
6 0 12 3 3 2 5 3 124 78
7 11 3 2 3 1 3 5 326 96
8 10 16 1 3 5 0 3 32 83
9 8 12 6 5 0 4 2 1 5 120 69
10 6 11 7 3 1 4 2 127 66
11 13 12 1 6 3 1 0 4 2 5 43 63
12 3 14 2 6 3 0 1 4 5 2 144 21
13 0 3 1 6 2 3 0 1 5 4 202 63
14 13 9 4 4 4 3 1 0 223 82
15 8 9 4 5 0 2 1 3 5 153 69
16 12 8 5 6 0 5 4 3 1 2 105 33
17 11 9 4 6 0 1 4 3 5 2 116 97
18 0 12 3 3 3 0 2 157 58
19 3 11 3 6 0 1 4 5 2 3 160 89
20 0 12 2 4 2 5 0 3 41 55
21 3 9 1 3 1 4 2 209 39
22 11 14 5 5 3 5 0 1 4 102 42
23 8 12 2 3 1 4 0 82 75
24 11 12 2 6 4 0 3 2 5 1 60 57
25 13 8 1 5 1 4 2 3 0 131 17
26 11 8 3 3 2 4 0 236 52
27 8 9 1 4 2 1 0 3 202 20
28 6 16 1 3 2 4 3 22 68
29 6 16 1 6 1 5 3 4 0 2 154 18
30 8 16 2 5 5 0 2 1 3 176 62
31 13 2 1 3 4 1 2 125 42
32 8 9 4 3 1 2 4 193 68
33 8 16 3 3 0 5 3 165 91
34 6 11 1 5 2 0 5 1 4 150 53
35 6 8 1 6 3 4 0 1 5 2 262 16
36 14 11 1 3 0 1 3 118 14
37 11 16 1 6 4 2 5 3 0 1 242 54
38 3 1 2 6 0 4 5 3 1 2 338 30
39 10 3 2 3 3 4 0 272 99
40 13 8 1 3 1 4 3 204 52
41 10 3 5 3 3 5 4 226 10
42 14 16 2 3 3 2 5 21 98
43 6 3 2 6 5 1 4 0 2 3 197 75
44 6 2 1 3 1 3 2 82 10
45 14 11 3 6 5 2 4 1 0 3 231 95
46 8 12 1 3 1 4 0 82 75
47 11 3 4 4 1 4 3 0 342 10
48 11 16 1 3 0 3 2 252 60
49 12 2 4 3 3 4 1 132 96
50 14 2 2 4 2 5 1 4 158 71
51 12 16 4 6 1 3 5 0 4 2 223 21
52 8 2 1 3 0 5 4 558 66
53 12 3 4 6 2 3 1 4 5 0 65 81
54 11 1 5 4 4 3 1 5 67 85
55 6 16 2 6 1 5 3 4 0 2 154 18
56 6 14 3 4 0 2 3 4 277 44
57 10 12 1 6 0 3 5 4 2 1 100 19
58 3 16 2 4 0 3 5 1 116 12
59 10 14 2 6 5 4 1 2 3 0 246 30
60 6 11 1 4 4 0 5 3 366 41
61 13 14 1 3 4 5 1 320 85
62 10 14 1 6 5 4 1 2 3 0 246 30
63 14 9 2 6 2 0 5 4 3 1 135 19
64 3 1 3 5 3 4 0 1 2 203 55
65 6 8 2 6 4 1 0 3 5 2 193 30
66 0 16 2 5 2 5 3 0 1 206 15
67 6 16 3 5 4 3 2 5 0 277 68
68 10 11 5 5 2 4 3 1 0 313 34
69 8 1 1 4 4 0 3 2 690 21
70 12 3 1 4 5 2 3 1 115 50
71 10 8 3 5 4 5 1 3 0 93 72
72 10 3 3 5 1 4 2 3 0 307 36
73 0 8 3 4 5 0 2 4 201 12
74 3 8 2 4 4 1 5 3 94 40
75 10 12 3 6 2 3 5 0 4 1 34 43
76 12 1 5 4 3 4 2 1 130 25
77 10 9 1 3 4 5 2 38 21
78 10 14 1 4 2 4 5 0 184 38
79 3 9 2 5 4 2 3 5 1 145 36
80 8 11 2 3 1 2 3 309 83
81 0 12 3 6 1 2 5 3 4 0 69 46
82 12 3 2 5 0 4 2 5 1 88 85
83 10 8 2 5 5 3 0 4 2 96 54
84 12 16 2 6 1 3 5 0 4 2 223 21
85 12 3 2 6 4 2 1 3 5 0 96 21
86 13 3 2 6 1 4 0 5 3 2 139 34
87 6 8 4 6 0 2 3 5 4 1 174 39
88 0 16 1 6 2 0 1 3 4 5 140 98
89 10 11 2 6 2 5 0 4 3 1 231 77
90 13 14 2 5 3 4 5 1 0 167 33
91 6 3 10 5 5 1 2 4 3 208 92
92 0 9 3 5 0 4 3 5 2 125 32
93 11 16 2 4 5 3 1 0 119 15
94 8 14 2 4 2 0 3 5 172 85
95 3 2 2 4 1 2 3 5 181 89
96 0 8 2 5 5 1 3 0 2 278 58
97 6 14 4 4 0 2 3 4 277 44
98 11 16 2 6 5 3 2 0 1 4 215 62
99 13 12 4 6 1 5 0 3 4 2 70 80
100 11 2 2 3 5 4 0 320 58
101 11 3 3 5 1 5 3 0 2 217 60
102 6 3 2 6 5 4 2 1 3 0 183 60
103 10 9 3 4 0 3 5 2 75 20
104 8 3 6 5 4 0 1 5 3 67 28
105 10 11 2 4 0 2 4 3 289 32
106 6 11 3 5 5 2 1 4 0 172 66
107 0 1 3 3 0 4 2 156 84
108 0 3 4 4 0 3 4 2 128 30
109 12 11 2 3 2 3 1 93 52
110 13 11 2 4 0 4 2 3 50 98
97
111 0 11 2 4 2 5 0 4 215 98
112 0 16 3 6 1 0 5 3 4 2 117 82
113 8 2 2 6 3 2 1 0 4 5 447 100
114 10 11 9 6 4 2 5 0 1 3 174 70
115 11 1 3 6 3 1 2 0 4 5 351 88
116 13 2 1 3 2 5 0 177 53
117 8 12 1 3 0 1 4 54 20
118 10 1 2 4 5 0 2 4 248 99
119 14 12 4 3 2 0 1 70 57
120 6 3 1 3 3 2 4 217 13
121 13 2 2 5 0 1 4 5 3 184 45
122 0 14 3 6 4 2 5 1 0 3 290 52
123 13 14 3 4 4 2 0 3 202 68
124 11 16 2 5 4 1 3 5 2 75 45
125 13 3 1 5 5 2 0 1 3 217 39
126 6 14 1 3 0 5 4 36 25
127 12 2 4 4 2 3 1 5 77 19
128 3 2 5 5 2 1 5 0 3 70 51
129 12 11 2 5 3 4 2 1 0 226 73
130 6 11 5 5 1 4 0 2 5 55 73
131 13 12 1 5 1 3 0 4 5 67 76
132 6 14 1 6 2 5 3 1 4 0 110 75
133 6 2 2 5 0 3 1 4 5 225 55
134 0 14 2 4 3 2 5 0 192 62
135 12 9 2 3 3 5 0 10 62
136 0 9 1 4 3 1 4 0 72 29
137 10 9 4 5 5 4 3 0 1 95 48
138 10 8 2 5 5 1 3 4 2 84 93
139 10 14 7 5 3 1 2 4 5 290 65
140 10 14 1 6 2 5 1 0 3 4 217 75
141 11 2 2 4 5 4 2 3 659 82
142 3 2 3 4 0 4 2 5 257 93
143 11 9 4 4 3 5 0 1 192 35
144 12 11 5 4 3 5 1 2 146 27
145 13 12 1 5 2 5 0 3 1 134 34
146 3 16 1 3 2 0 1 69 59
147 6 9 3 3 1 3 0 53 88
148 10 9 1 3 4 5 2 38 21
149 10 2 1 3 2 3 1 57 89
150 12 2 1 6 1 2 0 5 4 3 131 88
151 0 11 2 3 3 0 1 94 61
152 6 16 9 6 2 3 0 5 4 1 230 28
153 3 11 1 3 3 0 5 267 75
154 3 16 2 4 2 4 3 5 107 50
155 11 12 3 6 2 4 3 5 1 0 201 70
156 3 11 3 5 1 5 2 0 3 212 73
157 12 2 7 6 3 2 0 1 4 5 90 87
158 8 1 1 3 4 5 2 614 29
159 14 11 3 5 3 0 4 2 5 79 54
160 6 1 2 6 2 1 0 3 4 5 362 43
161 0 8 2 6 2 1 3 0 4 5 55 73
162 10 9 2 6 0 4 1 5 3 2 249 74
163 8 12 2 6 0 5 1 3 4 2 155 65
164 11 14 1 6 1 5 2 4 0 3 371 27
165 10 11 2 4 3 2 1 5 186 45
166 11 16 2 3 0 3 5 105 36
167 0 1 4 3 1 0 4 68 60
168 6 9 2 4 1 4 2 0 121 83
169 12 9 2 3 2 3 4 161 99
170 8 1 1 4 4 0 3 2 690 21
171 3 12 3 4 4 3 5 1 97 19
172 8 9 4 4 3 0 5 4 201 45
173 8 1 2 3 2 3 4 315 22
174 13 3 2 3 4 3 5 227 36
175 6 16 2 5 3 2 4 5 0 130 64
176 11 9 2 5 2 1 3 4 5 163 37
177 0 9 3 5 1 5 0 3 2 167 47
178 14 2 2 4 0 1 3 2 189 16
179 6 1 5 4 1 0 2 4 88 27
180 13 2 2 3 2 3 4 215 42
181 10 1 2 6 1 2 5 4 3 0 393 80
182 10 2 4 6 5 2 0 3 1 4 223 76
183 6 9 2 3 4 1 0 67 77
184 11 12 6 6 5 4 3 1 2 0 15 30
185 0 1 2 4 4 0 1 2 219 98
186 12 16 4 3 0 4 3 182 33
187 3 9 3 4 5 4 3 1 92 34
188 13 2 3 6 4 0 1 2 3 5 163 72
189 6 16 2 4 3 0 2 1 174 84
190 12 1 3 4 0 1 5 2 40 48
191 3 1 2 3 3 0 2 857 42
192 11 1 3 6 3 5 1 2 0 4 91 82
193 14 3 2 6 1 0 4 5 3 2 229 100
194 0 8 2 4 5 0 2 4 201 12
195 14 2 2 6 3 2 1 4 5 0 94 88
196 8 11 2 6 2 0 1 3 4 5 92 95
197 12 3 3 6 2 3 1 4 5 0 65 81
198 3 9 2 3 3 2 1 152 83
199 6 1 2 6 2 5 1 0 3 4 231 75
200 8 2 3 5 1 4 5 3 0 169 34
201 13 14 3 3 3 2 5 31 43
202 11 14 3 6 1 3 4 2 5 0 204 41
203 8 1 4 5 0 3 1 5 4 178 50
204 8 2 3 5 0 2 4 5 3 83 98
205 14 2 2 4 4 2 3 0 163 41
206 3 9 2 3 4 3 5 169 85
207 0 1 4 5 3 2 4 0 5 69 100
94
208 0 8 1 3 1 5 3 222 93
209 6 11 2 5 5 2 1 4 0 172 66
210 10 9 10 6 5 3 1 4 0 2 254 39
211 3 12 3 5 2 0 1 4 3 78 45
212 8 12 1 4 0 5 2 4 108 62
213 14 1 8 4 4 0 2 5 131 83
214 6 12 2 5 3 1 0 4 2 200 93
215 10 9 4 5 5 4 3 0 1 95 48
216 6 11 2 6 1 4 0 2 5 3 188 47
217 3 12 2 3 3 1 4 28 19
218 11 12 1 4 2 5 4 3 237 96
219 6 3 2 4 2 5 4 1 334 90
220 10 3 3 3 5 2 0 115 28
221 13 1 2 6 3 4 1 5 2 0 157 51
222 13 16 1 6 3 1 5 0 4 2 238 25
223 14 16 2 6 4 5 3 0 1 2 274 75
224 0 14 3 5 5 1 3 4 0 134 52
225 13 3 1 5 3 4 0 5 1 212 31
226 10 3 2 3 2 5 4 166 64
227 11 9 1 6 0 2 1 5 4 3 177 15
228 10 12 1 3 5 0 2 163 43
229 13 3 3 5 0 1 5 3 2 184 94
230 14 9 1 6 4 3 5 1 0 2 73 44
231 3 2 2 3 4 0 1 363 18
232 3 2 1 3 1 3 4 168 75
233 8 12 2 5 4 3 0 1 5 68 41
234 11 8 2 3 0 4 1 385 85
235 12 1 1 3 2 5 1 53 35
236 0 1 1 6 5 0 4 1 2 3 191 78
237 14 11 3 5 3 2 0 4 5 118 72
238 3 9 2 3 5 1 3 89 51
239 12 1 4 3 2 5 1 53 35
240 14 11 2 6 2 3 1 4 5 0 120 37
241 6 16 2 5 1 3 5 4 2 174 69
242 3 16 1 6 2 1 0 4 3 5 117 99
243 14 16 2 3 3 2 5 21 98
244 14 1 6 5 4 2 3 5 1 134 14
245 0 1 3 3 0 4 2 156 84
246 3 11 1 3 0 3 2 116 56
247 12 14 1 3 3 1 2 98 92
248 8 12 5 5 2 0 4 5 3 46 65
249 12 16 1 5 1 5 3 0 4 195 50
250 12 1 5 6 1 2 5 4 3 0 112 70
251 8 14 3 3 0 5 2 215 42
252 13 9 1 5 4 0 2 1 5 222 81
253 14 12 1 4 2 1 4 5 167 72
254 14 2 2 6 3 2 1 4 5 0 94 88
255 0 3 3 5 1 0 5 3 2 206 41
256 11 3 1 3 0 2 1 407 36
257 8 2 2 6 3 2 1 0 4 5 447 100
258 12 11 1 3 1 0 5 201 74
259 14 12 1 3 2 0 1 70 57
260 8 14 2 4 1 0 5 2 187 42
261 6 12 3 5 3 1 2 5 0 91 65
262 8 16 2 6 4 1 2 5 3 0 210 19
263 3 9 4 5 1 5 3 4 2 121 67
264 10 16 2 3 5 1 2 335 39
265 0 1 2 4 1 3 2 4 179 55
266 11 14 3 4 1 5 0 3 319 32
267 6 2 2 6 2 3 0 4 5 1 360 44
268 6 9 2 3 1 3 0 53 88
269 0 8 4 4 5 4 3 2 111 95
270 3 9 1 3 5 1 3 89 51
271 8 11 2 5 5 1 2 3 4 188 68
272 13 1 5 4 4 2 1 5 184 93
273 6 8 2 3 0 2 4 134 92
274 6 1 2 3 0 1 4 352 24
275 12 1 1 4 0 3 2 4 188 84
276 11 2 1 5 4 5 1 3 0 310 23
277 0 16 3 3 4 0 3 171 19
278 14 8 2 6 0 2 1 3 5 4 99 55
279 10 2 4 4 5 0 1 3 125 63
280 10 9 2 3 1 0 5 118 20
281 8 9 4 4 2 1 0 3 202 20
282 12 2 2 3 3 4 1 132 96
283 0 8 3 6 3 4 2 5 1 0 172 29
284 13 2 1 3 4 1 2 125 42
285 13 9 4 4 3 4 5 2 179 18
286 10 1 2 3 0 2 3 70 76
287 11 1 2 6 1 5 4 0 2 3 91 31
288 12 3 2 4 2 0 1 3 60 53
289 13 16 3 3 5 0 2 183 63
290 0 2 2 4 3 0 2 4 270 75
291 3 8 3 3 3 1 2 397 76
292 8 14 3 4 2 0 3 5 172 85
293 0 3 2 3 5 1 0 24 96
294 0 2 2 6 2 5 1 3 0 4 47 25
295 10 12 2 6 0 3 5 4 2 1 100 19
296 0 14 3 4 4 0 2 3 161 89
297 3 16 2 4 5 3 4 1 83 40
298 0 1 3 4 0 4 3 1 228 41
299 0 3 2 4 2 4 3 5 146 51
300 14 3 4 4 1 4 5 3 241 37
301 3 11 4 3 3 0 5 267 75
98
302 0 1 2 6 5 0 4 1 2 3 191 78
303 11 9 1 6 0 2 1 5 4 3 177 15
304 10 9 6 6 5 3 1 4 0 2 254 39
305 3 16 1 4 1 4 3 0 292 16
306 8 9 2 3 4 0 2 86 45
307 11 2 2 5 3 5 0 2 4 88 77
308 8 3 1 5 5 2 3 4 0 157 25
309 6 12 1 5 4 0 3 1 2 69 59
310 0 16 3 6 1 0 5 3 4 2 117 82
311 14 16 3 4 1 0 5 2 164 29
312 10 1 1 5 4 2 0 1 3 90 47
313 10 16 1 3 2 1 4 129 63
314 0 3 1 5 5 0 3 4 1 62 96
315 3 2 1 4 0 4 2 5 257 93
316 6 8 1 6 4 5 3 0 1 2 275 83
317 6 16 1 5 5 0 2 1 4 207 60
318 3 12 1 6 0 3 1 4 2 5 50 75
319 13 16 1 5 0 4 3 2 5 204 65
320 10 3 2 3 2 5 4 166 64
321 0 16 2 5 5 4 0 2 1 156 70
322 10 8 1 5 0 1 4 5 3 13 29
323 13 8 2 6 3 2 1 4 5 0 152 61
324 3 9 2 6 0 1 3 4 2 5 52 94
325 14 3 5 4 1 3 0 2 158 34
326 10 1 2 6 0 1 5 3 2 4 80 20
327 3 12 2 6 2 5 3 0 1 4 100 97
328 12 14 1 6 0 1 2 4 5 3 223 71
329 8 12 2 6 3 5 1 2 4 0 145 30
330 14 9 1 3 0 4 1 202 76
331 6 2 6 5 0 3 1 4 5 225 55
332 6 12 2 5 4 0 3 1 2 69 59
333 6 12 2 3 4 0 2 152 25
334 6 8 1 3 0 2 4 134 92
335 14 16 2 3 1 4 5 152 86
336 0 2 3 3 0 3 1 107 76
337 10 1 4 5 4 2 0 1 3 90 47
338 14 9 1 4 3 1 4 0 63 86
339 3 8 1 3 5 2 0 114 67
340 13 2 3 5 5 3 1 2 0 134 98
341 10 11 1 6 2 5 1 3 4 0 95 17
342 6 2 3 5 0 3 1 4 5 225 55
343 14 9 2 4 2 4 3 5 170 59
344 0 2 2 5 5 0 3 4 2 238 77
345 11 2 1 5 4 0 3 1 5 325 82
346 12 16 1 6 3 0 2 5 4 1 185 18
347 11 3 1 3 1 3 5 326 96
348 10 11 1 4 1 5 0 3 253 91
349 14 16 5 4 1 0 5 2 164 29
350 10 12 2 3 5 0 2 36 35
351 11 2 1 4 5 4 2 3 659 82
352 3 16 2 4 5 3 4 1 83 40
353 0 1 3 5 3 2 4 0 5 69 100
354 12 14 2 5 2 0 3 1 4 115 86
355 0 3 2 3 1 3 0 124 11
356 0 8 2 6 0 3 5 1 4 2 131 53
357 6 8 1 4 4 1 5 0 188 21
358 13 8 3 6 0 2 4 1 5 3 361 51
359 6 1 2 4 5 2 4 3 253 79
360 10 1 1 5 4 3 1 5 2 216 12
361 10 3 3 3 5 2 0 115 28
362 3 2 2 6 0 2 3 1 5 4 106 36
363 0 1 1 6 0 4 5 3 1 2 271 64
364 6 14 4 6 2 5 3 4 0 1 167 66
365 10 2 1 6 5 4 0 1 2 3 247 60
366 3 9 2 6 0 5 1 2 3 4 104 88
367 10 9 2 3 2 1 4 221 91
368 6 11 6 5 1 4 3 0 5 93 41
369 12 11 3 5 3 4 2 1 0 226 73
370 6 9 2 6 4 3 5 2 0 1 150 81
371 12 2 3 5 3 0 5 1 2 10 37
372 13 3 2 5 5 2 0 1 3 217 39
373 14 16 3 4 0 2 5 4 152 79
374 14 9 5 3 4 0 3 335 69
375 6 14 3 6 2 5 3 1 4 0 110 75
376 3 9 2 6 0 1 3 4 2 5 52 94
377 12 2 2 3 5 0 4 13 34
378 6 9 2 4 1 4 2 0 121 83
379 8 3 4 3 1 2 0 278 50
380 3 16 1 4 2 4 3 5 107 50
381 6 2 4 3 1 3 2 82 10
382 13 11 4 3 1 4 2 234 60
383 14 2 3 3 5 0 4 169 55
384 8 14 2 3 4 3 2 299 92
385 10 2 1 3 0 3 5 76 27
386 3 12 1 4 2 1 5 4 67 67
387 13 2 3 6 4 0 1 5 3 2 129 93
388 6 11 3 3 0 1 5 96 17
389 0 1 4 6 0 4 5 3 1 2 271 64
390 14 1 2 5 0 5 4 2 3 345 23
391 0 3 5 3 1 2 5 84 56
392 0 16 3 6 2 0 1 5 3 4 13 34
393 0 11 2 4 0 2 4 3 88 13
394 10 1 2 5 4 2 0 1 3 90 47
395 12 9 5 5 4 0 5 3 2 185 11
396 3 12 3 6 1 4 2 3 0 5 73 15
397 10 9 2 5 1 4 2 5 3 72 58
398 13 16 3 6 4 0 5 2 1 3 290 43
399 14 3 8 6 1 0 4 5 3 2 229 100
95
400 14 1 2 5 4 2 3 5 1 134 14
401 12 9 1 5 3 5 1 4 0 210 31
402 0 3 3 4 0 3 1 4 101 62
403 14 1 1 6 1 4 5 3 2 0 106 76
404 14 9 1 5 5 4 0 2 3 96 13
405 10 11 4 5 2 5 0 4 1 187 15
406 14 1 1 3 5 4 3 121 66
407 14 12 1 4 5 0 3 2 79 65
408 14 16 3 3 1 4 5 152 86
409 10 12 1 6 0 1 3 4 5 2 99 67
410 12 14 2 6 4 2 5 0 3 1 150 99
411 10 11 1 6 5 2 0 4 3 1 176 77
412 13 11 1 5 4 0 3 1 2 195 60
413 6 11 1 5 0 2 1 5 3 263 66
414 3 1 1 3 5 4 2 273 48
415 14 16 1 4 4 1 3 2 190 84
416 6 16 4 6 3 2 1 4 5 0 103 87
417 13 9 3 4 0 3 1 5 348 54
418 12 16 1 5 5 0 2 1 3 123 25
419 12 11 1 6 5 3 0 4 1 2 105 53
420 6 14 1 3 0 5 4 36 25
421 11 1 3 5 2 4 1 5 0 226 86
422 0 11 2 4 1 4 2 5 85 95
423 10 14 1 6 5 2 0 4 3 1 263 18
424 13 12 2 6 5 3 1 2 0 4 238 21
425 6 3 1 5 0 4 5 1 3 215 78
426 8 14 3 3 4 3 2 299 92
427 12 1 3 5 2 1 3 5 0 108 43
428 12 1 2 5 2 4 3 5 1 119 88
429 6 14 2 5 3 0 2 1 4 208 96
430 10 1 3 6 4 5 2 3 1 0 180 18
431 0 14 3 4 1 4 2 0 236 59
432 14 1 2 6 2 4 1 3 5 0 86 89
433 6 3 2 6 5 1 4 0 2 3 197 75
434 12 8 5 6 0 2 4 5 1 3 138 47
435 12 2 5 6 1 2 0 5 4 3 131 88
436 3 2 4 6 3 5 2 0 1 4 344 44
437 13 9 2 4 2 5 1 3 29 68
438 6 14 1 3 2 3 0 68 54
439 11 2 3 4 0 5 4 1 201 47
440 3 1 2 6 1 5 3 4 2 0 725 81
441 14 2 1 5 1 5 0 4 2 180 86
442 6 2 4 4 4 5 0 3 195 12
443 12 1 1 6 4 0 5 2 3 1 25 47
444 10 9 1 3 4 5 2 38 21
445 6 14 2 3 5 0 1 128 15
446 12 14 1 6 4 2 5 0 3 1 150 99
447 13 8 2 6 0 2 4 1 5 3 361 51
448 0 12 5 5 2 5 3 4 0 103 78
449 3 2 2 6 0 1 4 2 5 3 372 65
450 10 16 2 5 2 5 1 3 0 81 98
451 8 2 4 5 3 2 5 0 1 637 55
452 14 12 3 5 2 4 5 1 0 30 73
453 10 2 5 3 4 3 0 241 34
454 0 16 2 3 3 1 2 237 63
455 10 14 3 3 1 3 5 96 73
456 14 8 2 4 5 0 1 3 127 90
457 11 12 4 6 4 2 3 0 5 1 87 96
458 10 11 2 6 3 1 2 5 0 4 264 84
459 3 9 3 4 5 4 3 1 92 34
460 3 2 2 6 3 5 2 0 1 4 344 44
461 12 3 7 4 2 0 1 3 60 53
462 8 9 1 6 0 1 5 3 4 2 162 79
463 3 2 2 6 3 5 2 0 1 4 344 44
464 12 8 4 3 4 5 0 96 72
465 6 11 1 6 0 2 4 5 3 1 141 73
466 0 2 1 6 4 1 3 2 5 0 73 11
467 10 16 3 3 5 1 2 335 39
468 12 8 2 3 1 2 3 147 27
469 6 16 2 6 2 3 0 5 4 1 230 28
470 14 9 3 4 2 4 3 5 170 59
471 14 9 2 6 4 3 5 1 0 2 73 44
472 0 11 6 3 2 3 0 132 98
473 11 14 4 5 4 5 0 2 3 106 36
474 11 9 3 5 4 0 2 3 1 104 94
475 0 3 3 4 2 3 5 4 232 22
476 11 9 2 4 5 2 4 1 122 60
477 6 8 2 5 3 5 4 1 2 105 36
478 10 11 3 4 1 5 0 3 253 91
479 8 1 4 5 0 3 1 5 4 178 50
480 13 12 3 6 2 4 3 0 1 5 85 52
481 12 8 2 3 0 3 1 112 58
482 8 16 2 3 3 4 0 175 10
483 11 12 6 5 5 3 1 2 0 67 72
484 14 3 3 6 5 1 4 3 0 2 46 19
485 10 14 2 6 2 0 3 1 5 4 159 97
486 0 11 2 5 1 3 2 0 4 142 82
487 14 1 2 3 5 4 3 121 66
488 3 14 2 6 1 2 5 0 4 3 172 38
489 11 9 2 5 2 1 3 4 5 163 37
490 10 1 5 6 1 2 5 4 3 0 393 80
491 11 9 3 5 4 5 1 2 3 102 55
492 3 11 3 5 2 3 4 5 0 224 29
493 6 12 3 5 3 2 0 1 4 51 91
494 12 8 4 6 5 4 2 0 3 1 196 71
109
495 10 14 2 3 2 3 5 231 18
496 11 8 1 4 3 5 4 1 44 58
497 3 14 4 5 4 2 5 3 1 333 90
498 0 16 1 5 5 4 0 2 1 156 70
499 0 12 1 4 4 1 3 0 53 45
500 14 8 1 3 2 5 4 291 46
501 3 2 2 6 0 2 3 1 5 4 106 36
502 12 8 2 4 0 4 2 1 131 65
503 8 12 2 4 2 4 5 3 189 12
504 11 1 2 5 1 4 0 3 5 277 69
505 10 11 1 6 2 5 1 3 4 0 95 17
506 6 1 5 5 4 5 2 1 3 340 67
507 13 1 1 6 4 2 5 3 1 0 149 91
508 12 9 1 5 1 5 4 3 2 114 14
509 13 2 2 4 2 0 1 4 206 12
510 11 14 1 5 3 4 2 1 0 132 59
511 11 16 1 6 4 3 2 5 0 1 195 47
512 0 14 4 5 1 5 0 4 2 27 59
513 3 8 3 4 4 1 5 3 94 40
514 8 16 3 5 5 4 1 2 3 169 40
515 0 2 1 3 0 5 1 150 86
516 6 9 3 3 0 2 5 147 53
517 3 8 3 6 2 4 3 5 1 0 76 31
518 6 16 1 6 2 3 0 5 4 1 230 28
519 11 9 1 4 1 2 4 0 174 59
520 11 3 2 3 0 1 3 32 77
521 3 16 2 5 0 3 5 1 4 182 52
522 3 8 1 3 4 3 2 363 20
523 10 3 2 6 0 3 5 1 4 2 238 69
524 8 9 2 3 5 1 2 74 41
525 3 9 1 3 2 3 5 75 40
526 6 11 1 5 1 4 3 0 5 93 41
527 3 8 1 6 5 4 3 0 2 1 475 16
528 13 3 5 5 0 2 5 4 3 199 75
529 6 9 2 4 0 3 4 2 114 42
530 8 3 3 6 2 0 3 5 1 4 126 89
531 11 2 1 4 2 5 4 0 148 71
532 14 1 1 4 2 3 5 4 120 95
533 14 9 1 5 5 4 0 2 3 96 13
534 14 11 2 6 2 4 3 1 5 0 217 77
535 13 8 1 6 2 0 5 3 4 1 29 62
536 10 3 5 3 5 2 0 115 28
537 12 1 4 6 4 2 1 5 3 0 105 49
538 12 8 3 5 2 3 5 4 1 69 63
539 6 8 1 3 2 5 3 102 15
540 6 11 1 5 1 4 3 0 5 93 41
541 6 3 4 5 4 1 0 2 5 22 90
542 14 16 1 6 0 1 2 4 5 3 196 59
543 13 2 1 4 1 5 2 3 128 69
544 13 8 2 4 2 3 4 0 190 82
545 13 8 3 6 1 4 0 2 5 3 29 47
546 12 14 1 6 0 4 3 2 1 5 100 94
547 10 1 2 4 5 0 2 4 248 99
548 12 16 1 5 5 0 2 1 3 123 25
549 0 9 3 3 3 0 5 299 63
550 10 12 1 6 1 4 0 2 5 3 180 84
551 11 9 3 5 4 0 2 3 1 104 94
552 12 2 2 5 1 3 5 4 0 93 91
553 12 3 2 4 2 3 0 4 69 39
554 12 9 2 3 3 2 5 112 38
555 8 14 2 6 4 3 5 2 0 1 249 76
556 0 1 2 3 1 0 4 68 60
557 12 1 1 6 1 0 3 5 4 2 88 66
558 13 1 3 4 3 5 4 2 189 42
559 0 2 1 5 5 4 2 0 1 169 96
560 6 12 1 5 3 1 0 4 2 200 93
561 3 2 2 4 0 4 2 5 134 78
562 8 1 2 5 5 1 3 2 4 312 32
563 3 9 5 4 2 1 4 5 133 86
564 13 14 2 3 3 2 5 31 43
565 13 11 7 4 5 0 3 4 117 30
566 14 1 1 3 2 1 5 298 53
567 0 3 7 3 5 1 0 24 96
568 6 14 1 6 3 0 4 5 1 2 151 59
569 8 16 2 6 5 3 0 4 1 2 140 98
570 14 1 5 3 5 1 3 305 16
571 14 16 3 3 3 2 5 21 98
572 11 12 3 6 0 4 2 5 3 1 112 96
573 14 16 2 5 1 0 2 5 4 203 42
574 12 9 1 3 3 5 0 10 62
575 0 11 3 6 0 5 4 3 2 1 107 22
576 10 3 3 3 3 0 4 274 82
577 12 16 2 3 0 4 3 182 33
578 13 9 3 5 3 0 1 4 2 35 60
579 10 1 4 3 2 3 1 304 56
580 10 1 2 6 0 1 5 3 2 4 80 20
581 3 9 1 4 1 5 2 0 151 29
582 13 16 2 4 5 2 1 4 241 39
583 0 16 3 6 3 1 2 4 5 0 112 20
584 6 9 1 4 1 2 3 4 32 39
585 3 2 2 6 3 2 0 4 1 5 36 17
586 14 16 2 6 4 5 3 0 1 2 274 75
587 3 14 2 6 2 1 4 3 5 0 55 89
588 12 8 4 4 5 4 3 2 126 33
589 14 1 2 3 5 4 0 254 69
590 0 3 2 3 1 3 0 124 11
591 10 11 1 5 0 5 4 1 2 315 82
592 13 2 2 5 1 2 4 3 5 248 97
593 12 14 4 4 1 2 0 3 91 77
594 10 9 2 3 2 1 4 221 91
595 10 2 2 6 5 4 0 1 2 3 247 60
596 14 2 3 4 4 2 3 0 163 41
597 10 12 4 3 2 4 0 227 83
598 13 16 2 6 1 5 2 4 3 0 100 78
599 13 3 3 6 2 1 4 0 5 3 112 12
600 8 9 2 6 4 0 5 2 1 3 193 89
601 0 14 2 5 4 5 3 2 0 60 89
602 14 3 2 3 2 4 1 149 15
603 11 2 7 3 5 4 0 255 44
86
604 8 11 2 3 1 2 3 309 83
605 11 1 1 4 2 5 4 0 65 24
606 10 3 1 3 4 3 0 357 50
607 11 1 1 6 5 4 3 1 0 2 210 85
608 10 8 4 5 1 0 3 4 5 125 11
609 6 11 2 5 2 0 5 1 4 150 53
610 6 14 2 4 5 0 3 4 181 91
611 6 9 3 3 0 2 5 147 53
612 14 11 1 6 2 4 3 1 5 0 217 77
613 14 16 1 6 1 0 3 4 2 5 178 49
614 12 16 6 5 5 0 2 1 3 123 25
615 14 1 4 4 2 3 0 1 271 97
616 6 16 1 5 3 2 4 5 0 130 64
617 12 3 1 4 5 2 3 1 115 50
618 13 12 2 6 4 1 0 5 2 3 180 33
619 0 3 1 5 0 3 2 5 1 264 27
620 10 12 1 4 4 0 1 5 156 71
621 10 14 4 4 2 5 3 1 194 61
622 8 3 1 6 2 5 0 3 1 4 460 10
623 8 3 2 6 2 5 0 3 1 4 460 10
624 13 16 2 3 1 0 4 100 52
625 14 9 3 6 4 3 5 1 0 2 73 44
626 10 16 2 3 2 1 0 129 52
627 10 11 2 3 0 4 5 208 65
628 10 8 2 5 5 3 0 4 2 96 54
629 8 3 4 6 2 0 3 5 1 4 126 89
630 0 14 5 3 5 4 0 85 41
631 8 2 8 5 2 5 0 4 3 416 57
632 8 1 2 5 5 1 3 2 4 312 32
633 0 3 1 3 3 1 4 15 95
634 0 8 1 5 1 0 3 2 4 262 74
635 6 14 1 5 4 5 2 0 1 295 87
636 10 3 4 5 1 4 2 3 0 307 36
637 12 1 1 3 2 5 1 53 35
638 8 9 3 3 4 3 2 211 61
639 14 16 1 6 4 5 3 0 1 2 274 75
640 12 11 2 4 4 2 0 1 141 47
641 14 9 1 4 3 1 4 0 63 86
642 0 12 1 3 1 4 3 124 46
643 11 1 1 6 5 4 3 1 0 2 210 85
644 8 12 1 4 2 4 5 3 189 12
645 6 2 2 4 0 2 5 3 214 13
646 10 1 9 5 2 4 3 5 0 183 24
647 3 8 5 6 3 5 0 1 2 4 529 29
648 11 1 2 6 1 0 3 4 2 5 39 96
649 6 12 5 5 4 0 3 1 2 69 59
650 6 14 4 6 0 1 2 5 3 4 28 36
651 6 9 5 4 0 3 4 2 114 42
652 12 1 2 4 1 4 5 3 96 79
653 13 12 2 6 0 3 2 1 5 4 185 60
654 0 1 2 4 0 4 3 1 228 41
655 14 11 2 5 3 0 4 2 5 79 54
656 10 3 1 6 0 3 5 1 4 2 238 69
657 10 8 2 3 5 2 0 200 45
658 3 12 4 6 1 2 4 0 3 5 114 97
659 12 1 3 3 5 0 1 51 20
660 14 12 3 5 0 4 3 1 2 192 65
661 0 9 2 4 0 2 3 4 172 11
662 8 2 6 5 1 4 5 3 0 169 34
663 12 2 7 3 3 1 0 174 59
664 0 11 1 5 1 2 0 5 3 42 99
665 12 9 1 3 2 3 4 161 99
666 6 16 2 3 4 3 0 236 15
667 11 1 3 6 3 5 1 4 2 0 283 52
668 12 8 2 6 0 5 4 3 1 2 105 33
669 12 11 5 5 1 5 3 4 2 135 55
670 0 2 2 4 1 3 5 2 155 68
671 6 12 2 4 3 0 2 1 165 38
672 0 14 4 5 1 5 0 4 2 27 59
673 13 8 2 5 2 1 3 4 0 172 91
674 12 11 3 5 1 5 3 4 2 135 55
675 14 2 2 6 0 2 4 5 1 3 68 62
676 14 8 2 6 1 0 2 3 4 5 136 89
677 13 12 4 6 0 4 1 5 3 2 208 40
678 6 2 2 5 0 1 4 2 3 131 58
679 11 3 1 6 0 3 4 5 1 2 262 94
680 3 11 2 5 0 4 5 2 3 173 34
681 12 16 2 6 3 0 2 5 4 1 185 18
682 13 2 2 5 0 1 4 5 3 184 45
683 13 2 3 3 2 3 4 215 42
684 6 9 2 4 1 2 3 4 32 39
685 0 2 2 5 2 0 1 5 4 125 21
686 12 16 4 6 1 5 4 0 2 3 102 21
687 13 12 2 6 5 3 1 2 0 4 238 21
688 11 8 2 4 3 5 4 1 44 58
689 14 8 2 3 0 5 2 70 61
92
690 6 16 2 4 0 1 2 4 46 63
691 8 12 2 3 4 2 5 123 13
692 13 16 1 6 4 0 5 2 1 3 290 43
693 6 2 1 6 4 1 0 3 2 5 130 35
694 3 16 2 3 2 4 3 42 24
695 0 16 2 6 1 0 5 3 4 2 117 82
696 13 8 1 6 1 0 4 5 2 3 227 23
697 13 9 3 5 2 3 4 0 1 260 37
698 14 1 1 4 5 3 4 1 60 86
699 8 2 1 4 1 4 3 2 178 39
700 3 11 3 4 5 0 2 3 181 35
701 10 8 4 3 1 0 5 330 73
702 6 16 1 3 0 5 1 128 15
703 0 16 2 4 5 2 3 0 146 20
704 10 16 3 6 4 2 0 5 1 3 272 57
705 12 1 4 3 0 3 5 97 19
706 12 1 2 3 1 0 5 77 94
707 8 3 3 6 1 5 4 0 3 2 223 48
708 0 2 3 6 5 0 3 4 1 2 165 88
709 13 12 1 4 4 5 1 3 138 10
710 12 8 3 4 0 4 2 1 131 65
711 10 14 1 4 0 5 4 1 226 19
712 8 12 4 6 0 1 2 4 3 5 69 64
713 6 1 2 5 4 2 1 3 5 98 37
714 3 9 1 3 4 3 5 169 85
715 14 16 3 4 1 4 5 2 178 29
716 0 9 2 6 2 0 1 4 3 5 144 61
717 10 9 6 3 4 0 2 227 54
718 6 8 2 3 0 5 3 172 100
719 14 9 3 4 2 4 3 5 170 59
720 6 3 3 3 3 2 4 217 13
721 14 11 3 5 3 2 0 4 5 118 72
722 3 14 2 3 0 5 3 140 16
723 3 9 1 5 5 1 4 3 2 175 16
724 14 9 3 4 3 1 4 0 63 86
725 13 3 2 6 3 5 0 1 4 2 151 95
726 12 3 3 6 5 2 1 4 0 3 80 16
727 12 2 1 5 5 3 1 4 2 222 49
728 14 8 2 5 1 0 5 4 2 358 14
729 10 9 6 3 2 1 4 221 91
730 10 3 2 5 4 1 5 0 3 250 24
731 8 14 3 6 1 0 5 4 3 2 385 43
732 13 3 2 6 0 3 1 2 5 4 200 32
733 12 8 2 4 5 0 3 2 153 68
734 6 1 2 6 5 2 0 4 1 3 155 74
735 8 2 2 4 1 3 4 0 303 46
736 11 16 2 5 4 1 3 5 2 75 45
737 14 12 2 3 2 0 1 70 57
738 12 2 2 3 3 4 1 132 96
739 6 1 1 6 4 1 0 5 3 2 333 81
740 6 2 4 4 5 1 3 2 106 18
741 10 8 2 6 0 2 1 4 3 5 342 45
742 3 12 6 6 2 5 3 0 1 4 100 97
743 0 8 1 3 1 5 3 222 93
744 11 8 1 6 4 3 1 0 2 5 419 49
745 8 3 1 4 3 0 1 5 251 34
746 8 16 3 3 3 4 0 175 10
747 10 8 3 5 0 1 5 3 2 70 57
748 8 9 3 4 3 0 5 4 201 45
749 6 8 2 4 0 1 5 2 175 83
750 12 16 6 4 2 1 3 0 101 10
751 14 11 4 6 2 3 1 4 5 0 120 37
752 0 3 4 4 1 4 3 2 56 44
753 12 1 3 4 4 3 5 0 120 26
754 12 11 1 5 0 3 5 4 1 48 95
755 12 3 5 6 0 1 2 4 3 5 77 89
756 13 1 4 3 3 4 1 201 28
757 12 16 2 4 2 5 1 4 102 92
758 10 2 1 3 1 5 2 320 59
759 6 12 2 6 3 0 5 4 1 2 126 57
760 14 1 3 5 0 5 4 2 3 345 23
761 14 2 2 4 4 2 3 0 163 41
762 6 1 2 6 4 1 0 5 3 2 333 81
763 8 2 1 6 3 2 1 0 4 5 447 100
764 6 2 2 5 2 0 4 3 1 196 58
765 8 3 2 3 3 1 2 314 85
766 0 8 3 5 4 2 1 5 0 156 11
767 0 3 2 4 4 0 1 2 27 53
768 14 11 5 6 5 4 2 1 3 0 261 73
769 11 9 3 5 2 1 3 4 5 163 37
770 3 16 2 6 2 1 3 5 0 4 16 76
771 14 8 5 3 0 5 4 197 10
772 11 8 2 3 0 4 1 385 85
773 6 1 5 4 1 3 4 5 64 48
774 0 8 3 5 1 0 3 2 4 262 74
775 14 2 6 4 0 1 3 2 189 16
776 10 14 2 6 2 5 1 0 3 4 217 75
777 0 2 3 6 4 1 3 2 5 0 73 11
778 11 16 2 6 3 4 0 1 2 5 108 77
779 10 9 2 4 0 3 5 2 75 20
780 0 2 7 4 0 4 5 1 267 45
781 13 3 2 3 1 2 4 68 58
93
782 13 9 1 6 1 5 4 0 2 3 209 77
783 6 14 2 5 2 1 0 3 5 155 12
784 14 9 1 6 2 4 3 5 0 1 205 34
785 11 8 2 6 1 2 4 0 5 3 74 23
786 8 16 1 5 5 4 1 2 3 169 40
787 10 12 1 6 2 3 5 0 4 1 34 43
788 12 3 3 6 5 2 1 4 0 3 80 16
789 0 16 3 3 2 5 0 59 15
790 6 8 1 6 4 5 2 0 1 3 153 43
791 6 12 3 4 2 4 3 1 59 56
792 0 11 2 5 1 2 0 5 3 42 99
793 13 11 3 4 0 4 2 3 50 98
794 3 12 1 3 3 4 1 72 78
795 0 8 1 6 3 0 1 4 2 5 155 71
796 3 12 4 3 4 2 0 72 70
797 13 2 1 4 1 5 2 3 128 69
798 11 16 4 3 3 5 1 100 65
799 3 14 1 3 3 5 0 163 31
800 3 14 2 4 5 4 0 1 112 31
801 10 14 1 4 0 5 4 1 226 19
802 0 8 1 6 5 3 2 4 1 0 71 16
803 10 16 1 6 2 1 4 5 0 3 118 45
804 10 1 1 4 4 3 1 0 47 83
805 0 12 1 3 3 0 2 157 58
806 14 1 1 4 5 0 1 4 29 70
807 11 1 1 5 1 4 0 3 5 277 69
808 12 11 1 3 1 2 5 121 65
809 13 11 4 5 0 5 3 4 1 168 48
810 8 1 4 4 4 3 1 5 342 11
811 6 16 2 4 0 5 2 3 21 36
812 13 16 2 3 4 0 2 123 43
813 0 1 2 3 5 1 0 129 28
814 0 11 4 3 0 3 5 99 51
815 12 3 1 4 2 0 4 5 115 99
816 14 1 5 6 3 5 0 2 4 1 194 98
817 10 11 1 5 2 4 1 5 3 377 39
818 0 12 2 6 1 2 5 3 4 0 69 46
819 8 16 3 3 0 4 1 224 79
820 3 1 4 6 2 0 1 4 5 3 561 48
821 6 11 3 6 0 2 4 5 3 1 141 73
822 0 9 2 6 2 0 1 4 3 5 144 61
823 6 3 1 6 5 4 2 1 3 0 183 60
824 8 11 2 3 3 1 4 370 99
825 6 14 1 4 0 4 2 5 227 67
826 13 16 1 3 1 0 4 100 52
827 3 2 1 6 0 2 3 1 5 4 106 36
828 3 9 2 6 2 5 4 1 0 3 175 29
829 10 12 1 4 5 4 1 0 261 92
830 11 8 4 5 1 0 3 2 4 169 26
831 13 16 2 4 5 2 1 4 241 39
832 8 9 1 4 3 0 5 4 201 45
833 0 8 3 5 5 1 3 0 2 278 58
834 12 11 2 6 4 2 5 3 0 1 35 25
835 13 1 3 6 2 5 4 3 0 1 164 18
836 11 12 3 5 4 5 3 2 1 92 96
837 0 9 2 3 2 1 4 220 55
838 0 14 6 5 3 5 4 0 1 163 94
839 10 1 1 6 0 4 2 3 1 5 131 83
840 6 2 3 5 4 1 0 3 5 316 91
841 11 2 8 5 2 5 0 4 1 25 17
842 10 9 2 5 3 5 4 2 0 184 41
843 11 14 3 6 2 1 3 4 5 0 217 98
844 0 16 2 5 1 3 5 0 2 282 64
845 3 8 1 3 1 0 5 307 38
846 14 16 2 4 1 4 5 2 178 29
847 14 3 1 5 2 5 0 4 1 238 82
848 12 9 3 4 3 4 0 1 102 14
849 11 9 2 4 5 1 3 0 112 77
850 14 11 2 3 3 2 0 272 24
851 14 3 2 3 1 3 0 295 69
852 12 2 3 5 4 3 0 5 2 78 85
853 14 11 2 6 2 4 3 1 5 0 217 77
854 14 12 2 3 4 0 5 231 74
855 11 9 2 4 5 1 3 0 112 77
856 14 1 2 4 2 3 0 1 271 97
857 13 11 4 6 5 4 3 0 1 2 57 24
858 10 1 2 5 3 0 5 1 4 274 60
859 0 14 2 6 4 2 5 1 0 3 290 52
860 12 9 1 4 3 2 4 5 51 68
861 10 12 3 4 5 4 1 0 261 92
862 6 14 4 4 4 1 2 5 355 29
863 11 1 2 6 1 5 4 3 2 0 99 71
864 3 8 2 3 3 1 2 397 76
865 11 16 2 5 1 4 0 3 5 55 22
866 11 1 5 6 2 0 3 1 5 4 200 42
867 3 16 2 4 3 1 4 2 222 47
868 11 12 3 6 0 1 3 2 5 4 114 54
869 12 9 4 3 0 1 3 37 42
870 3 9 6 5 5 1 4 3 2 175 16
871 8 9 2 3 1 2 4 193 68
872 8 1 7 4 4 3 1 5 342 11
873 13 14 2 5 5 2 1 4 3 163 16
874 6 14 2 5 1 2 3 5 0 270 63
83
875 12 2 1 5 5 2 0 3 1 144 100
876 3 1 3 5 1 4 3 5 2 55 41
877 14 3 1 6 5 4 1 2 0 3 141 41
878 0 11 3 6 3 4 0 1 5 2 115 50
879 3 14 2 4 3 5 0 1 114 54
880 10 11 2 5 4 1 5 0 3 444 84
881 6 16 2 5 1 0 3 2 5 85 49
882 3 16 1 6 2 1 3 5 0 4 16 76
883 6 11 1 4 3 1 5 2 91 48
884 8 3 3 6 2 4 1 3 0 5 297 56
885 8 3 5 5 2 4 3 0 1 347 80
886 10 11 2 6 2 5 0 4 3 1 231 77
887 10 3 4 3 3 4 0 272 99
888 8 11 1 4 4 1 2 3 438 27
889 14 16 2 6 0 4 1 3 2 5 111 14
890 3 2 3 5 5 2 3 0 1 232 27
891 10 2 1 3 2 0 1 50 73
892 11 12 1 5 4 5 3 2 1 92 96
893 14 11 1 3 0 1 3 118 14
894 6 16 2 5 3 2 4 5 0 130 64
895 0 12 4 3 3 0 2 157 58
896 13 16 1 4 5 0 2 3 261 72
897 12 8 3 5 5 2 4 0 3 160 29
898 12 16 2 5 2 0 1 3 5 30 91
899 12 16 1 5 1 5 3 0 4 195 50
900 10 9 1 6 5 3 1 4 0 2 254 39
901 3 14 5 6 1 2 5 0 4 3 172 38
902 6 1 1 3 0 1 4 352 24
903 14 2 5 4 3 0 4 2 149 85
904 13 9 3 6 5 2 3 4 0 1 216 60
905 8 16 2 5 4 0 5 1 3 190 45
906 8 14 3 3 4 3 2 299 92
907 13 2 1 4 1 5 2 3 128 69
908 13 11 1 3 4 0 3 331 96
909 10 2 2 6 5 2 0 3 1 4 223 76
910 11 9 3 4 5 1 3 0 112 77
911 10 8 1 4 3 1 2 0 153 12
912 12 11 9 6 5 3 0 4 1 2 105 53
913 11 9 2 5 4 0 2 3 1 104 94
914 13 9 1 4 0 5 4 2 76 43
915 0 3 3 3 1 3 0 124 11
916 10 3 3 5 2 0 4 1 3 188 58
917 0 8 2 6 3 4 2 5 1 0 172 29
918 11 1 2 4 4 5 0 1 15 65
919 3 12 3 3 2 1 5 82 87
920 10 14 1 4 2 0 4 1 302 62
921 10 16 3 5 1 4 2 3 0 60 20
922 0 1 6 6 4 0 2 1 5 3 234 71
923 13 11 3 6 5 2 1 0 3 4 191 56
924 11 12 2 4 1 2 5 3 98 11
925 6 8 2 6 0 1 5 2 3 4 265 17
926 14 16 2 4 2 4 3 0 137 53
927 13 3 2 4 3 4 5 2 95 11
928 14 2 1 3 0 4 1 235 82
929 3 16 2 4 5 3 4 1 83 40
930 10 2 5 3 1 5 2 320 59
931 12 14 2 5 2 0 3 1 4 115 86
932 11 14 2 5 4 5 0 2 3 106 36
933 0 14 1 5 4 5 3 2 0 60 89
934 14 9 2 5 1 2 4 0 5 178 86
935 11 16 3 5 0 5 2 4 3 181 99
936 11 12 2 6 4 2 3 0 5 1 87 96
937 12 3 2 5 0 4 2 5 1 88 85
938 8 9 2 6 4 0 5 2 1 3 193 89
939 0 11 1 6 3 1 4 0 2 5 210 51
940 8 14 7 6 5 2 4 1 3 0 160 11
941 14 11 2 3 2 3 1 32 21
942 3 11 4 3 3 2 1 35 16
943 11 16 3 4 5 4 0 3 174 21
944 10 16 2 5 0 2 4 3 1 156 70
945 13 2 2 5 1 5 4 2 3 232 94
946 0 14 2 5 3 4 0 1 2 149 86
947 13 9 4 6 1 5 4 0 2 3 209 77
948 3 8 3 3 1 0 5 307 38
949 3 1 2 6 0 1 5 2 3 4 160 18
950 11 1 2 4 4 3 1 5 67 85
951 14 12 2 6 3 1 0 5 4 2 32 54
952 8 2 2 4 1 5 0 4 198 33
953 0 8 2 6 5 1 3 4 2 0 217 62
954 12 8 2 4 0 5 4 3 86 28
955 14 16 2 4 0 1 2 3 243 71
956 8 16 2 3 0 2 3 249 36
957 14 12 7 5 2 4 5 1 0 30 73
90
958 14 12 2 3 1 3 4 23 46
959 13 3 1 6 1 5 3 0 2 4 137 30
960 0 1 4 6 0 4 5 3 1 2 271 64
961 10 14 1 6 5 4 1 2 3 0 246 30
962 8 1 2 5 0 3 1 5 4 178 50
963 6 2 1 5 1 3 0 4 5 311 60
964 14 1 1 6 1 4 5 3 2 0 106 76
965 10 1 1 3 3 1 4 162 25
966 6 11 1 4 1 0 4 5 32 38
967 3 11 1 6 1 3 4 5 2 0 208 83
968 0 9 1 6 2 4 1 0 5 3 110 59
969 13 12 3 3 1 3 4 62 84
970 3 9 3 6 2 5 4 1 0 3 175 29
971 3 14 2 4 1 0 5 2 210 46
972 3 12 2 6 5 2 1 3 4 0 96 89
973 8 11 3 4 5 1 4 3 287 67
974 3 16 1 6 2 1 4 5 0 3 46 85
975 12 2 1 3 3 1 0 174 59
976 11 9 3 5 3 1 2 0 5 109 25
977 11 2 1 4 1 5 4 3 309 65
978 13 9 3 4 4 3 1 0 223 82
979 13 3 2 3 3 0 1 254 85
980 10 8 1 4 4 1 5 0 69 54
981 3 9 4 6 2 5 0 1 3 4 117 49
982 3 9 1 3 2 3 5 75 40
983 0 11 5 6 3 4 0 1 5 2 115 50
984 11 1 4 4 2 5 4 0 65 24
985 6 2 1 5 0 1 4 2 3 131 58
986 10 9 7 4 0 3 5 2 75 20
987 8 16 2 5 3 0 2 4 5 212 94
988 10 3 2 3 5 2 0 115 28
989 12 9 4 5 3 2 4 5 0 224 15
990 6 12 2 3 5 0 1 44 50
991 0 11 1 4 0 2 4 3 88 13
992 11 12 1 5 4 2 1 5 0 147 21
993 14 8 1 4 5 1 3 4 124 41
994 14 3 2 4 0 4 2 5 251 38
995 10 12 1 4 5 4 1 0 261 92
996 0 11 1 3 4 1 0 59 19
997 11 8 1 4 0 1 4 2 103 78
998 10 9 2 3 2 1 0 273 89
999 0 16 1 4 5 1 2 0 277 21
1000 14 16 2 3 3 2 5 21 98
1001 14 12 4 4 2 0 5 1 232 53
1002 13 16 3 4 2 1 5 4 243 59
1003 8 1 3 5 4 2 3 1 0 282 44
1004 12 14 2 3 4 2 0 135 92
1005 6 14 3 5 5 1 0 4 2 211 29
1006 13 2 3 5 5 3 1 2 0 134 98
1007 11 16 3 5 0 5 2 4 3 181 99
1008 11 12 2 5 0 2 3 5 1 96 32
1009 8 11 2 4 2 0 5 3 235 86
1010 11 16 1 5 1 4 2 5 0 156 40
1011 11 16 5 4 5 3 1 0 119 15
1012 13 3 3 5 5 0 4 3 1 94 25
1013 0 11 2 3 3 0 5 219 75
1014 12 1 2 3 1 0 5 77 94
1015 8 9 3 4 2 1 0 3 202 20
1016 11 16 2 3 3 5 1 100 65
1017 8 3 1 5 3 5 1 2 4 249 48
1018 13 8 2 5 5 0 3 4 2 177 50
1019 11 3 5 3 0 2 1 407 36
1020 11 12 2 6 4 0 3 2 5 1 60 57
1021 8 14 1 4 0 5 2 4 183 59
1022 3 8 1 4 2 1 4 5 368 25
1023 0 1 5 6 2 5 3 0 1 4 163 89
1024 13 8 4 6 1 0 4 5 2 3 227 23
1025 0 2 3 3 0 5 1 150 86
1026 6 8 2 4 0 1 3 5 187 87
1027 14 11 1 6 2 3 4 0 1 5 59 18
1028 8 16 1 4 3 4 5 0 161 60
1029 6 9 2 3 2 3 5 156 26
1030 14 1 1 4 5 3 4 1 60 86
1031 12 8 3 4 4 2 1 3 120 38
1032 13 14 2 3 2 3 4 142 17
1033 3 9 1 3 4 3 5 169 85
1034 13 8 2 3 4 3 1 198 52
1035 3 9 2 3 4 3 5 169 85
1036 10 1 1 6 5 0 3 2 4 1 320 38
1037 13 11 4 4 3 4 1 5 139 94
1038 8 3 2 5 4 0 1 5 3 67 28
1039 8 2 7 4 2 0 5 1 554 19
1040 12 1 2 6 4 2 1 5 3 0 105 49
1041 0 11 3 5 1 3 2 0 4 142 82
1042 13 2 2 6 4 0 1 2 3 5 163 72
1043 3 9 2 5 4 2 3 5 1 145 36
1044 0 14 4 4 0 4 5 3 83 62
1045 0 1 3 4 2 4 0 3 219 17
1046 12 9 3 4 1 5 3 0 55 32
1047 13 3 3 5 3 4 0 5 1 212 31
84
1048 11 9 1 5 4 5 1 2 3 102 55
1049 12 16 2 6 1 3 5 0 4 2 223 21
1050 11 3 3 4 1 4 3 0 342 10
1051 13 16 3 5 2 5 4 3 1 33 39
1052 13 14 2 4 3 4 1 5 71 41
1053 6 3 1 3 0 5 4 62 33
1054 0 12 2 5 4 1 5 3 2 131 41
1055 6 3 3 4 3 5 4 2 353 18
1056 3 9 6 3 1 4 2 209 39
1057 10 3 2 3 3 4 0 272 99
1058 14 8 5 3 2 5 3 248 72
1059 13 11 1 6 1 2 5 3 0 4 61 77
1060 6 1 2 6 2 3 4 5 0 1 170 62
1061 11 2 2 3 5 4 0 320 58
1062 13 1 1 5 0 2 4 1 3 246 84
1063 6 8 2 4 4 3 5 0 280 30
1064 12 11 1 4 3 5 1 2 146 27
1065 6 16 3 5 3 2 4 5 0 130 64
1066 3 1 1 4 4 3 1 5 576 61
1067 6 1 2 3 2 5 0 101 14
1068 14 8 1 3 4 5 0 242 36
1069 14 2 1 6 0 2 4 5 1 3 68 62
1070 10 9 2 3 4 0 2 227 54
1071 8 16 5 5 3 0 2 4 5 212 94
1072 11 14 2 6 1 5 2 4 0 3 371 27
1073 0 3 4 4 2 4 3 5 146 51
1074 13 11 3 5 0 5 3 4 1 168 48
1075 6 2 3 4 2 5 0 1 315 73
1076 11 14 3 5 3 2 5 4 0 117 14
1077 10 14 2 5 4 2 1 3 0 204 94
1078 10 8 3 5 0 1 5 3 2 70 57
1079 0 11 3 6 4 5 0 3 2 1 152 26
1080 14 8 3 4 5 2 0 3 81 26
1081 3 12 4 6 1 2 4 0 3 5 114 97
1082 10 2 1 3 2 3 1 57 89
1083 12 14 2 6 0 4 3 2 1 5 100 94
1084 12 11 3 4 2 3 1 5 177 43
1085 12 2 2 5 1 2 0 4 5 168 56
1086 6 8 2 6 0 3 5 1 4 2 202 40
1087 0 3 3 4 2 4 3 5 146 51
1088 3 16 4 4 1 4 3 0 292 16
1089 13 2 7 3 4 3 0 176 91
1090 0 11 2 6 3 4 0 1 5 2 115 50
1091 6 1 1 5 0 5 4 3 2 215 58
1092 6 12 2 4 2 4 3 1 59 56
1093 3 12 2 3 1 0 4 86 92
1094 11 1 2 6 3 5 1 2 0 4 91 82
1095 14 12 2 4 2 4 5 0 54 70
1096 8 12 1 5 2 0 4 5 3 46 65
1097 10 2 4 4 0 2 1 4 233 48
1098 6 1 3 6 0 3 4 5 1 2 26 11
1099 0 16 3 4 2 5 3 1 56 34
1100 8 12 3 6 2 5 0 1 4 3 62 82
1101 8 12 2 5 4 3 0 1 5 68 41
1102 10 14 2 6 5 2 0 4 3 1 263 18
1103 0 11 4 3 2 3 0 132 98
1104 13 16 4 3 1 0 4 100 52
1105 12 3 2 6 5 2 1 4 3 0 13 31
1106 8 11 2 6 5 0 4 2 1 3 92 29
1107 14 8 3 3 0 5 2 70 61
1108 13 1 1 4 4 3 0 2 183 30
1109 0 1 2 4 1 3 2 4 179 55
1110 11 14 2 6 2 5 1 0 4 3 118 16
1111 6 11 1 3 0 1 5 96 17
1112 13 14 3 5 5 2 1 4 3 163 16
1113 8 2 2 6 4 2 1 0 3 5 146 74
1114 14 8 2 3 2 5 4 291 46
1115 0 8 1 6 5 1 3 4 2 0 217 62
1116 3 2 2 6 5 4 0 1 2 3 305 57
1117 11 9 4 4 5 1 3 0 112 77
1118 11 16 1 6 5 3 2 0 1 4 215 62
1119 8 3 2 6 2 0 3 5 1 4 126 89
1120 12 14 2 3 1 4 2 113 41
1121 3 12 1 3 3 1 4 28 19
1122 6 14 1 6 0 1 2 5 3 4 28 36
1123 12 16 4 6 2 3 4 1 0 5 132 45
1124 0 14 2 3 2 5 3 94 38
1125 13 16 2 3 3 1 4 73 21
1126 8 2 4 4 2 0 5 1 554 19
1127 12 9 2 3 3 5 0 10 62
1128 11 1 3 5 1 4 3 2 0 139 50
1129 13 16 3 3 4 2 3 242 72
1130 6 16 2 5 5 0 2 1 4 207 60
1131 6 3 5 5 0 4 5 1 3 215 78
99
1132 14 16 1 6 1 0 3 4 2 5 178 49
1133 10 1 3 6 1 2 5 4 3 0 393 80
1134 13 9 1 4 0 5 4 2 76 43
1135 14 12 1 6 4 1 2 5 0 3 58 15
1136 8 14 1 6 4 0 2 5 3 1 87 84
1137 6 9 2 4 0 1 3 4 154 13
1138 10 2 2 6 1 2 0 4 3 5 127 73
1139 12 1 1 5 2 4 3 5 1 119 88
1140 14 8 1 3 0 5 2 70 61
1141 10 8 3 4 3 1 2 0 153 12
1142 3 12 1 5 2 0 1 4 3 78 45
1143 3 8 2 5 2 3 4 0 5 26 43
1144 14 12 3 4 4 1 2 3 131 64
1145 12 14 2 5 0 3 5 2 4 35 17
1146 13 12 2 5 0 1 4 2 5 137 11
1147 6 9 2 6 3 1 0 5 4 2 149 83
1148 8 9 5 3 2 0 4 219 43
1149 0 14 4 3 5 4 0 85 41
1150 3 11 1 3 0 2 1 147 31
1151 13 11 1 5 2 1 4 0 3 72 12
1152 6 12 1 3 1 0 2 71 16
1153 3 2 3 4 1 2 3 5 181 89
1154 11 16 2 3 5 4 1 77 29
1155 8 9 3 3 4 3 2 211 61
1156 14 3 3 3 2 4 1 149 15
1157 10 14 1 4 2 0 3 5 209 23
1158 10 9 2 3 2 1 4 221 91
1159 11 14 6 5 3 2 5 4 0 117 14
1160 8 9 2 4 2 1 0 3 202 20
1161 3 16 6 4 0 2 5 4 169 62
1162 3 14 2 4 1 0 4 5 146 22
1163 8 12 7 5 0 1 2 3 5 216 22
1164 0 1 5 4 1 0 2 5 208 27
1165 12 8 2 6 0 1 3 4 2 5 69 32
1166 11 3 6 6 0 5 3 1 4 2 154 90
1167 14 16 3 4 4 3 1 5 109 96
1168 12 16 1 6 3 4 1 2 0 5 142 10
1169 3 14 2 3 5 2 3 62 51
1170 13 16 1 5 0 2 3 1 4 194 55
1171 10 9 2 5 1 0 5 4 3 138 84
1172 10 8 2 4 4 1 5 0 69 54
1173 13 3 1 6 1 5 3 0 2 4 137 30
1174 6 12 1 4 0 1 5 2 40 60
1175 14 2 4 4 2 5 1 4 158 71
1176 11 1 2 6 1 5 4 0 2 3 91 31
1177 0 16 2 3 4 0 3 171 19
1178 0 16 2 5 2 0 5 3 1 203 87
1179 8 9 2 3 1 4 2 147 69
1180 13 11 1 4 2 3 0 1 150 41
1181 0 3 1 5 5 0 3 4 1 62 96
1182 13 8 1 6 0 1 2 5 4 3 64 38
1183 8 12 3 3 4 2 5 123 13
1184 0 8 6 3 1 0 5 43 39
1185 3 9 1 3 4 3 5 169 85
1186 14 16 14 3 1 4 5 152 86
1187 14 1 2 6 1 4 5 3 2 0 106 76
1188 10 16 1 3 3 5 2 151 20
1189 6 11 1 6 1 4 0 2 5 3 188 47
1190 14 12 2 6 4 1 2 5 0 3 58 15
1191 10 16 7 6 2 1 4 5 0 3 118 45
1192 8 3 1 3 0 2 4 179 73
1193 6 16 2 3 1 0 4 184 46
1194 13 12 6 5 1 3 0 4 5 67 76
1195 14 9 3 4 3 5 4 0 183 11
1196 11 12 1 5 1 0 4 2 5 65 78
1197 8 16 3 3 0 2 3 249 36
1198 10 8 1 4 0 5 4 2 497 36
1199 13 3 4 4 1 3 0 2 227 29
1200 14 3 5 3 1 5 2 132 21
1201 10 8 4 3 1 0 5 330 73
1202 3 12 6 3 3 1 4 28 19
1203 13 14 4 4 5 3 2 1 59 47
1204 3 12 2 3 1 0 4 86 92
1205 11 1 3 6 3 1 2 0 4 5 351 88
1206 0 8 2 3 3 5 2 181 72
1207 14 9 1 4 4 2 3 0 194 36
1208 12 3 6 4 2 3 0 4 69 39
1209 6 12 2 4 0 1 5 2 40 60
1210 8 12 2 3 4 2 5 123 13
1211 13 1 2 3 3 4 1 201 28
1212 10 11 2 6 2 5 1 3 4 0 95 17
1213 8 1 7 6 1 2 4 0 3 5 180 85
1214 3 9 2 5 5 1 4 3 2 175 16
1215 3 12 4 5 1 0 2 4 3 131 40
1216 11 9 2 6 3 2 1 4 0 5 49 63
1217 12 3 2 5 3 1 0 4 2 58 76
1218 6 3 1 5 4 1 0 2 5 22 90
1219 12 14 1 3 5 1 2 114 11
1220 3 11 2 4 2 1 0 4 322 56
1221 10 8 2 5 1 0 3 4 5 125 11
1222 14 12 2 4 2 1 4 5 167 72
1223 8 16 3 5 5 4 1 2 3 169 40
1224 0 2 2 3 0 5 1 150 86
1225 0 14 1 4 0 4 5 3 83 62
1226 13 2 6 4 4 2 0 5 356 77
1227 3 2 2 6 0 1 4 2 5 3 372 65
1228 11 14 2 5 4 5 0 2 3 106 36
1229 10 9 2 6 2 3 1 5 4 0 168 74
1230 10 9 6 5 5 4 3 0 1 95 48
102
1231 11 8 3 5 0 4 3 2 5 85 69
1232 8 12 1 4 2 4 5 3 189 12
1233 12 1 2 3 1 0 5 77 94
1234 10 9 2 6 2 3 1 5 4 0 168 74
1235 6 1 1 3 0 1 4 352 24
1236 8 1 5 4 4 3 1 5 342 11
1237 6 9 1 4 1 2 3 4 32 39
1238 13 8 1 3 4 3 1 198 52
1239 3 1 2 4 1 5 4 2 432 76
1240 0 11 2 5 1 3 2 0 4 142 82
1241 12 9 1 5 3 2 4 5 0 224 15
1242 0 1 1 3 2 3 5 230 70
1243 14 12 1 6 3 5 4 1 2 0 122 40
1244 13 16 5 3 5 0 2 183 63
1245 6 8 2 4 4 1 2 3 159 39
1246 8 2 6 4 1 4 3 2 178 39
1247 6 12 2 4 0 1 5 2 40 60
1248 12 14 1 4 1 2 0 3 91 77
1249 12 16 1 3 0 4 2 32 28
1250 11 3 3 6 0 5 3 1 4 2 154 90
1251 6 14 1 6 5 2 4 3 0 1 199 86
1252 8 2 1 3 4 0 1 462 57
1253 12 3 3 6 5 2 1 4 0 3 80 16
1254 8 14 1 6 5 2 4 1 3 0 160 11
1255 11 3 5 6 3 2 4 0 1 5 20 87
1256 13 8 4 6 0 1 2 5 4 3 64 38
1257 6 2 4 5 1 3 0 4 5 311 60
1258 14 1 3 4 0 3 1 4 228 13
1259 6 8 2 6 0 2 3 5 4 1 174 39
1260 10 12 3 4 0 2 1 4 148 63
1261 10 14 2 4 0 5 2 1 42 48
1262 12 9 1 4 4 2 3 5 124 42
1263 10 3 3 6 0 3 5 1 4 2 238 69
1264 3 9 2 6 5 1 0 3 4 2 162 90
1265 3 9 3 3 5 1 3 89 51
1266 6 16 2 3 1 0 4 184 46
1267 6 1 2 5 4 2 1 3 5 98 37
1268 13 9 2 6 5 2 3 4 0 1 216 60
1269 11 3 1 3 3 0 2 195 17
1270 13 16 2 5 2 4 1 3 0 261 70
1271 3 8 2 3 4 3 2 363 20
1272 13 16 2 6 4 0 5 2 1 3 290 43
1273 11 1 2 5 5 3 2 0 1 40 34
1274 14 9 2 4 1 2 3 4 33 97
1275 12 2 4 3 5 0 4 124 53
1276 6 3 2 3 4 3 2 163 69
1277 14 9 1 4 2 4 3 5 170 59
1278 0 11 3 6 5 4 3 2 1 0 320 93
1279 13 1 1 3 3 0 2 204 12
1280 14 11 2 6 2 3 1 4 5 0 120 37
1281 14 1 3 3 4 0 5 166 91
1282 8 9 3 4 2 4 0 5 65 86
1283 3 14 2 3 0 5 3 140 16
1284 13 1 3 6 3 4 1 5 2 0 157 51
1285 0 2 3 5 5 0 3 4 2 238 77
1286 13 8 2 3 1 4 3 204 52
1287 8 2 3 6 4 2 1 0 3 5 146 74
1288 0 11 3 6 0 4 1 2 5 3 148 11
1289 0 8 2 4 5 2 0 4 138 23
1290 0 3 2 3 0 1 3 150 31
1291 3 11 2 3 3 2 1 35 16
1292 3 12 4 3 4 2 0 72 70
1293 10 3 2 3 2 0 1 356 12
1294 13 8 1 5 3 2 5 1 0 270 77
1295 13 12 3 3 1 3 4 62 84
1296 14 9 1 3 4 0 3 335 69
1297 14 2 2 6 2 1 0 4 5 3 144 42
1298 3 2 3 5 1 4 2 0 3 521 13
1299 8 2 2 6 4 5 1 3 2 0 483 97
1300 12 3 3 6 5 1 2 3 4 0 33 87
1301 0 2 3 5 5 4 2 0 1 169 96
1302 0 3 3 3 0 1 3 150 31
1303 6 16 2 4 0 1 2 4 46 63
1304 0 12 6 3 1 0 2 97 61
1305 11 2 3 3 5 4 0 255 44
1306 14 9 3 4 2 4 3 5 170 59
1307 11 12 2 5 0 2 3 5 1 96 32
1308 0 2 2 5 4 0 3 2 1 133 62
1309 13 9 5 4 3 4 2 0 214 34
1310 14 11 4 6 5 4 3 2 0 1 206 59
1311 10 11 3 6 2 5 0 4 3 1 231 77
1312 0 9 4 6 2 0 1 4 3 5 144 61
1313 0 3 2 6 1 5 2 0 3 4 45 97
1314 8 12 4 5 1 0 4 3 2 14 36
1315 8 3 2 3 4 5 3 415 69
1316 11 1 3 3 5 0 1 305 79
1317 13 11 3 3 2 3 4 202 68
1318 6 2 4 3 4 5 3 168 76
1319 14 9 2 5 5 4 0 2 3 96 13
1320 10 12 3 6 2 3 5 0 4 1 34 43
1321 3 16 2 5 4 0 5 3 1 104 36
1322 11 9 4 5 2 1 3 4 5 163 37
1323 6 3 3 3 2 0 5 432 34
1324 6 8 2 6 3 4 0 1 5 2 262 16
1325 3 16 3 3 2 3 1 112 52
1326 0 1 3 6 3 2 1 0 4 5 191 84
1327 12 14 2 6 0 1 2 4 5 3 223 71
1328 0 8 3 6 2 1 3 0 4 5 55 73
1329 6 3 2 4 3 5 4 1 189 59
1330 0 11 4 4 1 5 3 2 70 25
1331 13 9 5 4 2 5 1 3 29 68
1332 3 9 5 5 4 3 0 2 5 64 85
110
1333 10 11 1 6 4 3 1 5 2 0 170 56
1334 3 1 1 4 0 4 1 5 51 71
1335 6 11 1 5 2 3 0 5 4 185 40
1336 14 16 4 4 1 4 5 2 178 29
1337 12 16 1 5 1 5 3 0 4 195 50
1338 6 14 1 3 2 3 0 68 54
1339 0 16 4 6 1 5 4 2 0 3 125 16
1340 8 14 3 3 4 3 2 299 92
1341 11 12 1 3 0 1 2 100 64
1342 8 1 1 5 4 2 3 1 0 282 44
1343 6 2 2 4 0 2 4 1 265 78
1344 14 11 6 5 4 3 2 5 1 146 89
1345 13 9 3 4 0 4 5 1 86 58
1346 6 1 1 5 4 5 2 1 3 340 67
1347 11 2 3 6 0 3 1 2 4 5 440 51
1348 3 11 1 6 1 3 4 5 2 0 208 83
1349 12 2 2 4 4 5 2 3 212 77
1350 13 16 4 3 4 0 2 123 43
1351 13 11 4 5 3 1 2 0 5 178 51
1352 3 12 1 5 3 2 0 4 1 136 13
1353 0 12 3 4 4 1 3 0 53 45
1354 12 16 1 6 1 5 0 2 4 3 48 91
1355 8 12 2 4 4 3 0 1 124 80
1356 10 16 2 5 4 1 3 0 2 110 25
1357 0 1 1 4 2 4 0 3 219 17
1358 13 9 4 6 0 4 2 5 1 3 108 64
1359 6 12 4 5 2 5 1 3 4 63 36
1360 13 2 7 4 0 3 1 4 182 98
1361 11 2 1 4 5 4 2 3 659 82
1362 13 9 2 6 1 5 4 0 2 3 209 77
1363 14 16 1 6 4 5 3 0 1 2 274 75
1364 3 9 2 6 2 5 4 1 0 3 175 29
1365 13 2 1 3 0 2 5 138 98
1366 14 3 3 4 3 4 2 0 93 46
1367 0 2 2 5 5 0 3 4 2 238 77
1368 6 16 2 6 1 5 3 4 0 2 154 18
1369 3 8 2 3 4 3 2 363 20
1370 13 8 2 6 3 0 4 5 1 2 234 68
1371 8 12 3 5 2 5 0 1 4 180 13
1372 14 2 2 4 4 2 3 0 163 41
1373 0 2 2 5 5 4 2 0 1 169 96
1374 14 12 1 5 2 4 5 1 0 30 73
1375 3 9 1 4 0 3 5 1 61 89
1376 0 1 1 3 5 1 0 118 84
1377 14 3 4 3 0 2 5 292 61
1378 8 1 3 3 4 5 2 614 29
1379 10 16 1 3 3 5 2 151 20
1380 6 9 2 5 3 2 1 0 4 107 36
1381 10 1 2 5 4 0 2 1 5 323 22
1382 3 9 1 4 5 4 3 1 92 34
1383 3 11 1 6 3 0 5 1 4 2 253 69
1384 12 16 1 4 5 3 0 1 27 81
1385 10 16 2 3 5 0 3 32 83
1386 12 9 2 3 2 3 4 161 99
1387 11 3 1 5 1 5 3 0 2 217 60
1388 6 8 2 3 2 5 3 102 15
1389 10 9 1 5 1 4 2 5 3 72 58
1390 6 1 2 6 2 3 4 5 0 1 170 62
1391 10 16 4 5 1 4 2 3 0 60 20
1392 11 8 2 3 4 2 1 400 91
1393 0 2 2 3 0 5 1 150 86
1394 0 3 4 3 1 3 0 124 11
1395 8 9 2 5 5 0 3 1 2 132 77
1396 12 9 3 5 4 0 5 3 2 185 11
1397 0 1 2 3 0 4 2 156 84
1398 10 9 1 5 5 4 3 0 1 95 48
1399 8 1 1 5 0 3 1 5 4 178 50
1400 8 14 1 4 2 0 4 1 80 13
1401 14 8 3 6 3 2 1 4 0 5 171 28
1402 3 8 2 3 4 3 2 363 20
1403 13 2 4 4 4 2 0 5 356 77
1404 6 11 3 6 0 2 4 5 3 1 141 73
1405 8 14 2 4 0 5 2 4 183 59
1406 8 9 2 6 5 0 2 4 1 3 243 67
1407 12 14 2 6 0 4 3 2 1 5 100 94
1408 0 8 2 5 1 0 3 2 4 262 74
1409 8 12 3 5 1 2 4 3 0 136 69
1410 12 3 2 6 0 1 2 4 3 5 77 89
1411 12 16 2 5 1 2 3 0 4 198 45
1412 8 3 5 3 1 2 0 278 50
1413 6 12 3 5 4 0 3 1 2 69 59
1414 12 11 2 5 3 0 1 2 4 67 78
1415 10 3 2 6 4 3 2 0 5 1 118 65
1416 10 14 6 4 5 3 0 1 210 56
1417 11 16 1 3 5 4 0 25 48
1418 13 11 3 4 5 0 3 4 117 30
1419 3 12 1 6 2 5 3 0 1 4 100 97
1420 3 2 2 3 1 3 4 168 75
1421 8 12 3 4 2 4 5 3 189 12
1422 10 9 2 3 4 5 2 38 21
1423 6 16 2 6 0 3 2 5 4 1 79 36
1424 0 8 5 6 3 0 1 4 2 5 155 71
1425 10 16 2 6 1 3 5 2 4 0 50 84
1426 6 11 4 3 3 5 0 241 63
1427 6 16 4 5 4 3 2 5 0 277 68
1428 14 3 4 3 0 2 5 292 61
1429 11 2 2 5 4 0 3 1 5 325 82
1430 3 8 3 5 0 1 2 5 4 391 31
1431 14 2 1 6 2 1 0 4 5 3 144 42
1432 12 11 2 5 1 5 3 4 2 135 55
1433 11 12 5 6 1 4 5 3 2 0 269 90
1434 11 12 4 6 1 4 5 3 2 0 269 90
1435 13 2 2 3 4 3 0 176 91
1436 6 3 6 3 2 0 1 286 34
1437 12 2 2 3 1 5 4 129 38
1438 8 16 3 6 5 3 0 4 1 2 140 98
1439 12 16 3 6 0 4 5 2 1 3 196 92
1440 0 8 2 4 5 2 0 4 138 23
1441 8 12 5 5 3 5 1 0 2 102 68
1442 14 11 2 5 4 0 3 5 2 46 72
97
1443 6 16 1 5 1 0 3 2 5 85 49
1444 14 11 3 5 4 3 2 5 1 146 89
1445 13 8 4 6 0 2 4 1 5 3 361 51
1446 10 14 5 4 0 5 4 1 226 19
1447 14 3 3 6 1 0 4 5 3 2 229 100
1448 6 11 1 5 5 2 1 4 0 172 66
1449 8 12 1 4 2 4 5 3 189 12
1450 0 1 1 3 2 3 5 230 70
1451 10 8 2 6 4 1 2 3 5 0 31 34
1452 11 1 1 6 1 5 4 0 2 3 91 31
1453 6 9 2 4 0 1 3 4 268 53
1454 6 8 3 4 0 1 3 5 187 87
1455 10 11 11 3 0 4 5 208 65
1456 12 8 1 6 5 4 1 3 2 0 112 66
1457 0 3 1 4 1 4 3 2 56 44
1458 0 1 1 3 5 1 0 129 28
1459 11 8 1 6 3 2 4 1 5 0 93 64
1460 0 1 1 5 3 2 4 0 5 69 100
1461 10 11 1 5 1 0 4 3 5 166 54
1462 10 9 1 5 5 4 3 0 1 95 48
1463 10 2 1 4 5 4 1 0 277 67
1464 13 12 3 5 0 1 5 4 2 180 48
1465 14 11 3 5 4 0 3 5 2 46 72
1466 6 1 2 6 1 3 0 4 2 5 273 21
1467 11 8 2 3 4 2 1 400 91
1468 0 1 1 6 3 2 1 0 4 5 191 84
1469 11 12 1 4 3 0 1 2 225 79
1470 11 12 1 5 4 2 1 5 0 147 21
1471 13 12 7 6 2 4 3 0 1 5 85 52
1472 3 16 3 4 0 4 5 1 58 24
1473 0 9 1 6 3 2 4 0 5 1 114 71
1474 10 14 1 5 3 1 2 4 5 290 65
1475 3 1 2 3 5 4 2 273 48
1476 6 16 2 6 2 3 0 5 4 1 230 28
1477 13 2 2 4 2 0 1 4 206 12
1478 3 2 2 3 4 0 1 363 18
1479 6 1 3 6 2 5 1 0 3 4 231 75
1480 6 14 9 3 1 4 5 322 60
1481 8 16 2 3 0 2 3 249 36
1482 11 2 3 6 0 3 1 2 4 5 440 51
1483 0 3 1 4 0 3 1 4 101 62
1484 14 2 2 5 1 5 0 4 2 180 86
1485 11 12 5 6 0 1 3 2 5 4 114 54
1486 6 12 1 6 3 0 5 4 1 2 126 57
1487 13 3 1 4 1 3 0 2 227 29
1488 11 8 2 6 1 2 4 0 5 3 74 23
1489 8 16 5 4 3 4 5 0 161 60
1490 10 16 3 6 5 2 0 3 1 4 139 44
1491 11 1 1 6 5 3 2 0 4 1 352 18
1492 14 1 2 6 4 0 5 2 3 1 160 23
1493 11 14 1 3 1 0 5 261 82
1494 3 9 1 4 0 3 1 5 141 94
1495 0 2 2 3 4 0 1 244 52
1496 6 8 5 5 3 5 4 1 2 105 36
1497 11 16 7 4 5 3 1 0 119 15
1498 13 11 3 4 2 3 0 1 150 41
1499 0 12 1 5 2 5 1 0 4 131 32
1500 13 9 4 6 0 4 2 5 1 3 108 64
1501 11 12 3 5 1 5 0 3 2 41 43
1502 14 1 3 4 0 3 1 4 228 13
1503 0 14 5 6 1 0 4 3 5 2 62 41
1504 10 16 3 3 5 0 3 32 83
1505 13 9 2 5 4 0 2 1 5 222 81
1506 3 11 2 3 3 2 1 35 16
1507 3 14 2 5 5 3 4 0 2 86 59
1508 10 8 1 4 0 5 4 2 497 36
1509 6 3 3 3 2 0 5 432 34
1510 12 2 4 3 3 1 0 174 59
1511 12 14 3 3 1 5 3 175 44
1512 14 8 2 4 4 5 1 2 268 30
1513 10 16 3 3 2 1 4 129 63
1514 10 3 2 3 2 5 4 309 28
1515 0 14 2 3 5 1 3 272 11
1516 13 12 2 3 1 3 4 62 84
1517 14 11 2 3 0 1 3 118 14
1518 10 11 2 5 2 4 1 5 3 377 39
1519 11 8 8 4 3 5 4 1 44 58
1520 0 2 3 3 0 2 3 133 99
1521 0 3 2 4 4 2 1 0 66 14
1522 6 16 3 3 2 4 3 22 68
1523 6 2 1 3 3 0 2 144 10
1524 14 11 3 6 2 4 3 1 5 0 217 77
1525 11 12 3 5 1 5 0 3 2 41 43
1526 14 11 3 3 1 5 3 63 14
1527 6 9 2 3 1 2 4 139 21
1528 0 14 2 3 5 3 4 146 38
1529 14 3 3 6 1 0 4 5 3 2 229 100
1530 8 9 2 6 0 1 5 3 4 2 162 79
1531 11 16 2 3 5 0 1 197 67
1532 6 1 2 6 1 0 2 5 3 4 199 60
1533 14 3 3 3 4 2 5 506 23
1534 0 9 7 4 1 0 5 4 169 22
1535 0 12 2 6 1 2 5 3 4 0 69 46
1536 3 1 6 6 0 1 2 4 3 5 438 65
1537 3 16 2 5 0 3 5 1 4 182 52
1538 12 16 2 4 2 1 3 0 101 10
1539 10 2 2 6 5 1 2 3 4 0 10 100
105
1540 13 9 1 4 3 5 2 1 111 52
1541 10 14 1 4 5 3 0 1 210 56
1542 13 1 6 5 3 0 1 4 5 218 68
1543 12 1 1 4 3 4 2 1 130 25
1544 6 8 2 3 0 5 3 262 83
1545 14 12 3 6 5 2 3 0 4 1 114 98
1546 6 1 3 4 5 2 4 3 253 79
1547 12 8 1 5 3 4 0 1 2 215 33
1548 13 8 2 4 5 2 3 0 193 46
1549 13 11 3 6 2 0 3 4 1 5 173 12
1550 8 9 1 4 2 1 0 3 202 20
1551 11 8 3 5 4 1 0 3 2 310 77
1552 12 16 2 5 3 4 2 5 0 116 56
1553 6 2 2 3 3 0 2 144 10
1554 14 11 2 6 2 4 3 1 5 0 217 77
1555 10 8 1 3 5 2 0 200 45
1556 13 14 1 4 3 4 1 5 71 41
1557 8 2 2 4 5 2 1 4 155 86
1558 0 9 1 6 3 2 4 0 5 1 114 71
1559 10 9 1 5 1 0 5 4 3 138 84
1560 3 11 2 5 5 1 2 4 3 121 66
1561 14 12 1 4 5 1 3 0 110 88
1562 11 1 2 6 5 3 2 0 4 1 352 18
1563 11 14 4 5 4 5 0 2 3 106 36
1564 10 14 3 5 1 4 5 3 2 256 25
1565 0 8 3 6 0 5 3 2 1 4 224 32
1566 14 16 1 4 5 1 3 4 235 38
1567 6 16 2 3 1 0 4 184 46
1568 3 11 1 5 1 5 2 0 3 212 73
1569 3 8 2 3 3 1 2 151 79
1570 14 1 1 3 5 4 3 121 66
1571 10 3 1 3 1 4 3 353 92
1572 6 12 1 5 1 4 5 3 0 133 65
1573 12 14 2 4 4 2 1 0 146 18
1574 10 12 5 3 5 0 2 36 35
1575 13 1 4 5 0 2 4 1 3 246 84
1576 14 11 2 6 3 1 2 5 0 4 174 16
1577 12 16 5 3 1 0 4 62 67
1578 8 1 1 4 4 3 1 5 342 11
1579 0 8 2 4 5 2 0 4 138 23
1580 10 3 2 6 0 3 5 1 4 2 238 69
1581 6 9 2 4 0 3 4 2 114 42
1582 0 16 6 5 2 0 5 3 1 203 87
1583 11 12 1 5 1 5 0 3 2 41 43
1584 8 11 1 4 1 5 4 3 135 76
1585 12 8 2 6 0 1 3 4 2 5 69 32
1586 3 2 3 5 2 1 5 0 3 70 51
1587 6 9 2 6 3 2 4 0 5 1 136 35
1588 11 8 5 5 1 0 3 2 4 169 26
1589 10 8 8 3 5 2 0 200 45
1590 13 8 3 6 0 2 4 1 5 3 361 51
1591 8 14 3 6 0 5 3 4 1 2 140 35
1592 6 16 1 6 2 3 0 5 4 1 230 28
1593 0 9 2 6 4 5 3 1 2 0 111 47
1594 3 9 3 6 0 1 3 4 2 5 52 94
1595 12 3 1 6 0 1 2 4 3 5 77 89
1596 8 12 2 6 3 5 1 2 4 0 145 30
1597 8 11 3 3 3 2 4 167 47
1598 13 16 4 5 4 5 2 3 1 129 91
1599 3 14 5 4 1 0 4 5 146 22
1600 10 3 3 5 1 5 3 4 0 198 93
1601 10 12 1 4 0 4 5 1 165 42
1602 0 3 3 6 2 3 0 1 5 4 202 63
1603 3 16 2 5 2 5 4 0 3 92 67
1604 12 14 3 3 0 5 3 168 84
1605 13 9 3 6 5 2 1 0 3 4 101 43
1606 13 14 2 5 0 3 5 1 4 142 77
1607 0 3 2 5 5 0 3 4 1 62 96
1608 13 16 1 4 2 3 5 0 55 27
1609 6 14 1 6 3 0 4 5 1 2 151 59
1610 0 8 2 6 3 4 2 0 1 5 51 24
1611 10 16 2 5 0 2 4 3 1 156 70
1612 8 12 3 5 0 1 2 3 5 216 22
1613 8 12 2 5 1 2 4 3 0 136 69
1614 13 2 6 5 4 1 0 5 3 258 47
1615 3 9 2 3 5 1 3 89 51
1616 11 12 3 6 0 1 3 2 5 4 114 54
1617 8 12 3 3 5 2 0 87 98
1618 12 2 1 5 5 2 0 3 1 144 100
1619 0 2 7 3 0 2 3 133 99
1620 12 11 2 4 4 2 0 1 141 47
1621 12 16 15 6 3 0 2 5 4 1 185 18
1622 3 8 1 4 2 1 4 5 368 25
1623 11 16 1 4 1 4 0 2 221 24
1624 6 2 2 3 0 2 1 101 13
1625 6 14 11 5 5 4 1 3 0 70 97
1626 0 1 2 3 1 0 4 68 60
1627 8 16 2 4 2 0 4 3 260 53
1628 14 9 3 6 4 3 5 1 0 2 73 44
1629 3 16 2 6 1 3 0 5 4 2 60 50
1630 3 11 2 6 3 0 5 1 4 2 253 69
1631 3 9 2 6 5 1 0 3 4 2 162 90
1632 14 16 2 4 5 1 3 4 235 38
1633 12 1 4 5 2 4 3 5 1 119 88
1634 12 2 4 5 5 3 1 4 2 222 49
1635 3 8 2 3 5 2 0 114 67
1636 8 3 1 5 1 4 5 0 3 154 29
1637 3 9 5 6 0 5 1 2 3 4 104 88
1638 10 14 2 4 2 4 5 0 184 38
1639 3 12 3 3 5 1 2 139 60
1640 10 9 2 6 0 4 1 5 3 2 249 74
1641 13 9 3 5 3 0 1 4 2 35 60
1642 13 2 3 4 0 2 3 5 84 76
1643 13 12 2 6 3 1 5 4 0 2 13 58
1644 8 2 2 3 0 5 4 558 66
88
1645 14 11 2 5 4 0 3 5 2 46 72
1646 12 9 1 4 3 4 0 1 102 14
1647 3 1 1 6 4 1 2 3 5 0 498 79
1648 3 8 6 3 1 0 5 307 38
1649 14 11 3 5 4 0 3 5 2 46 72
1650 12 3 5 4 2 3 0 4 69 39
1651 10 12 1 3 2 4 3 137 46
1652 8 9 1 6 4 0 5 2 1 3 193 89
1653 12 2 2 5 1 2 0 4 5 168 56
1654 8 3 1 3 4 2 1 37 98
1655 3 1 1 5 4 3 0 1 2 448 37
1656 12 3 1 4 2 3 0 4 69 39
1657 10 8 3 5 0 1 4 5 3 13 29
1658 12 9 1 3 2 0 4 153 94
1659 13 3 1 3 1 2 4 68 58
1660 3 12 2 6 0 1 5 3 2 4 72 41
1661 11 12 1 6 2 4 3 5 1 0 201 70
1662 11 9 2 5 5 2 0 4 1 284 52
1663 3 11 4 3 0 2 5 367 71
1664 0 8 1 3 2 5 0 149 69
1665 3 8 1 4 4 1 3 0 447 80
1666 10 9 1 5 3 5 4 2 0 184 41
1667 0 1 3 3 3 1 2 217 78
1668 6 16 1 6 2 3 0 5 4 1 230 28
1669 10 1 1 3 2 3 1 304 56
1670 0 9 2 4 4 0 1 3 187 15
1671 12 3 1 6 5 1 2 3 4 0 33 87
1672 8 11 2 6 2 0 1 3 4 5 92 95
1673 13 1 3 5 0 5 4 1 3 83 40
1674 11 8 1 3 1 5 3 149 13
1675 14 12 5 6 3 1 0 5 4 2 32 54
1676 11 14 1 6 1 3 4 2 5 0 204 41
1677 3 12 2 3 3 4 1 72 78
1678 8 2 2 4 1 4 3 2 178 39
1679 11 14 2 5 3 4 2 5 1 252 92
1680 13 12 1 5 1 3 0 4 5 67 76
1681 10 14 7 4 2 0 3 5 209 23
1682 8 14 2 6 0 4 3 1 5 2 354 73
1683 6 9 1 4 0 1 3 4 268 53
1684 12 14 1 3 1 4 2 113 41
1685 13 2 1 3 2 3 4 215 42
1686 8 12 4 5 3 5 1 0 2 102 68
1687 10 14 2 6 2 0 3 1 5 4 159 97
1688 6 9 3 5 4 3 5 1 2 118 41
1689 3 16 2 5 4 0 5 3 1 104 36
1690 13 14 2 4 5 3 1 0 174 79
1691 0 1 1 4 0 4 3 1 228 41
1692 0 11 5 5 0 1 3 5 2 139 64
1693 10 9 3 5 3 5 4 2 0 184 41
1694 14 1 4 3 5 4 0 254 69
1695 8 1 5 3 2 3 4 315 22
1696 10 8 3 5 0 1 4 5 3 13 29
1697 3 14 3 3 5 2 3 62 51
1698 13 1 1 5 1 3 2 5 0 242 49
1699 12 1 4 6 3 1 5 4 2 0 117 87
1700 0 9 4 3 2 1 4 220 55
1701 6 1 2 6 5 2 0 4 1 3 155 74
1702 14 11 3 3 2 3 1 32 21
1703 8 16 2 4 2 0 4 3 260 53
1704 3 9 2 5 4 3 0 2 5 64 85
1705 3 14 4 3 3 5 0 163 31
1706 8 14 1 4 3 4 2 0 232 72
1707 0 14 1 6 1 0 4 3 5 2 62 41
1708 14 1 5 4 5 3 4 1 60 86
1709 11 3 3 3 1 3 5 326 96
1710 11 9 2 4 0 3 1 2 49 56
1711 0 3 3 3 5 1 0 24 96
1712 6 11 3 3 3 5 0 241 63
1713 14 12 3 3 4 0 5 231 74
1714 0 2 2 4 3 0 2 4 270 75
1715 0 9 1 4 0 2 3 4 172 11
1716 3 14 3 4 3 5 0 1 114 54
1717 8 9 3 3 2 0 4 219 43
1718 11 9 2 5 4 5 1 2 3 102 55
1719 0 11 5 4 1 5 3 2 70 25
1720 3 1 2 6 0 5 1 2 4 3 275 36
1721 10 12 4 6 5 0 3 2 1 4 112 86
1722 8 2 1 6 4 2 1 0 3 5 146 74
1723 12 3 2 4 5 0 3 1 98 97
1724 8 14 2 6 3 1 2 4 0 5 223 47
1725 6 2 5 5 2 0 4 3 1 196 58
1726 13 9 4 4 0 4 5 1 86 58
1727 3 16 2 4 0 3 5 1 116 12
1728 0 11 2 5 1 2 0 5 3 42 99
1729 11 14 3 3 2 5 3 292 82
1730 12 16 14 5 1 5 3 0 4 195 50
1731 8 9 2 6 0 1 5 3 4 2 162 79
1732 10 9 4 6 1 2 5 3 0 4 170 42
85
1733 14 9 1 6 2 0 5 4 3 1 135 19
1734 12 1 5 4 1 4 5 3 96 79
1735 14 8 2 3 0 5 4 197 10
1736 12 3 1 4 5 0 1 4 33 100
1737 8 16 1 3 3 4 0 175 10
1738 14 3 2 5 2 1 0 3 5 192 46
1739 6 16 3 3 4 3 0 236 15
1740 14 8 2 6 3 2 1 4 0 5 171 28
1741 11 9 3 4 0 4 1 5 84 28
1742 12 14 1 3 1 4 2 113 41
1743 14 11 1 5 0 2 1 3 4 233 12
1744 6 12 2 6 3 0 4 1 5 2 92 58
1745 0 11 1 3 2 3 0 132 98
1746 10 16 2 5 0 2 4 3 1 156 70
1747 3 8 3 6 1 0 2 5 4 3 32 70
1748 14 2 2 4 4 2 3 0 163 41
1749 11 12 1 3 5 3 4 120 44
1750 10 14 1 5 1 4 5 3 2 256 25
1751 10 11 1 6 4 3 1 5 2 0 170 56
1752 6 16 4 6 1 5 3 4 0 2 154 18
1753 3 2 1 6 3 5 2 0 1 4 344 44
1754 11 3 3 5 2 5 3 0 1 319 62
1755 12 2 1 3 3 4 1 132 96
1756 14 1 2 3 5 4 3 121 66
1757 3 9 5 4 2 1 4 5 133 86
1758 8 14 3 4 0 5 2 4 183 59
1759 0 1 1 3 1 4 3 111 15
1760 11 8 3 4 0 1 4 2 103 78
1761 11 12 4 6 2 4 3 5 1 0 201 70
1762 13 14 2 4 3 4 1 5 71 41
1763 8 12 2 4 4 0 1 2 52 54
1764 3 1 2 4 2 3 4 5 274 80
1765 0 1 2 5 3 2 4 0 5 69 100
1766 12 8 2 6 0 1 3 4 2 5 69 32
1767 12 9 8 6 4 5 0 1 2 3 72 43
1768 12 2 2 3 3 1 0 174 59
1769 13 14 2 5 0 3 5 1 4 142 77
1770 0 14 4 6 1 0 4 3 5 2 62 41
1771 14 12 2 6 3 5 4 1 2 0 122 40
1772 10 3 1 6 0 3 5 1 4 2 238 69
1773 14 11 3 3 3 2 0 272 24
1774 3 12 3 5 3 2 0 4 1 136 13
1775 6 11 1 5 1 4 3 0 5 93 41
1776 11 8 3 6 4 3 1 0 2 5 419 49
1777 0 1 3 5 4 2 0 3 5 82 13
1778 12 3 4 6 5 2 1 4 0 3 80 16
1779 11 3 1 3 0 2 1 407 36
1780 0 1 2 6 3 2 1 0 4 5 191 84
1781 8 9 1 3 1 4 2 147 69
1782 6 2 2 6 2 3 0 4 5 1 360 44
1783 8 16 3 4 5 1 4 3 104 68
1784 10 2 1 3 4 3 0 241 34
1785 6 8 4 4 4 1 5 0 188 21
1786 10 16 1 5 4 1 3 0 2 110 25
1787 14 11 4 6 1 2 5 0 4 3 281 85
1788 14 12 8 5 5 0 3 2 4 194 23
1789 8 3 3 5 2 4 3 0 1 347 80
1790 0 12 2 4 2 4 0 5 182 73
1791 8 11 3 4 4 1 2 3 438 27
1792 6 14 3 3 0 5 4 36 25
1793 12 3 1 4 0 4 5 3 73 34
1794 13 14 2 4 0 2 1 5 218 94
1795 13 16 1 3 5 0 2 183 63
1796 13 11 2 4 1 0 5 2 242 78
1797 11 2 5 5 4 5 1 3 0 310 23
1798 10 11 3 6 5 1 3 4 0 2 63 21
1799 10 1 2 4 5 0 2 4 248 99
1800 11 14 4 5 3 2 5 4 0 117 14
1801 11 3 3 3 0 2 1 407 36
1802 3 8 2 4 4 1 5 3 94 40
1803 0 12 3 3 1 4 3 124 46
1804 6 16 6 5 1 0 3 2 5 85 49
1805 8 9 1 4 5 3 4 1 22 11
1806 3 8 5 3 1 0 5 307 38
1807 0 8 2 3 2 5 0 149 69
1808 3 2 6 6 0 1 4 2 5 3 372 65
1809 0 11 3 6 3 4 0 1 5 2 115 50
1810 8 11 2 3 3 1 4 370 99
1811 6 9 2 6 5 0 4 2 1 3 177 21
1812 8 12 2 5 1 2 4 3 0 136 69
1813 6 12 2 4 1 3 5 2 193 95
1814 6 1 6 6 1 3 4 2 0 5 273 65
1815 0 8 3 6 0 5 3 2 1 4 224 32
1816 14 2 2 6 0 2 4 5 1 3 68 62
1817 10 14 5 4 2 0 4 1 302 62
117
1818 12 2 1 6 3 2 0 1 4 5 90 87
1819 13 11 1 4 1 0 5 2 242 78
1820 14 8 1 4 5 0 1 3 127 90
1821 10 8 3 4 4 1 5 0 69 54
1822 8 1 2 3 4 3 1 561 20
1823 13 3 4 6 2 1 0 5 3 4 54 31
1824 8 16 1 3 5 3 2 186 67
1825 8 11 2 3 3 4 5 222 39
1826 8 9 1 4 3 0 5 4 201 45
1827 14 2 2 6 3 2 1 4 5 0 94 88
1828 8 14 1 4 0 5 2 4 183 59
1829 0 9 2 6 3 1 5 0 2 4 239 31
1830 13 14 1 4 1 0 4 5 93 21
1831 12 3 5 6 5 2 1 4 0 3 80 16
1832 14 9 1 4 5 0 3 1 285 10
1833 12 16 2 6 2 3 4 1 0 5 132 45
1834 11 3 4 6 4 3 5 1 0 2 208 74
1835 11 14 1 4 3 5 1 0 341 60
1836 11 12 1 6 4 2 3 0 5 1 87 96
1837 6 14 2 5 3 0 2 1 4 208 96
1838 8 11 2 3 0 3 4 288 100
1839 14 12 5 3 4 1 3 116 87
1840 10 14 2 4 2 4 5 0 184 38
1841 6 14 2 6 0 1 2 4 3 5 56 46
1842 11 1 2 6 3 5 1 2 0 4 91 82
1843 8 3 2 6 4 5 0 1 2 3 106 78
1844 10 3 3 3 5 2 0 115 28
1845 6 11 2 5 0 2 1 5 3 263 66
1846 10 12 3 4 0 2 1 4 148 63
1847 12 2 2 3 1 5 4 129 38
1848 6 1 2 6 0 3 4 5 1 2 26 11
1849 12 9 4 3 2 3 4 161 99
1850 13 1 2 4 4 3 0 2 183 30
1851 6 1 3 5 0 5 4 3 2 215 58
1852 13 3 1 6 2 1 4 0 5 3 112 12
1853 10 1 1 4 5 0 2 4 248 99
1854 14 1 3 4 5 0 1 4 29 70
1855 14 12 4 4 2 0 5 1 232 53
1856 0 3 3 4 5 3 4 1 317 53
1857 11 16 6 5 4 1 3 5 2 75 45
1858 14 8 1 6 0 2 1 3 5 4 99 55
1859 12 11 4 6 0 1 3 2 5 4 25 98
1860 0 9 1 5 3 4 5 0 2 92 17
1861 0 1 6 4 1 0 2 5 208 27
1862 0 9 1 4 0 2 3 4 172 11
1863 11 1 2 6 3 1 2 0 4 5 351 88
1864 11 14 2 6 1 4 5 2 3 0 184 47
1865 14 3 2 3 0 2 5 292 61
1866 11 12 2 6 2 4 3 5 1 0 201 70
1867 8 11 2 3 2 4 3 243 68
1868 13 16 2 3 1 2 4 109 40
1869 0 3 3 3 3 1 4 15 95
1870 12 14 1 5 2 0 3 1 4 115 86
1871 10 12 1 6 3 1 2 0 4 5 149 54
1872 11 16 1 5 0 5 2 4 3 181 99
1873 8 3 1 3 2 4 1 99 70
1874 3 16 2 4 1 4 3 0 292 16
1875 6 8 1 6 4 5 3 0 1 2 275 83
1876 3 14 2 5 1 4 5 3 2 115 74
1877 8 12 1 5 2 0 4 5 3 46 65
1878 11 16 2 6 0 1 5 3 2 4 86 32
1879 12 11 2 3 2 3 1 93 52
1880 14 11 3 3 0 1 3 118 14
1881 0 1 2 4 4 0 1 2 219 98
1882 6 3 2 6 0 1 2 5 4 3 345 53
1883 8 14 1 4 0 5 2 4 183 59
1884 6 11 1 5 5 2 1 4 0 172 66
1885 11 8 3 4 3 5 4 1 44 58
1886 11 9 2 4 5 2 4 1 122 60
1887 0 9 2 4 0 2 3 4 172 11
1888 12 9 2 3 0 1 3 37 42
1889 13 16 2 3 5 0 2 183 63
1890 3 12 3 6 1 2 4 0 3 5 114 97
1891 6 8 1 4 4 1 5 0 188 21
1892 12 1 1 4 3 4 2 1 130 25
1893 8 1 3 5 4 3 1 5 0 191 64
1894 8 16 3 5 3 0 2 4 5 212 94
1895 14 3 3 3 0 2 5 292 61
1896 3 1 2 3 3 0 2 857 42
1897 10 12 1 6 1 4 0 2 5 3 180 84
1898 6 11 2 6 5 3 2 0 1 4 213 14
1899 6 12 3 3 1 0 2 71 16
1900 6 1 3 6 0 3 4 5 1 2 26 11
1901 13 2 1 6 4 0 1 5 3 2 129 93
1902 6 1 2 4 1 0 3 4 108 20
1903 11 3 2 3 3 2 0 132 29
1904 13 14 2 3 3 2 5 31 43
1905 10 11 3 5 1 0 4 3 5 166 54
1906 11 9 2 5 2 1 3 4 5 163 37
1907 13 2 3 3 0 2 5 138 98
1908 8 1 3 6 0 2 5 1 3 4 247 42
1909 12 8 5 3 0 3 1 112 58
1910 11 2 2 5 4 1 5 3 2 418 80
1911 10 12 3 5 3 2 5 0 1 106 21
1912 13 9 2 5 5 0 3 4 2 135 63
1913 13 16 3 5 0 3 5 1 4 209 81
1914 0 11 2 4 0 5 2 4 83 66
1915 3 16 5 5 0 3 5 1 4 182 52
1916 13 3 2 5 0 1 3 2 5 146 25
1917 11 12 8 6 5 0 3 1 2 4 124 46
1918 13 12 4 6 3 1 5 4 0 2 13 58
1919 11 3 2 3 0 2 1 407 36
1920 8 1 4 6 1 0 5 2 3 4 654 29
1921 14 11 3 6 5 4 2 1 3 0 261 73
1922 14 16 4 4 1 0 5 2 164 29
1923 11 12 3 6 0 4 2 5 3 1 112 96
1924 6 2 2 3 1 3 2 82 10
1925 12 9 2 5 3 5 1 4 0 210 31
1926 6 14 2 6 3 0 4 5 1 2 151 59
1927 13 9 2 6 5 2 1 0 3 4 101 43
1928 11 3 6 6 4 3 5 1 0 2 208 74
1929 10 14 3 3 0 5 1 212 18
1930 6 12 5 4 3 0 2 1 165 38
1931 6 3 3 3 0 5 4 62 33
1932 14 8 3 4 5 3 4 2 149 29
1933 0 16 3 4 1 4 0 5 96 25
1934 6 16 2 6 3 2 1 4 5 0 103 87
93
1935 10 3 6 3 3 0 4 274 82
1936 0 12 1 5 4 1 5 3 2 131 41
1937 12 16 1 3 0 4 2 32 28
1938 13 16 3 5 2 4 1 3 0 261 70
1939 14 9 1 4 3 5 4 0 183 11
1940 13 1 1 3 3 0 1 261 52
1941 12 3 3 4 0 4 5 3 73 34
1942 0 11 1 5 1 3 2 0 4 142 82
1943 8 12 1 4 3 1 0 5 14 97
1944 6 8 1 6 4 1 0 3 5 2 193 30
1945 13 16 1 4 0 5 2 1 67 35
1946 11 12 2 6 2 0 3 4 1 5 77 51
1947 14 12 1 4 0 5 3 4 227 66
1948 0 12 1 4 4 1 3 0 53 45
1949 3 11 3 4 2 1 0 4 322 56
1950 12 14 3 3 5 2 4 225 75
1951 10 12 1 6 3 1 2 0 4 5 149 54
1952 0 8 3 6 5 3 2 4 1 0 71 16
1953 11 16 1 6 4 2 5 3 0 1 242 54
1954 14 8 5 4 5 2 0 3 81 26
1955 14 1 2 4 5 3 0 4 194 25
1956 10 11 1 3 0 1 5 370 28
1957 8 11 4 6 2 0 1 3 4 5 92 95
1958 6 11 3 6 0 2 4 5 3 1 141 73
1959 12 8 6 3 1 2 3 147 27
1960 6 16 1 5 1 0 3 2 5 85 49
1961 0 16 1 5 0 2 5 3 1 132 45
1962 10 12 2 5 3 2 5 0 1 106 21
1963 14 11 2 3 1 5 0 318 30
1964 6 8 1 3 0 5 3 172 100
1965 12 14 2 4 4 2 1 0 146 18
1966 10 9 1 5 5 0 4 3 1 84 36
1967 6 14 1 3 2 3 0 68 54
1968 3 14 2 5 2 4 5 3 1 252 80
1969 8 1 6 3 2 3 4 315 22
1970 11 3 1 6 2 1 3 4 0 5 44 80
1971 11 8 2 3 1 5 3 149 13
1972 13 9 1 5 5 0 3 4 2 135 63
1973 14 12 1 4 0 5 3 4 227 66
1974 3 2 5 4 0 4 2 5 257 93
1975 3 14 8 6 2 1 4 3 5 0 55 89
1976 14 1 2 6 3 5 0 2 4 1 194 98
1977 10 2 3 3 2 4 3 335 67
1978 13 2 1 5 5 3 1 2 0 134 98
1979 11 12 1 4 1 2 5 3 98 11
1980 6 9 1 3 1 2 4 139 21
1981 10 9 1 6 5 1 4 2 3 0 43 92
1982 11 16 2 3 5 4 0 25 48
1983 10 11 3 4 3 2 1 5 186 45
1984 13 9 2 4 2 5 1 3 29 68
1985 3 1 6 3 3 0 2 857 42
1986 11 14 1 3 2 5 3 292 82
1987 0 3 3 4 1 4 3 2 56 44
1988 3 11 2 5 2 3 4 5 0 224 29
1989 13 12 4 5 1 3 0 4 5 67 76
1990 13 2 2 5 5 3 1 2 0 134 98
1991 12 11 1 5 0 3 5 4 1 48 95
1992 13 9 1 6 5 2 3 4 0 1 216 60
1993 0 16 1 5 2 0 5 3 1 203 87
1994 14 9 3 4 3 5 4 0 183 11
1995 6 14 3 6 2 5 3 1 4 0 110 75
1996 10 3 3 3 4 3 0 357 50
1997 14 1 2 5 1 0 2 5 4 355 57
1998 10 11 1 3 4 5 2 178 66
1999 13 11 2 6 5 2 1 0 3 4 191 56
2000 10 1 7 4 5 4 1 0 396 94
2001 8 12 1 3 0 1 4 54 20
2002 12 14 2 3 1 5 3 175 44
2003 6 2 4 4 0 2 4 1 265 78
2004 0 11 3 4 1 4 2 5 85 95
2005 11 8 4 4 4 0 2 5 281 63
2006 13 11 1 6 1 2 5 3 0 4 61 77
2007 0 1 2 5 4 2 0 3 5 82 13
2008 6 3 1 3 0 5 4 62 33
2009 10 16 3 3 2 1 4 129 63
2010 3 1 5 5 0 4 5 3 2 286 96
2011 6 11 3 6 5 3 2 0 1 4 213 14
2012 13 2 4 4 0 3 1 4 182 98
2013 14 2 6 3 4 2 0 277 62
2014 13 8 7 4 2 3 4 0 190 82
2015 13 16 2 4 0 2 4 5 116 92
2016 13 14 7 5 4 5 2 0 1 60 28
2017 10 12 2 6 3 1 2 0 4 5 149 54
2018 8 1 6 4 2 0 1 3 366 89
2019 11 3 4 3 3 2 0 132 29
2020 10 2 2 4 0 2 1 4 233 48
2021 0 9 4 6 3 1 5 0 2 4 239 31
2022 14 3 4 4 3 4 2 0 93 46
2023 8 12 2 5 3 5 1 0 2 102 68
2024 14 1 4 6 1 4 5 3 2 0 106 76
2025 10 14 3 4 2 5 3 1 194 61
2026 0 14 3 3 5 4 0 85 41
2027 10 2 2 6 5 2 0 3 1 4 223 76
101
2028 6 3 1 4 5 2 4 3 108 77
2029 8 12 1 5 1 0 4 3 2 14 36
2030 14 8 2 4 5 2 0 3 81 26
2031 6 12 1 4 1 5 0 2 205 61
2032 14 16 1 6 0 4 1 3 2 5 111 14
2033 3 12 1 5 2 0 1 4 3 78 45
2034 3 8 4 6 3 5 0 1 2 4 529 29
2035 6 1 1 6 1 0 2 5 3 4 199 60
2036 11 2 1 5 4 0 3 1 5 325 82
2037 0 8 1 5 1 5 0 4 3 215 49
2038 6 16 8 4 3 0 2 1 174 84
2039 3 8 1 6 2 4 3 5 1 0 76 31
2040 6 11 3 4 4 0 5 3 366 41
2041 3 2 3 5 1 4 2 0 3 521 13
2042 13 8 3 5 1 4 2 3 0 131 17
2043 13 8 1 4 2 3 4 0 190 82
2044 14 3 3 4 0 4 1 3 57 90
2045 6 8 2 4 4 3 5 0 280 30
2046 14 12 5 4 5 1 4 2 132 93
2047 13 1 1 3 3 4 1 201 28
2048 14 9 1 6 2 0 5 4 3 1 135 19
2049 11 3 3 3 0 2 1 407 36
2050 12 9 1 3 3 2 5 112 38
2051 13 11 5 5 4 0 3 1 2 195 60
2052 3 12 5 6 1 4 2 3 0 5 73 15
2053 11 12 2 5 4 2 1 5 0 147 21
2054 6 1 1 6 3 0 1 4 2 5 161 97
2055 6 9 3 6 5 0 4 3 2 1 179 79
2056 14 9 6 5 5 4 0 2 3 96 13
2057 8 16 7 4 2 1 4 0 95 58
2058 10 8 1 5 5 1 3 4 2 84 93
2059 11 9 3 5 3 1 2 0 5 109 25
2060 13 2 1 4 4 1 5 3 191 56
2061 11 12 6 4 3 0 1 2 225 79
2062 14 11 2 3 1 5 3 63 14
2063 13 12 3 5 2 5 0 3 1 134 34
2064 13 3 5 6 3 2 5 1 4 0 50 60
2065 0 2 5 5 5 0 3 4 2 238 77
2066 10 1 2 4 5 4 1 0 396 94
2067 6 8 1 4 4 1 2 3 159 39
2068 11 1 1 4 4 5 0 1 15 65
2069 13 9 2 3 4 5 0 51 25
2070 8 16 1 5 4 2 1 3 0 171 89
2071 11 2 3 5 3 5 0 2 4 88 77
2072 13 16 2 3 5 0 2 183 63
2073 12 16 2 3 0 4 2 32 28
2074 8 1 1 5 4 2 3 1 0 282 44
2075 14 1 7 3 5 4 3 121 66
2076 11 14 3 3 1 0 5 261 82
2077 14 9 2 6 4 3 5 1 0 2 73 44
2078 11 2 4 6 0 3 1 2 4 5 440 51
2079 6 11 1 5 5 3 2 0 1 53 77
2080 6 9 1 4 0 1 3 4 268 53
2081 12 9 1 5 3 2 4 5 0 224 15
2082 0 12 7 4 2 5 0 3 41 55
2083 3 2 3 3 4 0 1 363 18
2084 11 3 2 4 1 4 3 0 342 10
2085 11 9 7 5 4 5 1 2 3 102 55
2086 12 9 2 4 0 5 1 2 192 99
2087 6 3 2 6 0 2 3 5 1 4 360 69
2088 14 9 3 4 2 4 3 5 170 59
2089 3 16 2 4 3 1 4 2 222 47
2090 13 11 3 5 4 0 3 1 2 195 60
2091 6 14 2 4 0 4 2 5 227 67
2092 14 9 1 4 2 4 3 5 170 59
2093 3 14 2 5 0 5 3 1 2 315 81
2094 8 12 2 4 2 4 5 3 189 12
2095 11 3 2 6 0 4 2 3 1 5 211 29
2096 0 16 2 6 1 0 5 3 4 2 117 82
2097 10 8 3 5 4 5 1 3 0 93 72
2098 3 14 2 5 0 2 3 1 4 67 19
2099 3 2 4 4 0 4 2 5 257 93
2100 13 14 2 4 5 3 1 0 174 79
2101 8 1 1 4 4 3 1 5 342 11
2102 0 3 2 6 5 1 3 4 2 0 194 17
2103 11 14 3 4 0 2 1 4 255 99
2104 3 16 3 6 1 3 0 5 4 2 60 50
2105 11 8 3 4 0 1 4 2 103 78
2106 6 16 3 4 4 0 3 5 39 25
2107 3 14 2 5 1 4 5 3 2 115 74
2108 6 16 2 4 0 5 2 3 21 36
2109 0 8 1 5 4 2 1 5 0 156 11
2110 10 8 4 4 3 1 2 0 153 12
2111 10 14 3 5 3 1 2 4 5 290 65
2112 8 11 2 4 5 1 4 3 287 67
2113 11 14 4 5 3 4 2 5 1 252 92
2114 8 16 2 3 0 2 3 249 36
2115 10 12 4 4 1 2 0 4 217 69
2116 11 9 4 5 4 0 2 3 1 104 94
2117 10 16 2 5 4 5 0 1 2 96 45
2118 0 9 2 5 5 2 4 3 0 77 93
2119 12 16 3 6 1 5 0 2 4 3 48 91
2120 12 3 2 5 3 1 0 4 2 58 76
2121 6 16 2 3 1 0 4 184 46
2122 10 9 2 3 2 5 0 237 15
2123 11 12 2 6 5 3 2 0 1 4 144 84
2124 11 14 6 5 4 2 0 1 5 218 57
2125 14 8 3 4 5 3 2 4 80 41
2126 6 16 2 3 4 3 0 236 15
2127 13 14 3 5 1 5 0 3 4 349 93
2128 10 3 2 4 2 0 4 5 198 70
93
2129 10 2 4 6 5 1 2 3 4 0 10 100
2130 10 8 1 5 0 1 5 3 2 70 57
2131 12 3 3 4 2 4 0 5 57 42
2132 6 1 3 6 2 3 4 5 0 1 170 62
2133 8 1 1 5 4 2 3 1 0 282 44
2134 6 3 1 6 5 4 2 1 3 0 183 60
2135 0 14 1 6 4 2 5 1 0 3 290 52
2136 6 14 6 5 3 0 4 2 5 63 63
2137 3 1 1 5 4 3 0 1 2 448 37
2138 8 14 1 4 3 4 2 0 232 72
2139 14 9 1 4 3 1 4 0 63 86
2140 12 11 1 3 1 0 5 201 74
2141 6 1 4 6 0 3 4 5 1 2 26 11
2142 3 14 3 4 3 5 0 1 114 54
2143 0 16 1 4 1 4 0 5 96 25
2144 6 1 1 4 1 0 3 4 108 20
2145 11 12 5 6 5 4 3 1 2 0 15 30
2146 8 3 2 3 4 5 3 415 69
2147 3 12 2 4 2 1 5 4 67 67
2148 11 14 3 4 4 3 1 2 66 87
2149 13 3 1 6 0 3 1 2 5 4 200 32
2150 10 3 1 3 1 2 4 145 14
2151 8 14 1 6 5 0 3 4 2 1 215 24
2152 13 12 1 5 1 2 4 0 3 164 90
2153 0 3 1 3 1 3 0 124 11
2154 10 16 1 5 1 4 2 3 0 60 20
2155 13 11 3 4 1 2 0 5 181 47
2156 0 1 1 4 2 4 0 3 219 17
2157 10 16 4 3 3 5 2 151 20
2158 13 9 3 4 0 3 1 5 348 54
2159 0 14 6 6 4 2 5 1 0 3 290 52
2160 14 3 5 4 1 4 5 3 241 37
2161 10 16 2 5 4 5 0 1 2 96 45
2162 3 11 3 4 3 1 2 0 267 84
2163 10 11 1 4 1 5 0 3 253 91
2164 13 1 2 6 0 2 4 1 3 5 15 26
2165 12 11 2 5 3 2 5 1 0 152 95
2166 11 9 2 6 3 2 1 4 0 5 49 63
2167 11 16 3 3 5 0 1 197 67
2168 14 9 4 4 5 0 3 1 285 10
2169 14 11 3 6 3 1 2 5 0 4 174 16
2170 3 16 2 4 0 3 5 1 116 12
2171 8 2 3 5 1 4 5 3 0 169 34
2172 13 2 2 3 0 2 5 138 98
2173 12 11 4 5 3 2 5 1 0 152 95
2174 12 14 2 3 1 5 3 175 44
2175 10 11 3 6 2 5 1 3 4 0 95 17
2176 10 1 2 5 4 0 2 1 5 323 22
2177 6 11 1 4 1 0 4 5 32 38
2178 12 8 2 4 0 5 4 3 86 28
2179 14 16 4 3 5 1 0 206 71
2180 13 16 3 5 0 4 3 2 5 204 65
2181 6 11 1 4 5 0 4 2 241 61
2182 3 12 6 3 5 1 2 139 60
2183 11 1 3 6 5 1 0 2 3 4 402 23
2184 3 14 3 6 3 1 0 5 2 4 44 41
2185 8 9 1 4 2 4 0 5 65 86
2186 6 3 1 5 0 4 5 1 3 215 78
2187 12 3 4 6 5 2 1 4 3 0 13 31
2188 0 11 1 4 5 4 1 0 109 89
2189 13 16 2 3 1 2 4 109 40
2190 6 8 2 3 4 5 1 40 83
2191 8 9 2 3 4 3 2 211 61
2192 13 9 1 4 3 4 5 2 179 18
2193 14 3 2 3 1 3 0 295 69
2194 12 9 2 5 4 0 5 3 2 185 11
2195 10 16 8 4 0 1 5 3 191 27
2196 10 9 2 5 3 5 4 2 0 184 41
2197 13 8 3 5 5 1 3 0 2 152 81
2198 8 12 2 4 2 4 5 3 189 12
2199 13 9 5 4 3 4 5 2 179 18
2200 6 3 6 6 0 2 3 5 1 4 360 69
2201 14 11 2 6 2 3 4 0 1 5 59 18
2202 11 2 2 4 2 5 4 0 148 71
2203 3 12 2 6 4 1 3 2 0 5 77 26
2204 10 14 4 4 5 3 0 1 210 56
2205 10 12 4 6 2 3 5 0 4 1 34 43
2206 14 8 3 5 3 2 1 5 0 106 13
2207 10 8 2 4 3 1 2 0 153 12
2208 8 14 5 4 1 0 5 2 187 42
2209 6 3 1 4 3 5 4 1 189 59
2210 6 11 4 4 3 1 5 2 91 48
2211 0 11 5 5 1 2 0 5 3 42 99
2212 6 1 3 6 5 2 0 4 1 3 155 74
2213 0 1 7 3 1 4 3 111 15
2214 6 3 3 4 3 5 4 2 353 18
2215 14 16 2 3 3 0 4 162 69
2216 8 9 3 3 5 1 2 74 41
2217 10 16 4 3 2 1 0 129 52
2218 8 3 3 3 4 0 1 208 97
2219 13 2 2 4 4 2 0 5 356 77
2220 12 1 4 4 0 1 5 2 40 48
2221 3 11 3 4 3 4 2 1 513 51
101
2222 10 3 5 3 2 5 4 309 28
2223 11 1 1 4 4 3 1 5 67 85
2224 6 16 1 6 3 2 1 4 5 0 103 87
2225 12 11 1 6 4 2 5 3 0 1 35 25
2226 10 3 2 6 4 3 2 0 5 1 118 65
2227 3 2 1 4 0 4 2 5 257 93
2228 3 16 2 4 5 3 4 1 83 40
2229 0 11 7 3 4 0 5 195 56
2230 10 8 3 4 2 1 4 0 83 81
2231 14 12 1 5 5 0 3 2 4 194 23
2232 14 8 2 5 1 0 5 4 2 358 14
2233 0 2 4 5 2 0 1 5 4 125 21
2234 12 11 1 6 4 2 5 3 0 1 35 25
2235 13 16 3 5 0 4 3 2 5 204 65
2236 11 14 4 5 5 3 2 4 0 201 66
2237 10 11 1 5 2 5 0 4 1 187 15
2238 8 14 2 6 0 4 3 1 5 2 354 73
2239 14 3 2 3 3 5 0 130 39
2240 8 1 1 4 4 0 1 2 301 53
2241 8 14 1 3 3 1 2 29 17
2242 8 11 4 6 1 4 5 0 3 2 148 41
2243 14 1 1 3 5 4 0 254 69
2244 0 9 1 4 0 2 3 4 172 11
2245 13 11 1 5 2 1 4 0 3 72 12
2246 14 3 2 6 1 0 5 4 3 2 116 95
2247 10 12 1 3 2 4 0 227 83
2248 0 9 3 6 2 4 1 0 5 3 110 59
2249 0 1 2 5 3 2 4 0 5 69 100
2250 6 11 2 3 2 3 1 213 55
2251 10 1 2 5 2 4 3 5 0 183 24
2252 0 3 1 4 5 3 4 1 317 53
2253 14 1 5 4 0 3 1 4 228 13
2254 0 8 2 5 1 5 0 4 3 215 49
2255 3 11 2 3 0 2 1 147 31
2256 8 16 3 5 3 0 2 4 5 212 94
2257 11 2 3 5 4 1 5 3 2 418 80
2258 6 12 5 5 3 2 0 1 4 51 91
2259 6 16 5 5 5 0 2 1 4 207 60
2260 13 1 5 3 3 4 1 201 28
2261 0 1 1 3 5 1 0 129 28
2262 8 14 3 6 4 0 2 5 3 1 87 84
2263 8 9 1 3 5 1 2 74 41
2264 11 8 1 4 4 5 0 2 264 52
2265 10 8 2 3 5 2 0 200 45
2266 11 14 2 6 2 5 1 0 4 3 118 16
2267 6 8 2 6 4 5 2 0 1 3 153 43
2268 8 1 2 5 5 1 3 2 4 312 32
2269 8 12 3 4 2 4 5 3 189 12
2270 3 2 2 5 1 4 2 0 3 521 13
2271 13 14 8 4 5 4 1 2 184 61
2272 13 14 2 3 3 2 5 31 43
2273 14 1 2 4 5 3 0 4 194 25
2274 8 16 2 3 5 3 2 186 67
2275 0 8 3 4 4 1 3 5 119 12
2276 3 12 2 3 3 1 4 28 19
2277 6 16 1 6 0 3 2 5 4 1 79 36
2278 12 2 4 3 4 2 1 40 58
2279 14 11 1 6 2 4 3 1 5 0 217 77
2280 13 8 3 4 2 0 4 5 150 83
2281 13 16 4 4 0 5 2 1 67 35
2282 8 12 2 3 1 4 0 82 75
2283 14 12 2 4 2 4 5 0 54 70
2284 3 8 4 3 5 2 3 176 14
2285 6 11 1 5 5 3 2 0 1 53 77
2286 3 1 5 6 0 1 5 2 3 4 160 18
2287 14 12 2 6 3 5 4 1 2 0 122 40
2288 12 8 3 4 5 1 3 4 24 79
2289 10 1 2 4 4 3 1 0 47 83
2290 6 3 3 3 2 0 5 432 34
2291 13 2 1 4 0 3 1 4 182 98
2292 0 2 2 6 2 5 1 3 0 4 47 25
2293 8 3 2 6 1 5 4 0 3 2 223 48
2294 14 9 2 4 3 5 4 0 183 11
2295 0 14 1 6 1 2 0 5 3 4 157 14
2296 11 8 2 5 1 4 2 3 5 439 29
2297 0 16 2 3 3 1 2 237 63
2298 6 14 1 5 3 0 2 1 4 208 96
2299 11 2 2 5 0 5 1 2 3 271 88
2300 0 16 5 3 3 2 4 201 70
2301 10 2 2 6 4 0 2 3 1 5 58 70
2302 12 14 2 4 2 4 1 3 180 54
2303 10 8 2 4 0 4 2 5 231 41
2304 3 14 5 5 5 3 4 0 2 86 59
2305 13 2 4 3 0 2 5 138 98
2306 12 14 1 4 5 1 4 3 152 47
2307 3 2 2 4 1 0 5 4 245 52
2308 0 9 3 6 3 2 4 0 5 1 114 71
2309 13 9 4 5 3 0 1 4 2 35 60
2310 10 12 2 4 0 4 5 1 165 42
2311 12 8 2 5 5 2 4 0 3 160 29
2312 12 11 2 4 4 2 0 1 141 47
2313 10 12 3 3 5 0 2 163 43
2314 10 12 2 6 0 1 3 4 5 2 99 67
2315 14 16 2 4 4 1 3 2 190 84
2316 10 1 5 6 4 5 2 3 1 0 180 18
2317 8 1 5 4 4 0 1 2 301 53
2318 13 16 2 6 4 0 5 2 1 3 290 43
2319 6 8 4 3 0 5 3 172 100
2320 10 2 5 6 5 2 0 3 1 4 223 76
2321 10 1 8 5 4 2 0 1 3 90 47
2322 12 3 3 5 0 3 1 5 4 74 50
0
0
0
0
0
0
0
0
