559
34
31
0 2 3 2 5 1 5 2 0 3 526 52
1 0 4 2 3 5 0 2 543 38
2 2 1 1 4 5 4 2 3 778 71
3 0 4 2 4 5 2 1 3 54 28
4 3 1 3 3 1 5 0 316 79
5 0 4 4 3 2 3 4 220 67
6 0 3 2 4 1 5 2 3 239 51
7 0 3 1 6 1 0 4 2 3 5 107 85
8 2 1 1 5 1 5 2 0 4 166 50
9 2 1 1 3 5 2 0 46 87
10 3 1 7 6 4 1 2 0 5 3 496 77
11 3 4 1 5 0 1 5 3 2 225 97
12 3 4 2 4 5 1 4 2 184 56
13 0 3 2 4 3 4 2 0 418 69
14 2 1 1 3 3 5 2 551 84
15 2 4 3 6 3 5 2 1 4 0 191 60
16 3 1 3 3 3 5 2 325 51
17 3 1 2 4 3 0 4 5 210 69
18 0 4 3 3 5 0 2 543 38
19 2 4 4 4 2 1 5 3 58 56
20 0 4 1 4 3 4 5 2 255 30
21 3 4 5 4 2 5 3 4 532 53
22 0 3 6 3 1 0 4 305 44
23 2 4 2 4 3 5 0 4 426 34
24 0 4 4 5 0 4 2 5 1 277 12
25 2 4 2 5 5 0 2 1 3 88 93
26 3 1 2 4 1 0 4 3 421 72
27 0 1 2 3 5 3 4 261 44
28 0 4 3 6 0 2 4 5 1 3 164 56
29 2 4 2 4 1 3 2 4 262 65
30 2 4 2 4 2 3 1 4 321 38
21
31 3 1 1 4 2 5 0 1 337 71
32 2 1 2 3 0 5 1 623 80
33 0 3 1 5 3 5 2 0 4 353 59
34 0 1 9 5 5 0 4 3 2 523 29
35 2 3 1 6 1 3 2 0 4 5 150 73
36 3 1 2 4 2 1 0 5 298 69
37 0 1 3 3 1 4 5 542 80
38 2 4 4 4 2 4 3 0 420 23
39 0 3 1 3 1 0 4 305 44
40 2 3 4 4 2 0 5 1 399 39
41 0 3 2 4 3 1 5 4 345 48
42 0 4 2 6 0 2 4 5 1 3 164 56
43 2 4 4 4 3 5 0 4 426 34
44 2 3 6 5 0 2 1 3 5 267 65
45 2 1 3 3 2 1 0 463 23
46 0 4 3 4 4 5 0 2 308 32
47 2 4 7 4 1 3 2 4 262 65
48 2 3 2 5 0 2 4 3 5 151 56
49 3 4 2 4 5 1 4 2 184 56
50 2 3 2 3 3 0 5 155 51
51 3 1 2 6 0 1 2 4 3 5 71 88
24
52 3 1 1 3 3 5 4 328 28
53 2 1 1 4 5 4 2 3 778 71
54 0 1 7 6 0 5 1 2 4 3 348 23
55 2 4 1 4 1 5 4 0 188 57
56 3 1 1 4 2 5 0 1 337 71
57 0 1 2 6 2 1 0 4 3 5 848 40
58 0 3 2 3 2 4 0 498 63
59 0 3 1 5 5 4 0 2 1 106 78
60 3 1 2 4 1 0 4 3 421 72
61 0 4 6 3 4 1 5 325 42
62 0 1 4 6 3 4 2 5 1 0 374 78
63 2 1 6 3 0 5 1 623 80
64 0 3 2 4 3 4 2 0 418 69
65 2 3 1 5 0 2 1 3 5 267 65
66 0 3 1 6 1 0 4 2 3 5 107 85
67 2 1 5 3 4 5 0 392 91
68 0 4 1 4 3 4 5 2 255 30
69 2 3 3 5 1 5 2 0 3 526 52
70 2 3 4 3 2 5 3 331 25
71 0 3 2 3 2 3 1 845 10
72 2 3 1 3 2 5 3 331 25
73 2 3 2 4 0 4 3 1 76 27
74 0 1 2 5 3 0 2 4 1 348 79
75 0 4 2 6 0 3 1 5 2 4 199 92
24
76 3 4 2 5 2 4 1 3 0 40 79
77 0 1 2 3 1 4 5 569 71
78 3 1 4 4 3 0 4 5 210 69
79 0 3 3 4 3 4 2 0 418 69
80 2 1 1 3 3 5 2 551 84
81 3 4 2 5 2 1 4 0 5 46 10
82 0 3 4 3 2 3 1 845 10
83 3 1 3 6 4 1 2 0 5 3 496 77
84 2 3 1 3 2 5 3 331 25
85 2 4 2 5 4 5 0 3 1 429 94
86 0 3 2 3 2 3 1 460 93
87 3 1 6 4 1 5 3 0 310 60
88 2 1 1 3 0 4 5 333 75
89 0 4 2 6 0 3 1 5 2 4 199 92
90 3 1 4 3 2 0 5 227 88
91 0 1 1 5 2 1 4 0 5 252 24
92 2 3 9 5 3 0 5 4 2 147 48
93 0 3 2 4 1 3 2 0 371 27
94 3 4 5 4 1 3 2 5 705 74
95 2 1 3 3 5 2 0 46 87
96 0 1 6 5 3 0 2 4 1 348 79
97 3 1 4 3 0 1 5 182 39
98 3 1 4 4 1 5 3 0 310 60
99 0 1 4 5 0 1 2 5 4 543 18
18
100 3 1 1 3 1 0 4 399 44
101 2 3 1 3 2 5 3 331 25
102 3 4 4 5 0 1 5 3 2 225 97
103 2 4 3 5 5 0 2 1 3 88 93
104 0 4 3 4 3 4 5 2 255 30
105 0 3 1 5 3 0 4 5 1 585 46
106 0 3 1 6 4 1 3 0 5 2 517 78
107 2 1 2 3 5 2 3 139 75
108 2 3 1 5 3 1 4 2 0 314 92
109 2 4 1 6 1 2 0 5 3 4 282 93
110 0 1 3 5 3 0 2 4 1 348 79
111 3 1 1 4 1 5 3 0 310 60
112 0 1 3 4 1 0 5 2 591 93
113 2 3 2 5 3 4 0 1 2 551 37
114 2 3 4 5 3 0 5 4 2 147 48
115 3 4 3 4 0 1 5 3 216 99
116 2 4 3 3 0 2 3 642 96
117 2 3 2 5 0 2 4 3 5 151 56
21
118 3 1 3 3 3 5 4 328 28
119 2 4 1 4 2 4 3 0 420 23
120 2 1 3 3 2 1 0 463 23
121 3 1 1 5 4 0 1 3 5 289 97
122 2 1 1 5 0 1 3 2 4 279 38
123 0 1 2 5 0 1 2 5 4 543 18
124 2 3 2 6 1 3 2 0 4 5 150 73
125 0 3 4 5 5 4 0 2 1 106 78
126 0 4 3 5 0 3 5 1 2 350 84
127 0 3 1 6 5 0 4 2 3 1 180 70
128 3 4 1 4 1 3 2 5 705 74
129 0 1 1 5 5 0 4 3 2 523 29
130 0 4 3 6 4 1 0 3 5 2 694 33
131 2 3 2 3 4 2 0 271 58
132 2 3 2 6 1 4 2 0 5 3 213 65
133 3 1 4 4 2 1 0 5 298 69
134 0 4 2 4 3 4 5 2 255 30
135 3 1 2 3 0 2 5 457 74
136 0 1 2 6 2 1 0 4 3 5 848 40
137 0 4 3 6 0 3 2 4 5 1 671 75
138 2 1 3 5 0 1 3 2 4 279 38
18
139 0 3 2 3 1 0 4 305 44
140 2 4 2 4 3 5 0 4 426 34
141 2 4 1 3 3 5 0 839 65
142 0 1 4 5 0 2 3 5 4 368 22
143 2 1 1 4 4 3 1 2 254 67
144 2 3 1 5 0 2 1 3 5 267 65
145 3 1 2 3 0 1 5 182 39
146 2 4 1 4 1 3 2 4 262 65
147 2 4 1 4 3 5 2 4 389 16
148 3 4 4 3 1 4 0 413 63
149 3 1 2 6 3 5 1 4 2 0 265 33
150 0 3 1 6 4 1 3 0 5 2 517 78
151 0 1 2 3 5 3 0 241 15
152 3 4 2 5 0 2 1 5 4 291 25
153 2 3 3 5 0 2 1 3 5 267 65
154 3 4 4 4 3 5 0 2 490 26
155 2 4 2 4 3 5 2 4 389 16
156 2 1 2 5 0 1 3 2 4 279 38
23
157 0 3 3 3 2 3 1 845 10
158 0 3 3 6 0 5 3 2 1 4 115 41
159 0 4 1 6 0 3 2 4 5 1 671 75
160 2 4 2 5 5 2 3 1 0 521 55
161 0 4 1 5 0 3 2 1 5 18 85
162 0 1 1 5 2 4 1 0 3 424 67
163 2 1 2 6 4 1 5 0 2 3 465 45
164 2 1 1 4 4 2 0 1 15 88
165 2 1 2 6 0 3 4 2 1 5 296 97
166 3 1 1 3 0 2 5 457 74
167 0 4 2 3 4 1 5 325 42
168 0 3 2 6 4 1 3 0 5 2 517 78
169 0 3 8 4 1 5 2 3 239 51
170 2 4 1 6 3 1 0 2 4 5 10 37
171 2 3 2 5 2 0 1 3 5 294 21
172 3 1 1 6 2 3 1 5 0 4 252 44
173 3 1 11 5 5 2 0 4 1 204 70
174 2 3 2 3 4 2 0 271 58
175 3 1 3 4 5 4 3 0 462 52
176 2 4 2 5 3 2 0 4 1 675 25
177 0 3 3 3 1 0 4 305 44
178 0 1 3 5 3 0 2 4 1 348 79
179 0 3 2 4 3 4 2 0 418 69
20
180 2 3 1 5 1 5 2 0 3 526 52
181 3 1 8 5 4 0 1 3 5 289 97
182 2 4 1 3 5 4 0 565 46
183 2 3 10 6 1 3 2 0 4 5 150 73
184 0 3 1 6 0 5 3 2 1 4 115 41
185 0 1 3 6 2 1 0 4 3 5 848 40
186 2 1 8 3 3 5 2 551 84
187 2 1 3 3 4 1 5 776 52
188 2 4 3 5 3 2 0 4 1 675 25
189 2 3 3 6 4 1 2 5 3 0 113 99
190 0 1 3 3 1 4 5 542 80
191 3 4 3 4 5 1 4 2 184 56
192 3 4 9 3 1 4 0 17 32
193 0 3 2 3 5 3 0 144 16
194 2 1 1 3 3 5 2 551 84
195 2 1 1 4 5 4 2 3 778 71
196 0 4 3 6 3 0 1 4 2 5 105 98
197 0 3 4 3 1 0 4 305 44
198 2 1 2 6 5 3 1 0 2 4 788 89
199 2 4 3 4 2 1 5 3 58 56
27
200 0 4 3 5 0 3 5 4 1 483 38
201 2 3 3 6 0 4 2 1 5 3 472 44
202 3 1 1 5 5 2 0 4 1 204 70
203 2 1 1 3 4 1 5 776 52
204 0 4 1 6 2 4 0 1 5 3 667 81
205 2 1 4 4 4 3 1 2 254 67
206 2 4 10 4 1 3 2 4 262 65
207 2 1 1 6 5 3 1 0 2 4 788 89
208 2 4 1 3 5 4 0 565 46
209 0 4 4 5 0 3 2 1 5 18 85
210 3 1 3 4 2 5 0 1 337 71
211 2 1 1 6 4 1 5 0 2 3 465 45
212 2 3 1 5 0 2 1 3 5 267 65
213 3 4 2 6 2 5 0 3 4 1 107 27
214 3 1 4 3 3 5 4 328 28
215 2 3 1 4 2 0 5 1 399 39
216 0 4 3 6 4 2 5 3 1 0 612 18
217 2 3 3 5 2 0 1 3 5 294 21
218 0 4 2 4 4 5 0 2 308 32
219 2 3 2 3 2 5 3 331 25
220 0 4 2 5 0 3 5 1 2 350 84
221 2 1 6 5 2 4 1 3 5 488 60
222 0 4 2 3 2 3 4 220 67
223 0 1 3 5 3 0 2 4 1 328 86
224 2 4 4 6 3 5 2 1 4 0 191 60
225 2 4 4 4 2 4 3 0 420 23
226 2 3 4 4 2 0 5 1 399 39
20
227 3 1 2 4 1 2 0 3 295 87
228 2 4 1 3 0 2 3 642 96
229 3 1 3 3 0 2 5 457 74
230 3 4 4 3 3 5 0 190 69
231 2 3 1 5 2 0 1 3 5 294 21
232 0 1 2 6 3 0 2 4 1 5 555 76
233 3 4 1 4 2 5 3 4 532 53
234 2 3 3 4 0 4 3 1 76 27
235 0 4 6 5 0 3 2 1 5 18 85
236 0 4 1 5 1 5 3 4 0 357 80
237 2 3 2 6 5 4 3 2 0 1 441 71
238 0 1 3 4 0 1 2 3 210 49
239 3 4 1 4 2 5 3 4 532 53
240 2 3 3 6 5 4 3 2 0 1 441 71
241 3 4 2 4 1 3 2 5 705 74
242 2 1 1 5 2 4 1 3 5 488 60
243 3 1 2 6 3 5 2 4 1 0 281 68
244 0 3 6 3 2 4 0 498 63
245 2 1 2 5 2 3 1 5 4 560 96
246 3 4 1 5 2 4 1 3 0 40 79
27
247 2 1 2 3 2 1 0 463 23
248 2 1 3 3 4 1 5 776 52
249 3 4 1 4 1 3 0 4 451 48
250 3 4 1 4 5 1 4 2 184 56
251 0 1 1 4 5 1 4 3 656 56
252 2 4 1 4 3 5 2 4 389 16
253 0 3 2 6 4 1 3 0 5 2 517 78
254 2 3 1 4 5 0 3 2 389 42
255 2 4 1 4 1 5 4 0 188 57
256 0 1 3 5 3 0 2 4 1 328 86
257 2 4 7 4 1 3 2 4 262 65
258 3 1 4 3 3 5 4 328 28
259 3 4 1 3 1 4 0 17 32
260 0 1 4 4 5 1 4 3 656 56
261 0 3 2 5 1 4 5 2 0 329 59
262 0 3 1 5 1 4 5 2 0 329 59
263 0 1 1 5 2 1 4 0 5 252 24
264 3 1 2 6 3 5 2 4 1 0 281 68
265 0 3 2 4 1 5 2 3 239 51
266 3 4 2 3 3 5 1 468 32
267 3 1 2 6 2 3 1 5 0 4 252 44
268 3 1 5 3 1 5 0 316 79
269 3 4 2 6 3 1 5 2 0 4 96 82
270 2 1 2 3 5 2 3 139 75
271 2 3 4 6 0 4 2 1 5 3 472 44
272 2 1 2 3 0 5 1 623 80
273 0 4 2 6 0 3 2 4 5 1 671 75
29
274 2 3 2 6 1 3 2 0 4 5 150 73
275 0 3 1 3 2 3 1 845 10
276 2 1 2 5 2 4 1 3 5 488 60
277 0 4 1 4 1 5 0 2 733 93
278 2 4 1 4 2 1 5 3 58 56
279 0 4 1 5 0 3 5 4 1 483 38
280 0 1 2 3 5 3 0 241 15
281 3 1 4 6 3 5 1 4 2 0 265 33
282 3 1 2 3 2 0 5 227 88
283 0 3 1 5 1 4 5 2 0 329 59
284 0 1 1 3 1 4 5 542 80
285 2 3 1 6 1 4 2 0 5 3 213 65
286 0 3 3 6 0 5 3 2 1 4 115 41
287 2 4 1 3 3 5 0 839 65
288 2 4 4 3 3 5 4 651 67
289 2 1 2 3 3 5 4 412 62
290 0 3 5 3 4 5 2 144 89
291 2 3 3 4 5 0 3 2 389 42
292 3 1 5 3 0 2 5 457 74
293 0 3 3 3 4 1 3 525 38
294 2 4 1 6 1 2 0 5 3 4 282 93
295 2 1 2 5 3 2 5 1 4 133 62
296 2 1 2 4 0 2 3 1 515 95
297 2 4 4 6 1 2 0 5 3 4 282 93
298 3 4 2 6 2 5 0 3 4 1 107 27
299 0 4 2 6 0 3 2 4 5 1 671 75
300 2 1 2 3 3 5 4 412 62
301 3 1 6 6 1 0 5 2 4 3 16 69
302 0 1 2 3 1 4 5 569 71
22
303 2 4 1 4 3 5 0 4 426 34
304 3 1 1 3 0 4 2 289 33
305 3 1 4 3 0 2 5 457 74
306 0 4 2 4 1 5 0 2 733 93
307 3 4 6 3 1 4 0 17 32
308 2 3 1 3 2 1 0 116 54
309 0 4 2 4 1 5 0 2 733 93
310 2 1 3 3 3 5 4 412 62
311 2 3 4 4 0 4 3 1 76 27
312 0 4 1 4 5 2 1 3 54 28
313 0 3 1 6 0 5 3 2 1 4 115 41
314 3 1 4 3 3 5 2 325 51
315 0 4 2 6 3 0 1 4 2 5 105 98
316 0 3 3 5 3 0 4 5 1 585 46
317 0 1 2 4 0 1 2 3 210 49
318 3 4 5 6 2 5 0 3 4 1 107 27
319 2 4 2 4 0 5 4 1 236 50
320 0 1 3 5 2 4 1 0 3 424 67
321 2 3 3 5 0 2 4 3 5 151 56
322 2 4 3 6 3 5 2 1 4 0 191 60
323 2 4 2 4 2 4 3 0 420 23
324 3 4 5 4 3 5 0 2 490 26
21
325 0 1 9 4 1 5 0 4 537 36
326 3 4 3 5 0 1 5 3 2 225 97
327 0 4 3 5 1 5 3 4 0 357 80
328 0 4 3 4 4 5 0 2 308 32
329 3 1 1 6 1 0 5 2 4 3 16 69
330 2 1 1 3 5 2 0 46 87
331 2 1 1 3 2 1 0 463 23
332 0 1 2 5 0 1 2 5 4 543 18
333 0 1 4 6 2 1 0 4 3 5 848 40
334 3 1 1 4 2 1 0 5 298 69
335 0 3 3 5 3 0 4 5 1 585 46
336 3 1 1 3 0 1 5 182 39
337 0 1 1 6 0 4 2 1 5 3 95 56
338 2 1 2 3 4 1 5 776 52
339 0 3 2 3 4 1 3 525 38
340 2 1 4 3 2 1 0 463 23
341 0 4 2 3 4 1 5 325 42
342 3 1 3 4 3 0 4 5 210 69
343 0 1 2 3 5 3 4 261 44
344 3 1 2 3 3 5 2 325 51
345 3 4 2 4 2 5 3 4 532 53
28
346 3 1 6 6 0 1 2 4 3 5 71 88
347 0 3 3 5 0 5 4 2 3 158 72
348 2 1 1 6 1 3 0 4 2 5 87 37
349 2 4 4 4 1 3 2 4 262 65
350 0 3 1 6 0 5 3 2 1 4 115 41
351 2 3 3 6 1 0 4 2 5 3 481 63
352 3 4 2 4 0 1 5 3 216 99
353 2 4 4 4 2 1 5 3 58 56
354 3 1 1 5 5 2 0 4 1 204 70
355 2 1 3 5 2 3 1 5 4 560 96
356 2 3 2 5 3 4 0 1 2 551 37
357 2 1 2 3 4 1 5 776 52
358 3 4 2 5 5 0 3 1 2 249 11
359 2 4 1 6 5 4 3 0 1 2 228 67
360 0 3 2 4 5 1 2 4 461 82
361 0 4 1 5 0 3 5 1 2 350 84
362 0 4 2 3 4 5 2 227 99
363 2 1 4 3 4 5 0 392 91
364 3 1 2 4 1 2 0 3 295 87
365 2 1 2 3 0 2 3 140 36
366 0 4 3 6 0 2 4 5 1 3 164 56
367 3 1 3 6 4 1 2 0 5 3 496 77
368 2 3 1 6 1 4 2 0 5 3 213 65
369 0 4 2 3 2 3 4 220 67
370 2 4 2 3 3 5 0 839 65
371 3 1 3 6 3 5 1 4 2 0 265 33
372 2 4 2 4 3 5 2 4 389 16
373 3 4 4 3 1 4 0 413 63
26
374 0 4 2 3 0 5 2 392 32
375 2 3 3 4 5 1 3 2 417 84
376 3 1 7 3 3 5 2 325 51
377 2 3 2 3 2 1 0 116 54
378 0 3 3 5 0 5 4 2 3 158 72
379 3 4 6 6 5 1 3 0 2 4 314 66
380 2 3 4 5 1 5 2 0 3 526 52
381 2 4 4 6 3 5 2 1 4 0 191 60
382 0 3 1 5 0 5 4 2 3 158 72
383 3 4 2 4 2 5 3 4 532 53
384 2 4 2 5 5 2 3 1 0 521 55
385 0 1 1 6 0 4 2 1 5 3 95 56
386 2 3 4 5 4 1 3 5 2 407 16
387 2 4 1 5 5 0 2 1 3 88 93
388 2 3 4 3 4 2 0 271 58
389 0 4 5 6 0 2 4 5 1 3 164 56
390 0 3 1 3 4 1 3 525 38
391 0 3 1 5 5 4 0 2 1 106 78
392 0 1 2 6 3 0 2 4 1 5 555 76
393 0 1 4 6 0 5 1 2 4 3 348 23
394 0 1 2 5 2 4 1 0 3 424 67
395 2 1 2 3 5 2 3 139 75
396 0 4 4 6 0 3 1 5 2 4 199 92
397 2 1 5 5 2 4 1 3 5 488 60
398 2 1 2 3 3 5 4 412 62
399 0 3 3 6 5 0 4 2 3 1 180 70
21
400 0 4 2 3 4 5 2 227 99
401 3 4 2 5 2 1 4 0 5 46 10
402 2 4 6 4 0 5 4 1 236 50
403 2 4 2 4 3 5 2 4 389 16
404 0 1 2 4 0 3 1 4 523 39
405 3 4 6 6 2 5 0 3 4 1 107 27
406 3 4 2 4 1 3 0 4 451 48
407 2 1 4 3 2 1 0 463 23
408 2 1 3 3 3 5 2 551 84
409 2 4 2 5 5 0 2 1 3 88 93
410 0 4 2 5 0 3 5 1 2 350 84
411 0 3 2 5 3 5 2 0 4 353 59
412 0 4 1 6 0 3 1 5 2 4 199 92
413 2 4 5 6 1 2 0 5 3 4 282 93
414 3 4 3 5 5 0 3 1 2 249 11
415 2 1 2 3 4 1 5 776 52
416 0 3 2 4 3 1 5 4 345 48
417 3 1 2 4 2 5 0 1 337 71
418 0 1 1 4 0 3 1 4 523 39
419 3 4 2 6 3 1 5 2 0 4 96 82
420 0 4 2 3 0 5 2 392 32
21
421 0 4 1 3 4 1 5 325 42
422 0 4 1 4 1 5 0 2 733 93
423 0 1 1 5 0 1 2 5 4 543 18
424 0 4 2 4 3 4 5 2 255 30
425 3 1 2 3 3 5 4 328 28
426 2 1 4 5 3 2 5 1 4 133 62
427 3 4 1 4 4 5 3 1 552 34
428 0 1 2 6 3 0 2 4 1 5 555 76
429 0 3 1 5 3 5 2 0 4 353 59
430 2 1 2 4 4 3 1 2 254 67
431 0 1 2 3 5 3 4 261 44
432 0 3 2 3 4 5 2 144 89
433 0 4 2 3 5 0 2 543 38
434 3 1 5 3 2 0 5 227 88
435 0 4 4 4 1 5 0 2 733 93
436 0 4 1 3 2 3 4 220 67
437 3 4 2 4 1 3 0 4 451 48
438 2 3 3 4 0 2 1 4 326 19
439 3 4 3 4 1 3 2 5 705 74
440 2 4 2 4 3 5 0 4 426 34
441 3 1 2 4 5 4 3 0 462 52
22
442 3 4 2 3 0 2 1 136 87
443 3 1 4 6 4 1 2 0 5 3 496 77
444 3 1 2 3 3 5 2 325 51
445 3 1 4 6 3 5 1 4 2 0 265 33
446 0 4 1 6 0 3 2 4 5 1 671 75
447 0 3 1 4 5 3 1 0 313 26
448 0 3 1 6 0 3 1 5 4 2 384 73
449 2 3 1 6 1 3 2 0 4 5 150 73
450 2 3 1 5 0 2 4 3 5 151 56
451 2 4 1 5 5 2 3 1 0 521 55
452 2 3 1 5 3 4 0 1 2 551 37
453 3 4 3 4 0 1 5 3 216 99
454 2 1 2 3 3 5 4 412 62
455 0 3 2 5 5 4 0 2 1 106 78
456 3 1 1 6 0 3 1 4 2 5 228 41
457 2 4 3 6 1 2 0 5 3 4 282 93
458 0 3 4 4 3 1 5 4 345 48
459 2 3 1 3 2 1 0 116 54
460 2 3 3 4 0 4 3 1 76 27
461 2 1 3 6 0 3 4 2 1 5 296 97
462 3 1 2 5 4 0 1 3 5 289 97
463 0 3 2 4 5 1 2 4 461 82
17
464 2 3 1 3 3 0 5 155 51
465 3 1 1 4 5 4 3 0 462 52
466 0 4 2 6 2 4 0 1 5 3 667 81
467 0 1 1 3 1 4 5 542 80
468 0 3 1 5 1 4 5 2 0 329 59
469 0 4 1 6 4 2 5 3 1 0 612 18
470 2 3 2 3 2 1 0 116 54
471 3 1 2 4 1 2 0 3 295 87
472 0 1 1 5 2 4 1 0 3 424 67
473 3 4 3 5 0 1 5 3 2 225 97
474 3 1 1 3 3 5 4 328 28
475 3 1 1 3 2 0 5 227 88
476 0 4 1 3 4 1 5 325 42
477 2 1 2 3 3 5 2 551 84
478 0 3 3 5 1 4 5 2 0 329 59
479 3 1 2 4 1 5 3 0 310 60
480 2 4 2 4 2 1 5 3 58 56
32
481 3 1 2 4 1 5 3 0 310 60
482 2 1 2 3 5 2 0 46 87
483 0 4 1 6 3 0 1 4 2 5 105 98
484 2 1 8 5 3 2 5 1 4 133 62
485 3 1 1 4 1 5 3 0 310 60
486 0 1 1 6 3 4 2 5 1 0 374 78
487 3 1 1 4 1 2 0 3 295 87
488 2 3 4 4 2 0 5 1 399 39
489 3 4 3 5 0 1 5 3 2 225 97
490 0 4 3 4 5 2 1 3 54 28
491 3 4 3 5 2 4 3 5 0 135 36
492 3 4 2 5 0 2 1 5 4 291 25
493 3 4 3 5 0 3 5 1 2 150 16
494 0 4 4 3 5 0 2 543 38
495 0 3 5 3 1 0 4 305 44
496 0 1 2 4 5 3 2 0 423 32
497 0 3 3 4 1 5 2 3 239 51
498 3 1 2 3 1 5 0 316 79
499 2 1 4 3 0 2 3 140 36
500 0 1 6 3 5 4 0 545 29
501 0 3 2 3 2 3 1 460 93
502 2 1 2 4 4 2 3 1 211 75
503 3 1 1 3 1 5 0 316 79
504 3 4 1 5 5 0 3 1 2 249 11
505 3 4 1 5 5 0 3 1 2 249 11
506 2 1 3 6 0 3 4 2 1 5 296 97
507 3 1 2 4 3 0 4 5 210 69
508 0 1 2 5 2 1 4 0 5 252 24
509 0 1 1 5 3 0 2 4 1 328 86
510 0 1 4 5 5 0 4 3 2 523 29
511 2 1 3 5 3 2 5 1 4 133 62
512 0 4 2 6 0 3 2 4 5 1 671 75
28
513 2 3 1 3 3 0 5 155 51
514 2 1 4 4 4 3 1 2 254 67
515 0 1 2 5 3 0 2 4 1 328 86
516 0 4 1 5 0 3 5 1 2 350 84
517 0 3 1 6 0 5 3 2 1 4 115 41
518 2 4 5 3 3 5 0 839 65
519 0 4 1 5 1 5 3 4 0 357 80
520 0 3 1 3 2 3 1 845 10
521 2 4 3 6 3 1 0 2 4 5 10 37
522 2 4 3 3 5 4 0 565 46
523 2 1 2 6 5 3 1 0 2 4 788 89
524 3 1 1 4 1 2 0 3 295 87
525 0 1 4 5 3 0 2 4 1 328 86
526 3 4 2 3 1 4 0 17 32
527 2 4 1 4 2 1 5 3 58 56
528 2 3 2 3 3 0 5 155 51
529 0 4 1 3 1 2 5 603 61
530 0 3 2 3 2 3 1 460 93
531 0 4 7 4 4 5 0 2 308 32
532 0 4 2 3 2 3 4 220 67
533 2 3 4 5 2 0 1 3 5 294 21
534 2 3 1 4 2 0 5 1 399 39
535 0 4 2 3 4 1 5 325 42
536 2 4 6 3 0 2 3 642 96
537 0 3 2 3 4 5 2 144 89
538 0 4 1 5 1 5 3 4 0 357 80
539 0 1 3 6 2 1 0 4 3 5 848 40
540 0 1 5 3 1 4 5 542 80
18
541 2 3 4 4 2 0 5 1 399 39
542 0 4 10 4 1 5 0 2 733 93
543 3 1 4 6 3 5 2 4 1 0 281 68
544 0 4 1 4 1 5 0 2 733 93
545 0 1 2 4 0 3 1 4 523 39
546 2 1 1 3 3 5 4 412 62
547 2 4 3 6 1 2 0 5 3 4 282 93
548 2 1 1 3 0 5 1 623 80
549 0 4 3 4 4 5 0 2 308 32
550 0 3 2 6 0 5 3 2 1 4 115 41
551 0 3 2 3 2 4 0 498 63
552 0 4 2 4 5 2 1 3 54 28
553 0 1 9 4 0 1 2 3 210 49
554 3 1 2 4 1 5 3 0 310 60
555 2 4 3 4 3 5 2 4 389 16
556 2 1 4 3 3 5 2 551 84
557 3 4 2 6 3 1 5 2 0 4 96 82
558 3 4 2 3 3 5 0 190 69
0
0
0
0
0
0
0
0
0
0
0
0

