2548
32
99
0 3 2 1 4 4 1 5 2 476 66
1 3 0 1 4 3 0 1 4 465 19
2 0 3 2 4 0 3 4 2 665 100
3 0 3 1 6 4 5 2 3 0 1 301 24
4 4 2 1 4 1 2 3 0 543 21
5 0 2 1 4 4 2 0 3 594 12
6 3 0 2 5 3 0 4 2 1 300 55
7 4 3 1 6 2 3 0 5 1 4 622 36
8 3 2 2 5 5 1 4 2 3 208 73
9 3 0 1 4 3 2 1 4 566 90
10 0 2 1 4 5 3 1 2 394 68
11 3 2 3 3 3 1 2 297 17
12 0 3 6 6 4 5 2 3 0 1 301 24
13 4 0 1 5 4 1 0 5 3 454 69
14 4 2 1 4 2 0 5 1 331 10
15 4 0 3 6 3 1 0 4 5 2 473 48
16 0 2 2 4 5 3 1 2 394 68
17 4 0 4 5 4 3 5 0 1 134 53
18 4 0 1 4 0 2 1 3 316 47
19 0 3 1 4 4 1 2 5 524 45
20 4 0 2 3 4 3 1 184 62
21 4 2 1 6 0 4 3 2 1 5 424 47
22 0 3 3 5 1 0 2 4 5 483 93
23 3 0 1 3 1 2 4 136 93
24 0 3 3 6 1 3 4 0 5 2 405 98
25 3 2 7 6 2 3 0 5 1 4 151 16
26 4 2 3 5 1 5 0 2 4 423 14
27 3 0 1 5 3 2 5 0 1 293 97
28 4 0 1 5 4 2 3 0 1 414 63
29 4 0 2 5 5 3 1 0 2 876 22
30 0 3 1 6 1 3 4 0 5 2 405 98
31 4 3 1 3 1 4 2 23 44
32 4 2 1 6 0 4 3 2 1 5 424 47
33 0 3 6 5 1 0 2 4 5 483 93
34 4 0 3 3 2 5 3 445 12
35 4 0 2 3 4 3 1 184 62
36 0 3 2 3 4 5 2 479 95
37 4 3 3 3 2 0 5 468 36
38 4 0 1 3 5 0 1 57 55
39 4 3 1 3 2 0 5 468 36
40 4 3 4 6 3 5 2 1 0 4 430 73
41 3 0 13 4 3 2 1 4 566 90
42 3 0 2 4 1 0 2 5 162 81
43 0 3 2 4 3 4 0 5 339 55
44 4 0 3 4 2 1 0 5 502 23
45 3 2 5 3 3 1 2 297 17
46 3 0 1 4 1 0 2 5 162 81
47 4 3 1 4 4 5 3 1 120 93
48 3 2 3 3 0 4 3 258 53
49 0 2 1 5 1 2 3 0 5 563 11
50 3 0 1 4 3 0 1 4 465 19
51 4 2 3 3 0 4 1 409 94
52 4 0 1 4 5 1 0 2 63 65
53 0 2 1 4 4 1 3 0 116 21
54 0 3 2 3 4 0 5 273 48
55 0 2 2 4 3 4 5 0 489 50
56 4 0 1 5 4 3 5 0 1 134 53
57 4 3 3 5 1 5 0 2 3 81 27
58 4 2 3 3 2 0 4 212 98
59 0 2 1 6 4 2 0 3 1 5 440 89
60 0 2 2 3 2 5 0 134 62
61 4 2 3 5 5 4 0 3 1 342 11
62 3 2 2 6 2 3 0 5 1 4 151 16
63 0 3 4 6 5 0 1 4 2 3 350 46
64 0 2 1 6 3 2 0 1 4 5 936 55
65 0 3 3 4 4 1 2 5 524 45
66 0 3 5 6 3 0 5 4 1 2 317 43
67 4 3 3 6 1 5 2 4 0 3 334 14
68 4 2 1 5 1 5 0 2 4 423 14
69 4 2 2 5 5 0 1 2 4 228 16
70 4 0 3 5 4 3 5 0 1 134 53
71 4 3 5 6 1 5 2 4 0 3 334 14
72 0 3 4 5 2 1 5 0 4 218 80
73 4 0 7 5 4 1 0 5 3 454 69
74 3 0 3 4 3 0 1 4 465 19
75 0 2 1 3 2 5 0 134 62
76 3 0 5 3 5 2 1 751 68
77 4 3 2 5 3 2 0 1 4 233 68
78 0 2 3 4 1 4 5 3 176 84
79 3 0 2 5 1 4 0 3 5 67 80
80 3 2 1 4 4 3 2 1 157 41
81 3 0 4 6 0 5 4 3 1 2 544 45
82 4 3 2 3 5 2 1 555 64
83 4 0 6 5 4 2 3 0 1 414 63
84 4 0 2 6 0 3 2 1 4 5 527 67
85 0 3 2 4 4 1 2 5 524 45
86 0 2 2 4 3 4 0 1 527 76
87 0 2 5 5 2 0 4 3 1 356 17
88 0 2 3 4 1 4 5 3 176 84
89 4 3 4 6 5 3 4 1 0 2 450 22
90 0 3 3 3 3 5 4 374 67
91 0 3 3 4 2 1 3 0 390 81
92 0 2 5 5 4 2 1 0 3 575 36
93 3 0 3 6 5 2 0 4 1 3 370 50
94 0 3 2 6 3 1 0 2 5 4 538 58
95 0 3 2 3 4 1 5 379 24
96 0 2 2 4 4 1 3 0 116 21
97 0 3 4 4 0 2 4 5 509 77
98 0 3 5 5 1 0 2 4 5 483 93
91
99 3 2 2 3 0 4 3 258 53
100 0 3 2 4 0 3 4 2 665 100
101 4 3 1 3 1 4 2 23 44
102 3 0 1 6 1 0 4 3 5 2 516 24
103 0 3 1 4 2 1 3 0 390 81
104 0 2 2 3 3 1 2 532 85
105 0 2 1 4 4 1 3 0 116 21
106 0 3 3 6 1 3 4 0 5 2 405 98
107 0 2 4 3 2 5 0 379 30
108 4 3 2 4 0 4 1 3 140 30
109 4 3 3 4 4 5 3 1 120 93
110 3 0 1 3 5 0 4 547 25
111 0 2 2 3 5 4 2 359 67
112 4 0 1 6 3 5 4 0 2 1 702 41
113 4 3 1 5 3 2 0 4 5 284 14
114 3 2 1 5 1 2 0 5 4 230 97
115 4 3 6 6 2 3 0 5 1 4 622 36
116 0 2 1 6 2 4 3 0 5 1 725 90
117 0 2 1 3 2 5 0 134 62
118 4 3 2 3 1 5 0 615 34
119 4 3 3 6 3 2 4 0 5 1 465 75
120 0 2 2 5 1 2 3 0 5 563 11
121 0 3 1 3 4 1 5 379 24
122 3 2 7 6 1 3 4 0 2 5 93 41
123 4 2 3 5 5 4 0 3 1 342 11
124 0 3 1 3 2 1 4 413 40
125 4 3 7 5 0 2 3 1 5 11 57
126 3 2 2 5 5 3 4 1 2 264 82
127 0 2 1 5 4 2 1 0 3 575 36
128 4 2 1 3 0 4 5 256 50
129 0 2 1 6 3 2 0 1 4 5 936 55
130 4 0 6 6 1 4 0 3 2 5 143 70
131 3 0 4 5 4 3 0 5 2 292 14
132 4 0 5 4 0 5 3 2 552 98
133 3 2 4 5 1 0 2 4 5 106 81
134 4 0 1 4 2 1 0 5 502 23
135 4 3 4 5 1 5 0 2 3 81 27
136 4 3 1 6 2 3 0 5 1 4 622 36
137 0 2 4 4 3 4 1 5 537 90
138 0 3 1 3 4 0 5 273 48
139 4 2 2 6 4 5 0 3 1 2 206 56
140 0 3 3 6 3 0 5 4 1 2 317 43
141 4 3 5 3 5 2 1 555 64
142 3 0 5 5 2 5 4 3 1 379 51
143 4 3 1 6 2 1 3 0 5 4 482 21
144 4 0 4 3 2 5 3 445 12
145 4 2 8 3 2 4 3 511 76
146 4 3 2 3 2 0 5 468 36
147 3 2 3 3 3 1 2 297 17
148 4 0 3 3 2 5 3 445 12
149 4 3 5 6 1 5 2 4 0 3 334 14
150 4 3 2 5 3 2 0 1 4 233 68
151 3 2 1 5 2 4 5 0 3 204 13
152 3 0 2 5 4 3 0 5 2 292 14
153 3 0 1 4 4 3 5 1 32 42
154 4 3 3 4 0 4 1 3 140 30
155 3 0 3 3 0 5 1 551 29
156 4 2 3 5 5 4 0 3 1 342 11
157 4 3 4 5 1 5 0 2 3 81 27
158 4 2 6 4 3 0 4 2 537 86
159 3 2 3 5 2 4 5 0 3 204 13
160 3 0 2 3 2 1 0 222 20
161 4 3 2 3 2 0 5 468 36
162 0 3 2 3 4 1 5 379 24
163 3 0 3 6 2 1 3 5 0 4 350 79
164 3 0 2 5 2 5 4 3 1 379 51
165 3 0 2 6 0 5 4 3 1 2 544 45
166 0 2 3 3 3 1 2 532 85
167 0 3 2 3 3 4 5 398 18
168 4 2 3 6 4 5 0 3 1 2 206 56
169 0 2 1 6 4 2 0 3 1 5 440 89
170 4 3 2 3 1 4 2 23 44
171 4 0 3 6 3 1 0 4 5 2 473 48
172 0 2 2 6 1 4 3 2 0 5 706 64
173 3 2 1 6 1 3 4 0 2 5 93 41
174 3 0 2 3 5 0 4 547 25
175 3 2 2 3 4 0 3 453 25
176 3 0 2 3 5 0 4 547 25
177 0 2 1 4 1 4 5 3 176 84
178 0 3 4 4 0 2 4 5 509 77
179 0 3 2 3 3 2 5 389 39
180 0 3 2 5 0 1 2 3 4 307 36
181 4 3 4 6 3 1 0 4 2 5 224 20
182 0 2 2 4 4 3 0 1 656 69
183 3 2 2 4 3 4 0 2 429 76
184 4 3 2 3 1 5 0 615 34
185 4 2 2 5 2 4 1 0 5 252 48
186 3 0 3 4 0 4 1 2 176 79
187 4 0 5 4 1 0 4 5 716 16
188 4 0 2 6 4 3 5 1 2 0 525 72
189 4 2 3 5 5 4 2 0 1 304 74
102
190 3 2 1 4 4 3 2 1 157 41
191 4 3 1 5 1 5 0 2 3 81 27
192 4 0 1 4 1 0 4 5 716 16
193 3 0 1 4 3 0 1 4 465 19
194 0 2 4 6 1 3 5 2 0 4 291 18
195 3 2 4 5 2 4 5 0 3 204 13
196 0 2 3 6 1 3 5 2 0 4 291 18
197 3 2 1 5 0 1 5 4 3 415 78
198 0 2 1 4 4 1 3 0 116 21
199 4 2 3 3 2 4 3 511 76
200 0 3 4 4 2 1 3 0 390 81
201 3 0 1 5 2 3 1 0 5 240 56
202 4 3 3 5 3 2 0 4 5 284 14
203 4 2 2 3 2 3 4 868 72
204 3 0 1 6 5 0 4 2 1 3 285 18
205 4 0 1 3 4 3 1 184 62
206 0 2 1 4 5 3 1 2 394 68
207 4 3 3 5 3 2 0 4 5 284 14
208 3 2 1 6 4 3 2 1 0 5 303 27
209 4 3 1 4 4 5 3 1 120 93
210 0 2 1 4 5 3 4 2 701 63
211 3 2 2 6 2 3 0 5 1 4 151 16
212 4 2 3 5 0 5 3 2 1 435 97
213 0 2 1 4 5 3 4 2 701 63
214 4 0 3 5 5 3 1 0 2 876 22
215 0 2 1 3 2 5 0 379 30
216 0 3 3 6 3 0 5 4 1 2 317 43
217 4 2 1 3 0 4 5 256 50
218 0 2 1 5 4 2 1 0 3 575 36
219 3 2 2 5 1 0 2 4 5 106 81
220 4 0 4 5 4 2 3 0 1 414 63
221 0 3 5 3 3 4 5 398 18
222 0 2 4 3 1 5 0 992 63
223 0 2 1 4 3 4 1 5 537 90
224 3 0 3 5 3 2 5 0 1 293 97
225 4 0 1 4 0 5 3 2 552 98
226 3 0 2 4 3 0 1 4 465 19
227 4 3 2 6 2 3 0 5 1 4 622 36
228 0 2 1 4 4 1 3 0 116 21
229 3 0 2 5 2 3 1 0 5 240 56
230 4 3 3 6 2 3 0 5 1 4 622 36
231 4 3 2 5 3 5 2 4 1 402 38
232 0 2 2 4 3 4 1 5 537 90
233 4 3 8 5 1 5 0 2 3 81 27
234 4 2 2 6 2 0 4 1 5 3 430 17
235 0 2 2 6 1 4 3 2 0 5 706 64
236 4 3 2 4 0 4 1 3 140 30
237 3 2 2 3 0 4 3 258 53
238 4 2 2 4 5 1 2 3 166 79
239 3 2 2 3 4 0 3 453 25
240 4 0 2 6 0 3 2 1 4 5 527 67
241 3 0 1 5 2 5 4 3 1 379 51
242 4 3 2 6 2 4 1 5 3 0 440 22
243 3 0 1 3 4 5 2 143 10
244 3 0 4 5 2 5 4 3 1 379 51
245 0 2 1 3 5 4 2 359 67
246 3 0 3 5 2 3 1 0 5 240 56
247 3 0 2 5 5 4 2 3 0 94 58
248 4 0 2 5 0 5 4 1 3 706 28
249 3 2 4 4 3 4 0 2 429 76
250 0 2 2 4 3 4 1 5 537 90
251 0 2 2 4 5 3 4 2 701 63
252 4 3 3 5 3 2 0 1 4 233 68
253 4 3 4 4 5 4 0 2 436 86
254 4 0 1 4 1 0 4 5 716 16
255 0 2 3 4 4 2 0 3 594 12
256 3 0 1 3 4 5 2 143 10
257 0 2 3 4 4 3 0 1 656 69
258 0 2 4 4 3 4 1 5 537 90
259 0 3 2 4 0 2 4 5 509 77
260 4 3 2 6 3 5 2 1 0 4 430 73
261 0 2 4 3 5 4 2 359 67
262 0 2 2 6 4 2 0 3 1 5 440 89
263 3 2 2 5 1 2 0 5 4 230 97
264 0 3 3 3 2 1 4 413 40
265 4 3 2 5 0 3 2 1 4 413 93
266 0 2 2 4 4 2 0 3 594 12
267 4 2 1 5 1 0 2 3 4 218 72
268 0 2 2 4 4 2 0 3 594 12
269 0 2 4 5 2 0 4 3 1 356 17
270 0 2 4 4 4 2 0 3 594 12
271 0 3 2 6 4 1 2 5 0 3 666 33
272 3 0 2 4 4 3 5 1 32 42
273 4 3 3 5 0 2 3 1 5 11 57
274 4 3 3 4 5 4 0 2 436 86
275 4 2 2 6 5 0 3 2 1 4 381 21
276 3 0 4 3 5 2 1 751 68
277 4 0 3 4 5 1 0 2 63 65
278 4 2 3 5 5 4 0 3 1 342 11
279 4 0 7 6 2 0 4 1 3 5 374 31
280 4 0 3 5 4 0 2 5 3 252 37
281 4 3 1 3 5 2 1 555 64
282 3 0 3 5 5 4 2 3 0 94 58
283 4 3 2 6 1 5 2 4 0 3 334 14
284 0 2 3 3 1 5 0 992 63
285 3 2 2 5 0 1 5 4 3 415 78
286 3 2 3 5 0 1 5 4 3 415 78
287 0 2 3 4 1 4 5 3 176 84
288 3 0 2 3 4 5 2 143 10
289 4 3 2 4 4 5 3 1 120 93
290 4 2 2 4 2 0 5 1 331 10
291 4 2 2 5 2 4 1 0 5 252 48
111
292 0 3 1 6 0 1 3 2 4 5 402 60
293 4 2 1 3 0 4 1 409 94
294 4 0 2 3 2 5 3 445 12
295 3 2 2 6 1 3 4 0 2 5 93 41
296 4 2 2 3 2 0 4 212 98
297 0 3 3 3 3 2 5 389 39
298 3 2 2 6 4 3 2 1 0 5 303 27
299 3 2 3 5 2 4 5 0 3 204 13
300 0 2 5 4 4 3 0 1 656 69
301 4 0 1 3 2 5 3 445 12
302 4 0 1 4 2 1 0 5 502 23
303 3 0 2 5 3 2 5 0 1 293 97
304 4 3 1 4 4 5 3 1 120 93
305 4 3 1 6 3 2 4 0 5 1 465 75
306 4 0 3 5 4 0 2 5 3 252 37
307 0 3 2 4 0 3 4 2 665 100
308 0 3 2 5 4 1 5 2 3 97 44
309 0 2 2 4 4 2 0 3 594 12
310 3 2 3 4 4 3 2 1 157 41
311 4 2 2 3 2 3 4 868 72
312 3 0 6 3 1 2 4 136 93
313 4 3 3 5 3 2 0 4 5 284 14
314 0 2 1 3 3 1 2 532 85
315 0 2 2 3 2 5 0 134 62
316 4 3 1 4 5 4 0 2 436 86
317 0 2 2 4 4 2 0 3 594 12
318 3 0 3 5 3 2 5 0 1 293 97
319 4 3 4 5 0 2 3 1 5 11 57
320 4 0 1 3 4 2 5 712 30
321 4 3 2 6 3 2 4 0 5 1 465 75
322 0 2 1 4 2 1 5 3 403 18
323 0 2 1 4 4 3 0 1 656 69
324 0 2 2 3 5 4 2 359 67
325 3 0 1 3 1 2 4 136 93
326 0 2 5 3 2 5 0 134 62
327 4 0 1 3 5 0 1 57 55
328 0 3 4 5 2 1 5 0 4 218 80
329 3 2 1 3 4 0 3 453 25
330 4 2 1 4 5 1 2 3 166 79
331 0 3 3 5 1 0 2 4 5 483 93
332 3 2 2 5 1 2 0 5 4 230 97
333 0 2 1 5 1 2 3 0 5 563 11
334 3 0 3 6 5 0 4 2 1 3 285 18
335 3 0 1 3 5 0 4 547 25
336 4 3 1 5 2 4 3 1 5 441 69
337 4 3 1 5 1 5 0 2 3 81 27
338 4 0 1 6 0 3 2 1 4 5 527 67
339 0 3 2 3 2 1 4 413 40
340 0 3 6 3 3 2 5 389 39
341 0 2 1 3 2 5 0 134 62
342 3 2 1 6 5 3 2 4 0 1 450 70
343 3 2 2 4 3 4 0 2 429 76
344 4 3 1 5 3 2 0 1 4 233 68
345 4 2 1 5 5 4 2 0 1 304 74
346 0 3 2 3 3 5 4 374 67
347 4 3 1 4 4 5 3 1 120 93
348 4 3 2 4 5 4 0 2 436 86
349 0 3 2 3 4 0 5 273 48
350 4 3 1 6 2 4 1 5 3 0 440 22
351 0 3 3 6 3 0 5 4 1 2 317 43
352 4 3 4 6 5 3 4 1 0 2 450 22
353 4 3 2 6 3 5 2 1 0 4 430 73
354 0 3 2 3 4 1 5 379 24
355 4 2 5 6 4 5 0 3 1 2 206 56
356 3 0 2 3 1 2 4 136 93
357 3 2 3 3 0 4 3 258 53
358 4 2 2 5 5 4 2 0 1 304 74
359 3 0 2 3 2 1 0 222 20
360 4 3 1 4 0 4 1 3 140 30
361 4 3 2 4 1 2 0 4 385 33
362 3 2 2 3 3 1 2 297 17
363 3 2 4 4 4 3 2 1 157 41
364 4 3 1 6 1 5 2 4 0 3 334 14
365 4 0 2 6 3 5 4 0 2 1 702 41
366 0 2 1 4 5 3 1 2 394 68
367 4 3 1 3 1 5 0 615 34
368 3 2 1 5 3 4 5 2 0 203 59
369 0 2 3 6 4 2 0 3 1 5 440 89
370 3 2 2 3 0 2 4 159 38
371 0 3 3 4 3 4 0 5 339 55
372 4 0 2 4 0 2 1 3 316 47
373 4 0 3 6 3 1 0 4 5 2 473 48
374 4 3 1 3 5 2 1 555 64
375 4 2 2 3 0 4 5 256 50
376 0 2 2 4 1 4 5 3 176 84
377 4 0 3 6 2 0 4 1 3 5 374 31
378 4 3 2 5 0 2 3 1 5 11 57
379 4 2 1 6 1 3 4 2 0 5 549 59
380 3 2 3 3 5 3 0 357 13
381 4 3 6 3 2 0 5 468 36
382 3 0 1 4 3 0 1 4 465 19
383 0 3 4 6 1 3 4 0 5 2 405 98
384 4 3 4 3 1 5 0 615 34
385 4 3 2 5 0 2 3 1 5 11 57
386 4 2 2 6 4 5 0 3 1 2 206 56
387 4 0 2 6 3 1 0 4 5 2 473 48
388 0 3 2 3 3 4 5 398 18
389 4 3 8 4 4 5 3 1 120 93
390 0 3 3 6 5 0 1 4 2 3 350 46
391 4 3 3 5 2 4 3 1 5 441 69
392 0 2 2 3 1 5 0 992 63
393 4 0 1 5 0 5 4 1 3 706 28
394 4 3 2 6 3 5 2 1 0 4 430 73
395 3 2 1 5 5 3 4 1 2 264 82
396 4 3 4 3 5 2 1 555 64
397 4 0 3 6 3 1 0 4 5 2 473 48
398 4 3 9 5 3 5 2 4 1 402 38
399 0 2 2 4 5 3 4 2 701 63
400 4 3 2 6 5 3 4 1 0 2 450 22
401 4 0 2 3 4 2 5 712 30
402 4 0 2 6 1 4 0 3 2 5 143 70
123
403 4 2 1 5 5 4 2 0 1 304 74
404 4 3 3 3 1 5 0 615 34
405 0 2 2 6 1 3 5 2 0 4 291 18
406 3 2 1 5 3 4 5 2 0 203 59
407 0 2 3 4 2 1 5 3 403 18
408 0 2 4 4 3 4 0 1 527 76
409 3 0 2 3 5 2 1 751 68
410 0 2 1 5 2 0 4 3 1 356 17
411 4 3 1 6 2 1 3 0 5 4 482 21
412 4 3 1 5 2 4 3 1 5 441 69
413 3 2 1 6 2 3 0 5 1 4 151 16
414 4 3 2 5 0 2 3 1 5 11 57
415 3 0 2 6 2 1 3 5 0 4 350 79
416 4 0 1 3 4 2 5 712 30
417 4 0 2 3 1 5 2 536 96
418 4 3 1 5 2 4 3 1 5 441 69
419 0 2 1 4 4 1 3 0 116 21
420 3 0 3 3 4 5 2 143 10
421 4 0 2 4 1 0 4 5 716 16
422 3 2 1 3 4 0 3 453 25
423 4 2 1 4 5 1 2 3 166 79
424 3 0 2 6 5 0 4 2 1 3 285 18
425 0 3 5 4 0 3 4 2 665 100
426 3 0 5 6 2 1 3 5 0 4 350 79
427 4 3 2 4 5 4 0 2 436 86
428 4 0 3 3 5 0 1 57 55
429 4 3 2 6 3 2 4 0 5 1 465 75
430 3 2 1 3 3 1 2 297 17
431 3 0 3 5 3 0 4 2 1 300 55
432 3 0 2 4 3 0 1 4 465 19
433 0 2 3 4 2 1 5 3 403 18
434 3 0 1 6 5 0 4 2 1 3 285 18
435 4 2 2 6 2 0 4 1 5 3 430 17
436 4 2 1 3 0 4 1 409 94
437 3 2 6 4 4 3 2 1 157 41
438 0 2 2 4 3 4 5 0 489 50
439 4 2 4 5 1 5 0 2 4 423 14
440 3 0 1 3 5 2 1 751 68
441 4 3 2 3 5 2 1 555 64
442 3 2 5 4 4 1 5 2 476 66
443 0 2 1 4 3 4 5 0 489 50
444 3 0 1 4 3 0 1 4 465 19
445 4 0 2 3 1 5 2 536 96
446 4 2 1 3 0 4 5 256 50
447 3 2 1 4 4 3 2 1 157 41
448 3 0 1 3 4 5 2 143 10
449 0 3 1 6 4 1 2 5 0 3 666 33
450 4 3 1 3 5 2 0 316 52
451 4 3 2 3 1 5 0 615 34
452 4 3 1 6 5 3 4 1 0 2 450 22
453 0 3 2 5 1 0 2 4 5 483 93
454 3 2 2 6 2 3 0 5 1 4 151 16
455 4 2 2 3 0 4 1 409 94
456 3 2 2 3 0 4 3 258 53
457 0 2 3 4 3 4 1 5 537 90
458 4 0 2 5 4 3 5 0 1 134 53
459 3 2 3 3 4 0 3 453 25
460 4 2 9 3 2 4 3 511 76
461 0 3 2 3 4 5 2 479 95
462 4 3 1 4 0 4 1 3 140 30
463 0 2 1 4 3 4 0 1 527 76
464 0 2 1 6 2 4 3 0 5 1 725 90
465 4 2 2 5 1 0 2 3 4 218 72
466 3 0 2 6 5 0 4 2 1 3 285 18
467 0 3 5 3 4 0 5 273 48
468 0 3 1 4 2 1 3 0 390 81
469 4 3 5 3 2 0 5 468 36
470 3 0 4 6 5 2 0 4 1 3 370 50
471 4 2 1 5 5 4 0 3 1 342 11
472 4 3 4 3 5 2 1 555 64
473 4 2 2 5 2 4 1 0 5 252 48
474 4 3 1 6 2 3 0 5 1 4 622 36
475 4 0 2 6 0 3 2 1 4 5 527 67
476 4 2 3 5 5 0 1 2 4 228 16
477 4 3 4 6 2 4 1 5 3 0 440 22
478 4 3 5 6 3 5 2 1 0 4 430 73
479 4 3 1 6 3 5 2 1 0 4 430 73
480 3 2 2 5 1 2 0 5 4 230 97
481 0 2 2 4 5 3 1 2 394 68
482 3 2 2 5 2 4 5 0 3 204 13
483 4 2 3 6 1 3 4 2 0 5 549 59
484 3 2 1 6 4 3 2 1 0 5 303 27
485 4 2 5 5 1 5 0 2 4 423 14
486 3 0 3 5 2 3 1 0 5 240 56
487 4 3 3 3 5 2 0 316 52
488 4 0 1 5 4 2 3 0 1 414 63
489 4 3 5 4 5 4 0 2 436 86
490 0 3 2 4 2 1 3 0 390 81
491 4 2 3 3 2 0 4 212 98
492 4 0 2 4 0 5 3 2 552 98
493 4 3 4 6 5 3 4 1 0 2 450 22
494 0 2 3 6 1 4 3 2 0 5 706 64
495 3 0 3 4 4 3 5 1 32 42
496 4 3 3 6 2 1 3 0 5 4 482 21
497 3 0 2 5 4 3 0 5 2 292 14
498 4 3 2 3 1 5 0 615 34
499 3 0 3 4 4 3 5 1 32 42
500 4 2 3 4 2 0 5 1 331 10
501 4 3 2 6 2 1 3 0 5 4 482 21
502 4 0 2 3 4 2 5 712 30
503 4 0 3 5 5 3 1 0 2 876 22
504 4 3 3 6 3 1 0 4 2 5 224 20
505 0 3 1 3 3 4 5 398 18
506 0 2 2 3 2 5 0 379 30
507 3 2 2 5 5 3 4 1 2 264 82
508 0 3 2 3 3 2 5 389 39
509 3 0 2 4 3 0 1 4 465 19
510 0 3 2 4 2 1 3 0 390 81
511 0 3 2 6 3 0 5 4 1 2 317 43
512 3 2 3 3 0 2 4 159 38
513 3 0 3 4 4 3 5 1 32 42
514 4 2 7 4 5 1 2 3 166 79
515 0 2 2 4 4 3 0 1 656 69
516 4 3 2 3 2 0 5 468 36
517 4 2 2 5 2 4 1 0 5 252 48
518 0 2 2 4 4 1 3 0 116 21
519 4 0 2 6 1 4 0 3 2 5 143 70
520 3 0 3 6 2 1 3 5 0 4 350 79
521 4 3 3 6 3 5 2 1 0 4 430 73
522 4 2 2 5 0 5 3 2 1 435 97
523 4 3 3 5 0 2 3 1 5 11 57
524 4 3 3 3 5 2 1 555 64
525 4 2 7 4 5 1 2 3 166 79
104
526 4 2 1 6 2 0 4 1 5 3 430 17
527 4 0 1 6 0 3 2 1 4 5 527 67
528 4 2 1 4 2 0 5 1 331 10
529 3 2 6 4 3 4 0 2 429 76
530 0 3 1 3 3 4 5 398 18
531 4 0 3 6 3 1 0 4 5 2 473 48
532 4 0 1 6 1 4 0 3 2 5 143 70
533 3 2 3 5 5 3 4 1 2 264 82
534 3 0 3 6 5 0 4 2 1 3 285 18
535 3 2 4 3 0 2 4 159 38
536 0 2 3 5 2 0 4 3 1 356 17
537 3 0 3 5 2 5 4 3 1 379 51
538 0 2 2 6 2 4 3 0 5 1 725 90
539 4 2 1 5 0 5 3 2 1 435 97
540 4 2 4 5 5 0 1 2 4 228 16
541 4 3 2 5 0 3 2 1 4 413 93
542 4 0 4 5 5 2 1 3 4 202 90
543 3 2 2 3 0 2 4 159 38
544 0 3 3 3 2 1 4 413 40
545 4 0 2 5 5 2 1 3 4 202 90
546 3 0 5 3 2 1 0 222 20
547 4 2 1 5 1 0 2 3 4 218 72
548 0 3 1 5 4 1 5 2 3 97 44
549 3 0 1 4 1 0 2 5 162 81
550 0 3 2 6 3 0 5 4 1 2 317 43
551 4 0 1 3 4 3 1 184 62
552 0 3 4 4 0 3 4 2 665 100
553 0 3 3 3 3 2 5 389 39
554 0 2 5 5 4 2 1 0 3 575 36
555 4 3 3 5 3 2 0 4 5 284 14
556 3 2 1 5 1 2 0 5 4 230 97
557 4 3 4 6 2 1 3 0 5 4 482 21
558 4 2 1 5 1 5 0 2 4 423 14
559 4 3 2 4 1 2 0 4 385 33
560 4 2 9 5 2 4 1 0 5 252 48
561 4 2 1 4 3 0 4 2 537 86
562 0 2 2 4 3 4 5 0 489 50
563 4 0 3 6 4 3 5 1 2 0 525 72
564 4 3 2 6 2 1 3 0 5 4 482 21
565 4 0 2 5 5 2 1 3 4 202 90
566 3 2 2 6 5 3 2 4 0 1 450 70
567 4 3 4 3 1 5 0 615 34
568 0 2 1 3 1 5 0 992 63
569 4 2 11 6 1 3 4 2 0 5 549 59
570 3 2 3 3 0 2 4 159 38
571 0 2 1 4 3 4 1 5 537 90
572 4 3 1 6 3 5 2 1 0 4 430 73
573 0 3 3 3 4 0 5 273 48
574 3 2 2 3 4 0 3 453 25
575 4 0 2 5 5 3 1 0 2 876 22
576 0 2 4 4 5 3 1 2 394 68
577 3 0 1 6 0 5 4 3 1 2 544 45
578 0 3 4 4 0 4 5 1 490 71
579 0 3 1 4 0 2 4 5 509 77
580 4 3 1 3 1 4 2 23 44
581 0 2 2 4 1 4 5 3 176 84
582 3 0 2 5 2 5 4 3 1 379 51
583 4 2 2 6 1 3 4 2 0 5 549 59
584 0 3 2 4 0 2 4 5 509 77
585 0 3 1 4 2 1 3 0 390 81
586 0 2 8 4 4 1 3 0 116 21
587 0 3 1 3 4 0 5 273 48
588 3 0 2 5 4 3 0 5 2 292 14
589 3 0 2 6 1 0 4 3 5 2 516 24
590 0 3 5 3 3 4 5 398 18
591 4 2 3 6 4 5 0 3 1 2 206 56
592 3 2 2 3 0 4 3 258 53
593 4 3 1 6 3 5 2 1 0 4 430 73
594 4 3 3 6 2 3 0 5 1 4 622 36
595 4 3 2 6 3 1 0 4 2 5 224 20
596 4 0 10 4 0 5 3 2 552 98
597 3 0 3 5 1 4 0 3 5 67 80
598 3 2 4 3 4 0 3 453 25
599 3 2 4 3 4 0 3 453 25
600 0 2 4 4 1 4 5 3 176 84
601 0 2 3 4 4 1 3 0 116 21
602 3 0 3 5 1 4 0 3 5 67 80
603 4 0 2 4 2 1 0 5 502 23
604 3 0 1 6 0 5 4 3 1 2 544 45
605 3 2 1 3 5 3 0 357 13
606 4 0 1 6 3 5 4 0 2 1 702 41
607 4 2 2 4 5 1 2 3 166 79
608 4 3 2 5 0 2 3 1 5 11 57
609 3 2 3 3 0 2 4 159 38
610 4 0 3 5 4 0 2 5 3 252 37
611 0 2 2 3 2 5 0 134 62
612 3 2 4 4 4 1 5 2 476 66
613 4 3 2 5 0 3 2 1 4 413 93
614 3 0 3 6 2 1 3 5 0 4 350 79
615 0 2 2 5 4 2 1 0 3 575 36
616 0 3 2 6 3 0 5 4 1 2 317 43
617 0 3 4 3 3 5 4 374 67
618 4 3 2 5 2 4 3 1 5 441 69
619 3 0 2 5 5 4 2 3 0 94 58
620 0 3 2 6 5 0 1 4 2 3 350 46
621 0 2 4 4 4 3 0 1 656 69
622 0 2 2 6 1 3 5 2 0 4 291 18
623 0 2 2 4 4 2 0 3 594 12
624 4 3 7 4 0 4 1 3 140 30
625 4 3 3 3 5 2 1 555 64
626 3 0 3 3 2 1 0 222 20
627 4 3 2 3 5 2 0 316 52
628 3 2 3 3 0 2 4 159 38
629 4 2 2 4 3 0 4 2 537 86
104
630 4 0 2 5 0 5 4 1 3 706 28
631 0 2 1 3 1 5 0 992 63
632 4 3 2 6 2 4 1 5 3 0 440 22
633 0 3 6 4 4 1 2 5 524 45
634 0 3 2 6 0 1 3 2 4 5 402 60
635 3 0 1 6 0 5 4 3 1 2 544 45
636 3 0 2 4 3 0 1 4 465 19
637 0 3 1 3 3 4 5 398 18
638 0 3 1 6 0 1 3 2 4 5 402 60
639 4 0 4 5 4 1 0 5 3 454 69
640 4 3 3 4 4 5 3 1 120 93
641 3 2 3 6 5 3 2 4 0 1 450 70
642 4 3 1 4 5 4 0 2 436 86
643 4 2 6 5 5 4 0 3 1 342 11
644 4 2 7 4 2 0 5 1 331 10
645 0 2 3 4 4 2 0 3 594 12
646 4 3 3 3 2 0 5 468 36
647 0 3 2 4 2 1 3 0 390 81
648 4 0 5 6 2 0 4 1 3 5 374 31
649 4 0 3 6 3 5 4 0 2 1 702 41
650 4 2 1 3 0 4 1 409 94
651 4 2 1 6 4 5 0 3 1 2 206 56
652 0 2 1 3 2 5 0 379 30
653 4 0 1 6 1 4 0 3 2 5 143 70
654 4 3 4 4 1 2 0 4 385 33
655 0 2 2 3 1 5 0 992 63
656 3 0 2 5 2 5 4 3 1 379 51
657 3 0 1 3 4 5 2 143 10
658 0 2 2 5 2 0 4 3 1 356 17
659 4 0 1 4 5 1 0 2 63 65
660 3 0 3 5 3 2 5 0 1 293 97
661 3 0 3 5 1 4 0 3 5 67 80
662 4 0 3 6 0 3 2 1 4 5 527 67
663 3 0 2 6 1 0 4 3 5 2 516 24
664 3 0 2 6 5 2 0 4 1 3 370 50
665 4 0 1 5 4 1 0 5 3 454 69
666 4 2 2 3 0 4 5 256 50
667 3 2 1 4 3 4 0 2 429 76
668 0 3 2 3 3 5 4 374 67
669 0 2 1 5 4 2 1 0 3 575 36
670 3 2 2 6 5 3 2 4 0 1 450 70
671 4 3 1 5 1 5 0 2 3 81 27
672 0 3 2 3 4 5 2 479 95
673 0 2 4 3 1 5 0 992 63
674 0 2 6 3 1 5 0 992 63
675 3 0 2 5 3 0 4 2 1 300 55
676 4 2 5 6 1 3 4 2 0 5 549 59
677 0 3 2 4 0 3 4 2 665 100
678 0 3 2 6 4 1 2 5 0 3 666 33
679 0 3 2 3 4 1 5 379 24
680 3 0 1 4 3 2 1 4 566 90
681 3 0 6 6 1 0 4 3 5 2 516 24
682 3 2 2 3 0 2 4 159 38
683 4 2 3 3 0 4 5 256 50
684 4 3 3 3 2 0 5 468 36
685 3 0 3 3 5 2 1 751 68
686 4 0 1 6 3 5 4 0 2 1 702 41
687 4 0 2 5 4 3 5 0 1 134 53
688 4 0 2 6 3 1 0 4 5 2 473 48
689 3 0 6 6 1 0 4 3 5 2 516 24
690 0 3 3 3 4 5 2 479 95
691 4 0 2 5 4 2 3 0 1 414 63
692 4 0 2 4 2 1 0 5 502 23
693 3 0 2 5 5 4 2 3 0 94 58
694 4 2 2 6 1 3 4 2 0 5 549 59
695 4 3 2 6 2 3 0 5 1 4 622 36
696 3 2 3 6 4 3 2 1 0 5 303 27
697 3 0 5 5 5 4 2 3 0 94 58
698 0 2 2 3 5 4 2 359 67
699 4 3 1 3 5 2 0 316 52
700 3 2 3 5 5 3 4 1 2 264 82
701 3 0 3 3 2 1 0 222 20
702 0 2 2 4 5 3 1 2 394 68
703 0 3 2 3 3 4 5 398 18
704 3 0 2 3 1 2 4 136 93
705 3 2 4 3 5 3 0 357 13
706 3 2 5 5 1 2 0 5 4 230 97
707 0 2 2 6 1 3 5 2 0 4 291 18
708 0 3 1 4 2 1 3 0 390 81
709 3 0 1 3 5 0 4 547 25
710 4 3 2 6 2 3 0 5 1 4 622 36
711 3 0 5 6 5 0 4 2 1 3 285 18
712 4 2 2 6 1 5 0 2 3 4 376 20
713 3 0 2 5 1 4 0 3 5 67 80
714 3 0 1 5 2 5 4 3 1 379 51
715 3 0 2 4 3 2 1 4 566 90
716 0 3 2 6 5 0 1 4 2 3 350 46
717 4 2 2 6 0 4 3 2 1 5 424 47
718 4 0 2 3 5 0 1 57 55
719 0 2 2 6 1 4 3 2 0 5 706 64
720 0 3 3 6 1 3 4 0 5 2 405 98
721 4 3 2 5 2 4 3 1 5 441 69
722 3 0 4 3 1 2 4 136 93
723 0 3 2 3 2 1 4 413 40
724 3 0 3 4 1 0 2 5 162 81
725 0 3 4 5 4 1 5 2 3 97 44
726 0 2 3 4 3 4 1 5 537 90
727 0 2 3 3 3 1 2 532 85
728 0 2 2 3 1 5 0 992 63
729 3 0 3 3 4 5 2 143 10
730 4 2 3 3 2 4 3 511 76
731 3 0 2 5 5 4 2 3 0 94 58
732 3 2 2 6 1 3 4 0 2 5 93 41
733 4 2 7 5 1 5 0 2 4 423 14
101
734 4 2 1 6 1 5 0 2 3 4 376 20
735 0 3 2 4 4 1 2 5 524 45
736 4 0 2 4 0 2 1 3 316 47
737 3 2 1 5 1 0 2 4 5 106 81
738 0 3 4 4 0 3 4 2 665 100
739 4 0 2 3 4 3 1 184 62
740 0 3 3 5 2 1 5 0 4 218 80
741 0 2 1 3 5 4 2 359 67
742 4 2 1 6 0 4 3 2 1 5 424 47
743 4 3 3 5 3 2 0 1 4 233 68
744 3 0 2 5 1 4 0 3 5 67 80
745 4 0 2 6 3 5 4 0 2 1 702 41
746 4 2 4 3 0 4 5 256 50
747 3 0 2 4 4 3 5 1 32 42
748 0 3 6 6 5 0 1 4 2 3 350 46
749 3 0 2 4 4 5 1 3 408 38
750 0 2 2 5 1 2 3 0 5 563 11
751 4 3 3 6 3 1 0 4 2 5 224 20
752 4 3 2 3 5 2 0 316 52
753 3 2 6 3 4 0 3 453 25
754 3 2 2 5 5 1 4 2 3 208 73
755 0 2 3 3 1 5 0 992 63
756 4 0 3 5 4 2 3 0 1 414 63
757 4 0 3 4 1 0 4 5 716 16
758 0 2 1 6 4 2 0 3 1 5 440 89
759 0 2 2 6 1 3 5 2 0 4 291 18
760 3 2 1 4 4 3 2 1 157 41
761 0 2 2 4 5 3 4 2 701 63
762 3 2 5 3 0 4 3 258 53
763 4 0 1 6 4 3 5 1 2 0 525 72
764 4 3 3 6 3 5 2 1 0 4 430 73
765 4 3 4 5 0 3 2 1 4 413 93
766 0 3 2 3 4 5 2 479 95
767 3 2 3 6 1 3 4 0 2 5 93 41
768 3 0 1 4 4 3 5 1 32 42
769 0 3 3 6 5 0 1 4 2 3 350 46
770 4 2 1 4 3 0 4 2 537 86
771 0 3 4 3 4 0 5 273 48
772 4 3 2 3 2 0 5 468 36
773 3 0 3 3 2 1 0 222 20
774 4 0 1 4 2 1 0 5 502 23
775 3 2 2 3 0 2 4 159 38
776 4 2 2 6 5 0 3 2 1 4 381 21
777 3 0 1 5 2 5 4 3 1 379 51
778 3 2 2 3 0 4 3 258 53
779 3 0 3 3 1 2 4 136 93
780 4 0 3 4 0 5 3 2 552 98
781 4 0 1 4 0 5 3 2 552 98
782 4 2 1 3 0 3 2 788 13
783 0 2 1 6 3 2 0 1 4 5 936 55
784 0 3 2 4 0 3 4 2 665 100
785 0 3 1 5 4 1 5 2 3 97 44
786 0 2 9 6 2 4 3 0 5 1 725 90
787 0 2 2 4 3 4 1 5 537 90
788 4 2 2 3 2 3 4 868 72
789 4 0 2 5 4 1 0 5 3 454 69
790 3 2 4 5 5 1 4 2 3 208 73
791 4 2 1 3 0 3 2 788 13
792 3 0 2 5 2 3 1 0 5 240 56
793 0 3 3 5 0 1 2 3 4 307 36
794 3 0 2 4 3 0 1 4 465 19
795 4 2 3 5 1 5 0 2 4 423 14
796 4 2 5 4 2 0 5 1 331 10
797 3 0 3 3 2 1 0 222 20
798 4 2 3 3 0 3 2 788 13
799 4 3 5 3 1 5 0 615 34
800 3 2 2 5 2 4 5 0 3 204 13
801 0 3 3 4 0 2 4 5 509 77
802 4 3 2 5 0 2 3 1 5 11 57
803 0 3 2 3 3 2 5 389 39
804 0 2 2 3 3 1 2 532 85
805 3 0 2 6 0 5 4 3 1 2 544 45
806 0 3 6 3 2 1 4 413 40
807 4 0 2 5 4 0 2 5 3 252 37
808 3 0 2 4 1 0 2 5 162 81
809 4 0 2 4 0 2 1 3 316 47
810 3 2 2 5 3 4 5 2 0 203 59
811 4 3 6 5 3 2 0 1 4 233 68
812 0 3 1 4 3 4 0 5 339 55
813 4 3 6 6 3 2 4 0 5 1 465 75
814 4 2 1 6 1 5 0 2 3 4 376 20
815 3 2 1 4 4 1 5 2 476 66
816 4 3 3 3 5 2 0 316 52
817 0 2 1 4 2 1 5 3 403 18
818 0 2 2 4 2 1 5 3 403 18
819 4 0 3 5 5 3 1 0 2 876 22
820 4 3 3 5 2 4 3 1 5 441 69
821 0 2 6 4 5 3 1 2 394 68
822 0 3 3 3 4 1 5 379 24
823 4 0 2 6 4 3 5 1 2 0 525 72
824 3 0 3 4 4 3 5 1 32 42
825 0 3 2 5 0 1 2 3 4 307 36
826 0 2 5 3 2 5 0 379 30
827 0 3 2 6 3 0 5 4 1 2 317 43
828 4 3 2 6 3 2 4 0 5 1 465 75
829 4 2 5 3 2 0 4 212 98
830 4 3 2 4 5 4 0 2 436 86
831 4 2 1 4 2 0 5 1 331 10
832 3 0 2 3 0 5 1 551 29
833 3 0 2 4 3 0 1 4 465 19
834 4 2 2 5 2 4 1 0 5 252 48
122
835 0 3 4 5 4 1 5 2 3 97 44
836 0 3 1 4 0 4 5 1 490 71
837 3 0 1 4 4 5 1 3 408 38
838 3 0 5 3 4 5 2 143 10
839 4 0 3 6 3 1 0 4 5 2 473 48
840 0 3 1 4 0 4 5 1 490 71
841 4 2 1 6 2 0 4 1 5 3 430 17
842 0 2 1 4 4 2 0 3 594 12
843 4 2 1 3 0 4 1 409 94
844 3 0 4 4 3 2 1 4 566 90
845 4 2 1 3 2 0 4 212 98
846 4 0 1 6 2 0 4 1 3 5 374 31
847 3 0 2 6 1 0 4 3 5 2 516 24
848 4 2 1 6 1 5 0 2 3 4 376 20
849 3 0 1 3 5 2 1 751 68
850 4 3 1 3 1 4 2 23 44
851 4 0 2 3 5 0 1 57 55
852 0 3 1 5 4 1 5 2 3 97 44
853 4 0 1 3 4 2 5 712 30
854 0 3 4 6 1 3 4 0 5 2 405 98
855 0 3 4 6 5 0 1 4 2 3 350 46
856 0 3 2 6 4 5 2 3 0 1 301 24
857 3 0 4 3 0 5 1 551 29
858 4 2 1 3 2 0 4 212 98
859 4 3 3 5 2 4 3 1 5 441 69
860 0 2 1 6 4 2 0 3 1 5 440 89
861 4 0 5 5 4 0 2 5 3 252 37
862 0 3 3 4 0 3 4 2 665 100
863 0 3 3 3 4 0 5 273 48
864 4 2 4 4 2 0 5 1 331 10
865 4 0 2 3 2 5 3 445 12
866 3 2 1 5 2 0 4 3 1 410 76
867 4 3 2 5 3 5 2 4 1 402 38
868 0 3 4 6 1 3 4 0 5 2 405 98
869 3 0 2 3 0 5 1 551 29
870 0 3 2 3 2 1 4 413 40
871 4 3 1 6 5 3 4 1 0 2 450 22
872 0 2 1 6 1 3 5 2 0 4 291 18
873 3 0 1 5 3 2 5 0 1 293 97
874 4 2 1 6 1 5 0 2 3 4 376 20
875 3 0 4 4 4 5 1 3 408 38
876 3 0 2 3 0 5 1 551 29
877 4 2 2 3 2 3 4 868 72
878 4 0 4 4 1 0 4 5 716 16
879 4 0 2 5 5 3 1 0 2 876 22
880 3 0 3 5 2 3 1 0 5 240 56
881 4 2 4 4 5 1 2 3 166 79
882 4 0 1 5 4 3 5 0 1 134 53
883 4 3 1 5 3 2 0 1 4 233 68
884 4 2 3 4 3 0 4 2 537 86
885 0 2 1 4 5 3 4 2 701 63
886 3 2 6 5 2 4 5 0 3 204 13
887 3 0 1 5 2 5 4 3 1 379 51
888 3 0 3 5 3 0 4 2 1 300 55
889 3 0 1 4 4 5 1 3 408 38
890 3 2 2 6 4 3 2 1 0 5 303 27
891 3 0 2 6 0 5 4 3 1 2 544 45
892 4 0 3 4 1 0 4 5 716 16
893 4 3 1 6 2 1 3 0 5 4 482 21
894 4 2 3 3 0 4 5 256 50
895 4 3 2 4 4 5 3 1 120 93
896 4 2 5 4 1 2 3 0 543 21
897 4 3 2 5 1 5 0 2 3 81 27
898 4 3 2 6 3 2 4 0 5 1 465 75
899 4 2 8 5 1 5 0 2 4 423 14
900 0 3 4 6 0 1 3 2 4 5 402 60
901 3 0 1 4 3 0 1 4 465 19
902 4 3 2 3 1 4 2 23 44
903 4 3 1 6 3 2 4 0 5 1 465 75
904 0 2 1 4 4 2 0 3 594 12
905 4 3 2 6 3 5 2 1 0 4 430 73
906 0 2 3 3 2 5 0 134 62
907 0 3 1 3 2 1 4 413 40
908 3 0 1 4 4 5 1 3 408 38
909 0 2 3 4 2 1 5 3 403 18
910 4 2 7 3 0 4 5 256 50
911 0 2 8 4 1 4 5 3 176 84
912 3 0 2 3 5 0 4 547 25
913 4 3 3 6 5 3 4 1 0 2 450 22
914 0 2 4 4 1 4 5 3 176 84
915 0 3 2 4 2 1 3 0 390 81
916 4 3 6 5 0 3 2 1 4 413 93
917 4 2 2 6 1 5 0 2 3 4 376 20
918 3 2 4 3 4 0 3 453 25
919 3 2 3 6 5 3 2 4 0 1 450 70
920 0 3 8 6 4 1 2 5 0 3 666 33
921 3 0 2 5 2 3 1 0 5 240 56
922 3 0 1 3 5 2 1 751 68
923 3 2 9 5 2 0 4 3 1 410 76
924 0 3 2 4 0 4 5 1 490 71
925 4 2 2 3 2 3 4 868 72
926 0 3 1 4 4 1 2 5 524 45
927 0 2 4 6 1 4 3 2 0 5 706 64
928 4 3 4 5 3 2 0 1 4 233 68
929 0 3 2 6 5 0 1 4 2 3 350 46
930 3 0 1 3 2 1 0 222 20
931 4 2 2 5 0 5 3 2 1 435 97
932 0 2 3 3 2 5 0 134 62
933 3 0 1 6 2 1 3 5 0 4 350 79
934 4 0 2 5 4 3 5 0 1 134 53
935 4 2 2 3 2 4 3 511 76
936 0 2 2 6 1 4 3 2 0 5 706 64
937 3 0 1 3 5 0 4 547 25
938 3 2 2 3 3 1 2 297 17
939 4 3 2 3 1 5 0 615 34
940 4 0 4 6 0 3 2 1 4 5 527 67
941 0 2 3 6 1 3 5 2 0 4 291 18
942 4 0 4 3 4 3 1 184 62
943 4 0 3 4 0 2 1 3 316 47
944 4 0 3 5 4 2 3 0 1 414 63
945 0 2 3 4 2 1 5 3 403 18
946 4 3 2 4 5 4 0 2 436 86
947 4 2 3 4 3 0 4 2 537 86
948 3 2 4 6 2 3 0 5 1 4 151 16
949 3 2 2 3 5 3 0 357 13
950 4 3 3 6 3 1 0 4 2 5 224 20
951 0 2 2 6 3 2 0 1 4 5 936 55
952 3 0 3 4 4 3 5 1 32 42
953 4 3 3 5 2 4 3 1 5 441 69
954 3 0 4 6 5 0 4 2 1 3 285 18
955 0 3 3 3 3 4 5 398 18
956 4 3 2 5 2 4 3 1 5 441 69
107
957 0 3 1 3 2 1 4 413 40
958 0 2 2 3 3 1 2 532 85
959 4 0 2 4 5 1 0 2 63 65
960 3 0 1 3 5 0 4 547 25
961 0 2 4 6 4 2 0 3 1 5 440 89
962 0 3 3 6 4 5 2 3 0 1 301 24
963 3 2 1 5 2 0 4 3 1 410 76
964 4 0 1 5 4 2 3 0 1 414 63
965 0 2 1 5 2 0 4 3 1 356 17
966 3 0 2 3 5 0 4 547 25
967 4 0 2 5 4 3 5 0 1 134 53
968 4 2 3 6 1 5 0 2 3 4 376 20
969 3 2 3 5 5 3 4 1 2 264 82
970 3 0 2 3 5 0 4 547 25
971 3 2 2 5 0 1 5 4 3 415 78
972 3 0 4 6 2 1 3 5 0 4 350 79
973 0 2 1 6 4 2 0 3 1 5 440 89
974 4 3 1 6 5 3 4 1 0 2 450 22
975 4 0 2 6 3 5 4 0 2 1 702 41
976 4 2 2 5 5 4 0 3 1 342 11
977 4 0 1 3 4 3 1 184 62
978 3 0 1 4 4 3 5 1 32 42
979 4 0 1 5 5 2 1 3 4 202 90
980 3 0 6 4 3 2 1 4 566 90
981 4 0 4 4 5 1 0 2 63 65
982 4 3 2 6 3 1 0 4 2 5 224 20
983 4 2 1 4 3 0 4 2 537 86
984 3 0 4 6 5 0 4 2 1 3 285 18
985 4 0 3 3 4 3 1 184 62
986 4 2 2 3 2 3 4 868 72
987 4 3 1 5 1 5 0 2 3 81 27
988 4 2 2 5 2 4 1 0 5 252 48
989 4 3 3 4 1 2 0 4 385 33
990 3 0 1 4 3 2 1 4 566 90
991 0 3 2 6 5 0 1 4 2 3 350 46
992 4 3 7 3 5 2 0 316 52
993 0 3 2 6 4 1 2 5 0 3 666 33
994 4 2 2 3 2 0 4 212 98
995 3 0 1 4 4 5 1 3 408 38
996 4 0 2 3 4 3 1 184 62
997 0 2 1 5 1 2 3 0 5 563 11
998 3 2 2 5 3 4 5 2 0 203 59
999 3 2 2 4 4 1 5 2 476 66
1000 4 2 1 5 1 0 2 3 4 218 72
1001 3 2 1 5 1 0 2 4 5 106 81
1002 3 2 1 6 5 3 2 4 0 1 450 70
1003 4 3 2 6 2 3 0 5 1 4 622 36
1004 4 2 1 5 5 4 0 3 1 342 11
1005 3 0 3 4 0 4 1 2 176 79
1006 4 3 1 3 2 0 5 468 36
1007 4 2 5 3 2 3 4 868 72
1008 4 0 2 5 4 2 3 0 1 414 63
1009 4 0 3 5 4 1 0 5 3 454 69
1010 0 2 3 4 2 1 5 3 403 18
1011 0 2 2 3 2 5 0 379 30
1012 0 2 1 4 4 3 0 1 656 69
1013 3 0 7 3 0 5 1 551 29
1014 3 0 1 5 1 4 0 3 5 67 80
1015 3 2 2 5 1 0 2 4 5 106 81
1016 4 3 2 3 5 2 0 316 52
1017 0 3 1 3 2 1 4 413 40
1018 4 2 1 3 0 4 1 409 94
1019 0 2 1 4 4 2 0 3 594 12
1020 0 2 2 4 2 1 5 3 403 18
1021 3 0 4 4 3 0 1 4 465 19
1022 4 3 2 5 2 4 3 1 5 441 69
1023 4 2 3 4 5 1 2 3 166 79
1024 4 0 2 6 1 4 0 3 2 5 143 70
1025 4 0 2 5 4 1 0 5 3 454 69
1026 4 3 2 4 0 4 1 3 140 30
1027 4 3 4 4 4 5 3 1 120 93
1028 4 0 4 6 1 4 0 3 2 5 143 70
1029 4 2 2 4 1 2 3 0 543 21
1030 4 3 3 3 1 5 0 615 34
1031 0 3 3 4 3 4 0 5 339 55
1032 4 2 3 5 5 4 2 0 1 304 74
1033 4 0 2 6 3 5 4 0 2 1 702 41
1034 0 3 2 3 4 0 5 273 48
1035 3 2 1 5 2 0 4 3 1 410 76
1036 0 3 3 3 4 5 2 479 95
1037 4 2 2 5 5 4 2 0 1 304 74
1038 3 2 1 6 5 3 2 4 0 1 450 70
1039 0 3 2 4 0 2 4 5 509 77
1040 3 0 2 6 5 2 0 4 1 3 370 50
1041 0 2 2 3 5 4 2 359 67
1042 4 0 4 4 5 1 0 2 63 65
1043 0 2 2 3 2 5 0 379 30
1044 4 2 2 6 0 4 3 2 1 5 424 47
1045 4 0 3 3 1 5 2 536 96
1046 0 3 4 4 0 2 4 5 509 77
1047 0 3 4 4 2 1 3 0 390 81
1048 0 3 2 3 4 0 5 273 48
1049 0 3 2 6 1 3 4 0 5 2 405 98
1050 4 0 1 5 4 2 3 0 1 414 63
1051 4 0 7 4 0 2 1 3 316 47
1052 4 0 2 4 1 0 4 5 716 16
1053 0 2 7 4 1 4 5 3 176 84
1054 0 3 2 3 4 1 5 379 24
1055 0 2 3 3 5 4 2 359 67
1056 4 2 2 4 5 1 2 3 166 79
1057 4 2 3 6 5 0 3 2 1 4 381 21
1058 0 3 5 5 4 1 5 2 3 97 44
1059 4 0 2 5 5 3 1 0 2 876 22
1060 4 2 2 4 1 2 3 0 543 21
1061 0 3 2 4 0 3 4 2 665 100
1062 0 3 3 6 4 5 2 3 0 1 301 24
1063 4 3 6 4 5 4 0 2 436 86
100
1064 0 2 2 4 3 4 0 1 527 76
1065 0 2 1 5 1 2 3 0 5 563 11
1066 4 3 1 6 3 2 4 0 5 1 465 75
1067 3 2 1 5 1 0 2 4 5 106 81
1068 4 2 6 3 0 3 2 788 13
1069 0 2 2 6 2 4 3 0 5 1 725 90
1070 3 0 7 4 4 3 5 1 32 42
1071 3 0 2 6 5 2 0 4 1 3 370 50
1072 0 2 2 6 1 3 5 2 0 4 291 18
1073 0 3 5 4 2 1 3 0 390 81
1074 4 3 1 4 1 2 0 4 385 33
1075 3 2 1 5 5 3 4 1 2 264 82
1076 4 2 2 6 5 0 3 2 1 4 381 21
1077 4 3 1 6 3 5 2 1 0 4 430 73
1078 0 3 2 6 5 0 1 4 2 3 350 46
1079 3 2 2 5 2 4 5 0 3 204 13
1080 3 0 3 6 5 2 0 4 1 3 370 50
1081 4 3 6 5 0 3 2 1 4 413 93
1082 0 2 1 6 4 2 0 3 1 5 440 89
1083 0 2 4 4 3 4 1 5 537 90
1084 0 2 2 4 3 4 5 0 489 50
1085 4 0 3 6 3 5 4 0 2 1 702 41
1086 4 0 3 3 2 5 3 445 12
1087 0 2 3 5 2 0 4 3 1 356 17
1088 4 3 2 6 2 4 1 5 3 0 440 22
1089 3 2 1 3 5 3 0 357 13
1090 4 0 2 4 0 2 1 3 316 47
1091 3 2 2 3 4 0 3 453 25
1092 4 2 2 5 1 0 2 3 4 218 72
1093 3 0 1 5 2 3 1 0 5 240 56
1094 0 3 1 4 3 4 0 5 339 55
1095 3 2 2 4 3 4 0 2 429 76
1096 4 3 1 5 1 5 0 2 3 81 27
1097 0 3 3 3 3 5 4 374 67
1098 3 0 1 3 5 2 1 751 68
1099 4 3 1 4 4 5 3 1 120 93
1100 4 2 2 5 2 4 1 0 5 252 48
1101 0 2 2 4 1 4 5 3 176 84
1102 0 2 2 4 5 3 1 2 394 68
1103 4 0 1 5 5 2 1 3 4 202 90
1104 4 3 2 4 0 4 1 3 140 30
1105 0 3 3 6 0 1 3 2 4 5 402 60
1106 4 3 1 6 3 5 2 1 0 4 430 73
1107 3 2 2 5 5 3 4 1 2 264 82
1108 4 0 4 5 4 2 3 0 1 414 63
1109 4 3 2 5 1 5 0 2 3 81 27
1110 0 3 2 5 4 1 5 2 3 97 44
1111 0 2 7 4 4 2 0 3 594 12
1112 4 0 1 5 4 3 5 0 1 134 53
1113 3 0 2 4 3 2 1 4 566 90
1114 4 0 3 5 5 2 1 3 4 202 90
1115 0 2 1 4 5 3 1 2 394 68
1116 3 0 2 3 0 5 1 551 29
1117 4 0 3 3 2 5 3 445 12
1118 4 0 3 3 5 0 1 57 55
1119 3 0 3 6 5 0 4 2 1 3 285 18
1120 4 3 1 4 0 4 1 3 140 30
1121 0 3 2 6 5 0 1 4 2 3 350 46
1122 3 0 1 4 0 4 1 2 176 79
1123 3 2 3 4 4 1 5 2 476 66
1124 4 2 2 5 1 0 2 3 4 218 72
1125 4 0 6 3 4 3 1 184 62
1126 4 3 1 6 3 5 2 1 0 4 430 73
1127 4 3 3 3 5 2 0 316 52
1128 4 0 2 6 3 1 0 4 5 2 473 48
1129 4 3 1 6 3 5 2 1 0 4 430 73
1130 3 2 5 5 3 4 5 2 0 203 59
1131 3 0 1 4 3 0 1 4 465 19
1132 4 0 1 6 2 0 4 1 3 5 374 31
1133 0 2 2 3 5 4 2 359 67
1134 0 2 3 5 2 0 4 3 1 356 17
1135 4 3 1 6 2 3 0 5 1 4 622 36
1136 0 2 1 3 5 4 2 359 67
1137 0 2 2 6 1 3 5 2 0 4 291 18
1138 3 0 5 3 5 2 1 751 68
1139 4 0 3 6 0 3 2 1 4 5 527 67
1140 3 2 2 6 4 3 2 1 0 5 303 27
1141 3 2 1 4 3 4 0 2 429 76
1142 4 0 2 5 5 2 1 3 4 202 90
1143 3 0 3 4 3 0 1 4 465 19
1144 4 0 1 4 1 0 4 5 716 16
1145 3 2 3 6 1 3 4 0 2 5 93 41
1146 3 0 3 5 1 4 0 3 5 67 80
1147 0 3 5 5 1 0 2 4 5 483 93
1148 0 3 4 3 4 1 5 379 24
1149 0 2 2 6 2 4 3 0 5 1 725 90
1150 0 3 1 6 3 1 0 2 5 4 538 58
1151 3 0 2 3 5 2 1 751 68
1152 3 2 2 4 4 1 5 2 476 66
1153 4 3 4 6 2 1 3 0 5 4 482 21
1154 3 0 2 5 5 4 2 3 0 94 58
1155 0 3 3 6 3 0 5 4 1 2 317 43
1156 4 3 2 3 5 2 1 555 64
1157 0 2 2 4 3 4 1 5 537 90
1158 0 2 6 6 3 2 0 1 4 5 936 55
1159 0 2 2 5 2 0 4 3 1 356 17
1160 4 2 2 6 2 0 4 1 5 3 430 17
1161 4 3 2 3 1 5 0 615 34
1162 4 2 5 5 1 5 0 2 4 423 14
1163 3 2 4 4 3 4 0 2 429 76
110
1164 0 2 1 4 5 3 4 2 701 63
1165 4 2 7 4 5 1 2 3 166 79
1166 0 3 3 6 1 3 4 0 5 2 405 98
1167 0 3 1 6 5 0 1 4 2 3 350 46
1168 4 2 4 3 0 3 2 788 13
1169 0 2 2 4 4 2 0 3 594 12
1170 4 0 5 4 0 5 3 2 552 98
1171 0 3 1 3 4 1 5 379 24
1172 4 0 3 5 5 2 1 3 4 202 90
1173 3 2 2 5 2 4 5 0 3 204 13
1174 0 2 1 4 3 4 5 0 489 50
1175 3 2 1 4 4 3 2 1 157 41
1176 4 3 3 6 2 4 1 5 3 0 440 22
1177 4 2 3 4 5 1 2 3 166 79
1178 3 0 2 5 1 4 0 3 5 67 80
1179 3 2 1 6 1 3 4 0 2 5 93 41
1180 0 3 4 3 4 1 5 379 24
1181 3 2 2 3 0 2 4 159 38
1182 0 2 1 5 4 2 1 0 3 575 36
1183 0 3 2 3 3 2 5 389 39
1184 4 3 1 4 1 2 0 4 385 33
1185 0 3 2 5 1 0 2 4 5 483 93
1186 0 2 2 4 3 4 1 5 537 90
1187 0 3 3 6 5 0 1 4 2 3 350 46
1188 0 2 1 4 1 4 5 3 176 84
1189 3 2 7 3 0 2 4 159 38
1190 3 0 1 5 3 0 4 2 1 300 55
1191 4 2 1 6 1 3 4 2 0 5 549 59
1192 4 3 5 5 3 2 0 4 5 284 14
1193 0 3 1 4 3 4 0 5 339 55
1194 4 3 3 3 5 2 0 316 52
1195 0 3 1 3 2 1 4 413 40
1196 3 0 2 5 4 3 0 5 2 292 14
1197 4 3 1 5 0 3 2 1 4 413 93
1198 4 0 1 6 0 3 2 1 4 5 527 67
1199 0 2 2 6 1 4 3 2 0 5 706 64
1200 4 2 1 6 0 4 3 2 1 5 424 47
1201 4 3 2 5 3 5 2 4 1 402 38
1202 4 2 2 6 1 5 0 2 3 4 376 20
1203 4 0 4 6 0 3 2 1 4 5 527 67
1204 4 0 1 4 2 1 0 5 502 23
1205 4 2 1 5 5 4 0 3 1 342 11
1206 3 2 2 5 1 0 2 4 5 106 81
1207 4 2 1 4 5 1 2 3 166 79
1208 4 2 4 6 4 5 0 3 1 2 206 56
1209 3 0 1 6 5 0 4 2 1 3 285 18
1210 0 3 2 4 3 4 0 5 339 55
1211 0 3 1 6 5 0 1 4 2 3 350 46
1212 4 0 2 6 2 0 4 1 3 5 374 31
1213 4 0 1 5 4 0 2 5 3 252 37
1214 0 2 2 3 5 4 2 359 67
1215 4 2 5 6 1 3 4 2 0 5 549 59
1216 0 3 2 4 0 2 4 5 509 77
1217 3 2 2 3 0 2 4 159 38
1218 0 2 2 3 5 4 2 359 67
1219 4 0 1 4 1 0 4 5 716 16
1220 4 2 1 3 0 3 2 788 13
1221 0 2 1 3 5 4 2 359 67
1222 0 3 3 5 2 1 5 0 4 218 80
1223 4 3 5 6 3 5 2 1 0 4 430 73
1224 4 0 1 4 0 5 3 2 552 98
1225 0 3 1 3 3 5 4 374 67
1226 3 0 1 3 5 2 1 751 68
1227 4 3 4 6 5 3 4 1 0 2 450 22
1228 3 2 3 3 5 3 0 357 13
1229 3 2 1 3 5 3 0 357 13
1230 4 2 1 3 2 0 4 212 98
1231 0 2 2 6 1 3 5 2 0 4 291 18
1232 0 3 8 3 2 1 4 413 40
1233 0 3 1 3 2 1 4 413 40
1234 3 2 7 3 0 2 4 159 38
1235 3 0 5 3 4 5 2 143 10
1236 4 3 3 4 1 2 0 4 385 33
1237 4 2 3 3 0 4 5 256 50
1238 0 2 1 3 1 5 0 992 63
1239 4 3 3 5 3 5 2 4 1 402 38
1240 0 2 1 4 4 3 0 1 656 69
1241 4 2 2 6 4 5 0 3 1 2 206 56
1242 3 0 6 6 1 0 4 3 5 2 516 24
1243 4 2 3 4 3 0 4 2 537 86
1244 4 3 2 6 2 1 3 0 5 4 482 21
1245 4 0 3 4 0 2 1 3 316 47
1246 3 0 2 3 5 0 4 547 25
1247 0 2 2 4 4 3 0 1 656 69
1248 3 2 1 6 4 3 2 1 0 5 303 27
1249 0 3 4 3 2 1 4 413 40
1250 3 0 2 4 1 0 2 5 162 81
1251 0 3 2 5 2 1 5 0 4 218 80
1252 0 3 3 3 3 4 5 398 18
1253 3 2 1 4 3 4 0 2 429 76
1254 4 2 1 6 1 3 4 2 0 5 549 59
1255 4 3 2 6 5 3 4 1 0 2 450 22
1256 4 2 6 6 4 5 0 3 1 2 206 56
1257 3 0 3 5 3 2 5 0 1 293 97
1258 0 3 2 4 2 1 3 0 390 81
1259 0 2 3 5 1 2 3 0 5 563 11
1260 0 3 2 3 3 5 4 374 67
1261 3 2 2 5 1 2 0 5 4 230 97
1262 0 2 2 4 4 1 3 0 116 21
1263 4 0 2 3 2 5 3 445 12
1264 0 2 5 4 1 4 5 3 176 84
1265 3 2 3 3 3 1 2 297 17
1266 0 2 3 6 3 2 0 1 4 5 936 55
1267 3 0 3 5 5 4 2 3 0 94 58
1268 4 3 2 5 0 3 2 1 4 413 93
1269 0 2 2 4 3 4 5 0 489 50
1270 0 3 2 3 4 0 5 273 48
1271 4 0 2 5 4 0 2 5 3 252 37
1272 0 2 3 3 2 5 0 134 62
1273 4 2 3 5 0 5 3 2 1 435 97
116
1274 4 2 3 6 1 5 0 2 3 4 376 20
1275 3 0 1 4 4 5 1 3 408 38
1276 0 3 1 3 4 1 5 379 24
1277 4 0 4 4 1 0 4 5 716 16
1278 3 0 1 4 3 0 1 4 465 19
1279 0 3 2 3 3 2 5 389 39
1280 4 3 1 6 3 1 0 4 2 5 224 20
1281 0 2 1 4 5 3 1 2 394 68
1282 4 2 2 5 0 5 3 2 1 435 97
1283 4 3 1 3 5 2 0 316 52
1284 4 0 2 4 2 1 0 5 502 23
1285 3 0 2 5 2 5 4 3 1 379 51
1286 3 0 2 5 2 3 1 0 5 240 56
1287 4 2 2 4 5 1 2 3 166 79
1288 4 0 1 6 1 4 0 3 2 5 143 70
1289 3 0 1 3 0 5 1 551 29
1290 4 2 1 6 2 0 4 1 5 3 430 17
1291 3 2 1 5 1 2 0 5 4 230 97
1292 4 0 4 5 4 0 2 5 3 252 37
1293 3 2 1 3 0 2 4 159 38
1294 4 3 2 6 2 3 0 5 1 4 622 36
1295 4 2 1 3 2 0 4 212 98
1296 4 3 3 4 1 2 0 4 385 33
1297 0 2 2 6 3 2 0 1 4 5 936 55
1298 4 2 2 4 3 0 4 2 537 86
1299 4 0 1 3 2 5 3 445 12
1300 3 0 2 5 2 5 4 3 1 379 51
1301 3 0 4 3 5 0 4 547 25
1302 4 3 2 6 2 3 0 5 1 4 622 36
1303 4 2 1 4 5 1 2 3 166 79
1304 4 0 1 6 2 0 4 1 3 5 374 31
1305 0 2 2 5 4 2 1 0 3 575 36
1306 0 3 1 5 2 1 5 0 4 218 80
1307 3 2 3 4 4 1 5 2 476 66
1308 0 3 1 3 4 1 5 379 24
1309 4 2 2 6 1 5 0 2 3 4 376 20
1310 3 0 2 3 1 2 4 136 93
1311 4 3 1 4 0 4 1 3 140 30
1312 3 2 2 5 2 0 4 3 1 410 76
1313 0 3 2 3 3 2 5 389 39
1314 0 3 3 4 0 2 4 5 509 77
1315 3 0 3 5 3 0 4 2 1 300 55
1316 4 3 1 4 1 2 0 4 385 33
1317 0 2 3 4 4 3 0 1 656 69
1318 3 0 5 3 2 1 0 222 20
1319 4 3 1 6 2 1 3 0 5 4 482 21
1320 3 2 4 5 5 1 4 2 3 208 73
1321 0 3 1 3 4 1 5 379 24
1322 4 0 4 5 0 5 4 1 3 706 28
1323 4 3 2 6 1 5 2 4 0 3 334 14
1324 3 0 3 5 4 3 0 5 2 292 14
1325 4 2 2 5 1 5 0 2 4 423 14
1326 3 2 1 5 5 1 4 2 3 208 73
1327 4 0 2 3 4 3 1 184 62
1328 4 2 2 5 1 5 0 2 4 423 14
1329 3 2 6 5 0 1 5 4 3 415 78
1330 3 2 2 5 5 3 4 1 2 264 82
1331 3 0 3 6 1 0 4 3 5 2 516 24
1332 0 2 1 4 3 4 0 1 527 76
1333 3 0 2 4 4 5 1 3 408 38
1334 4 3 3 5 2 4 3 1 5 441 69
1335 0 3 3 4 0 4 5 1 490 71
1336 3 2 3 5 5 1 4 2 3 208 73
1337 0 2 5 6 2 4 3 0 5 1 725 90
1338 0 3 2 6 0 1 3 2 4 5 402 60
1339 3 0 2 3 1 2 4 136 93
1340 4 0 4 6 0 3 2 1 4 5 527 67
1341 4 0 2 4 2 1 0 5 502 23
1342 4 2 1 5 1 5 0 2 4 423 14
1343 4 3 1 3 1 5 0 615 34
1344 4 3 1 5 1 5 0 2 3 81 27
1345 3 0 2 5 4 3 0 5 2 292 14
1346 4 0 2 3 2 5 3 445 12
1347 4 3 2 3 1 4 2 23 44
1348 0 2 1 5 2 0 4 3 1 356 17
1349 4 0 1 4 5 1 0 2 63 65
1350 3 2 2 4 4 1 5 2 476 66
1351 3 0 1 5 1 4 0 3 5 67 80
1352 4 2 2 5 5 4 0 3 1 342 11
1353 4 3 4 5 3 2 0 1 4 233 68
1354 4 0 2 6 4 3 5 1 2 0 525 72
1355 0 2 2 6 2 4 3 0 5 1 725 90
1356 4 3 2 6 1 5 2 4 0 3 334 14
1357 0 2 2 6 1 3 5 2 0 4 291 18
1358 3 0 2 6 1 0 4 3 5 2 516 24
1359 4 3 2 5 3 2 0 1 4 233 68
1360 3 0 7 4 3 2 1 4 566 90
1361 4 3 2 6 2 3 0 5 1 4 622 36
1362 4 2 3 4 5 1 2 3 166 79
1363 4 2 3 5 0 5 3 2 1 435 97
1364 4 3 1 4 1 2 0 4 385 33
1365 0 2 1 4 1 4 5 3 176 84
1366 4 3 2 4 4 5 3 1 120 93
1367 3 0 4 4 4 5 1 3 408 38
1368 0 2 2 5 2 0 4 3 1 356 17
1369 3 2 2 5 5 3 4 1 2 264 82
1370 0 3 2 3 4 5 2 479 95
1371 3 0 2 5 1 4 0 3 5 67 80
1372 4 3 3 6 3 5 2 1 0 4 430 73
1373 0 2 3 5 4 2 1 0 3 575 36
1374 4 3 4 6 2 1 3 0 5 4 482 21
1375 4 0 2 6 0 3 2 1 4 5 527 67
1376 4 0 2 5 4 0 2 5 3 252 37
1377 0 3 2 5 4 1 5 2 3 97 44
1378 3 2 2 3 3 1 2 297 17
1379 4 3 2 5 0 3 2 1 4 413 93
1380 4 3 3 4 4 5 3 1 120 93
1381 3 0 2 4 0 4 1 2 176 79
1382 4 2 4 6 1 5 0 2 3 4 376 20
1383 4 3 3 5 3 2 0 1 4 233 68
1384 4 2 2 5 0 5 3 2 1 435 97
1385 0 3 4 4 0 3 4 2 665 100
1386 4 0 2 5 5 2 1 3 4 202 90
1387 0 3 3 3 3 4 5 398 18
1388 0 2 2 5 1 2 3 0 5 563 11
1389 3 2 2 5 0 1 5 4 3 415 78
113
1390 4 0 1 5 4 3 5 0 1 134 53
1391 0 3 4 3 3 2 5 389 39
1392 4 3 1 5 0 3 2 1 4 413 93
1393 3 0 2 6 5 2 0 4 1 3 370 50
1394 3 2 3 5 3 4 5 2 0 203 59
1395 3 0 2 6 1 0 4 3 5 2 516 24
1396 3 0 5 4 0 4 1 2 176 79
1397 4 2 1 6 4 5 0 3 1 2 206 56
1398 4 3 1 3 1 5 0 615 34
1399 3 2 1 4 4 1 5 2 476 66
1400 0 2 2 4 4 1 3 0 116 21
1401 0 3 2 6 1 3 4 0 5 2 405 98
1402 3 0 1 4 4 5 1 3 408 38
1403 4 2 3 4 2 0 5 1 331 10
1404 0 2 2 3 3 1 2 532 85
1405 0 2 2 6 4 2 0 3 1 5 440 89
1406 4 2 1 6 1 3 4 2 0 5 549 59
1407 4 2 1 3 2 3 4 868 72
1408 0 2 1 4 5 3 4 2 701 63
1409 4 3 2 5 2 4 3 1 5 441 69
1410 0 2 2 6 1 3 5 2 0 4 291 18
1411 0 2 2 6 1 4 3 2 0 5 706 64
1412 3 2 2 3 5 3 0 357 13
1413 3 0 3 3 5 2 1 751 68
1414 4 0 7 6 4 3 5 1 2 0 525 72
1415 4 0 3 5 4 2 3 0 1 414 63
1416 4 0 3 6 0 3 2 1 4 5 527 67
1417 0 3 3 3 3 2 5 389 39
1418 4 2 1 5 2 4 1 0 5 252 48
1419 0 2 4 4 3 4 1 5 537 90
1420 4 3 1 5 3 5 2 4 1 402 38
1421 4 0 1 4 0 5 3 2 552 98
1422 0 3 2 4 0 3 4 2 665 100
1423 4 2 2 4 2 0 5 1 331 10
1424 3 2 3 6 1 3 4 0 2 5 93 41
1425 0 3 3 3 3 2 5 389 39
1426 0 2 4 6 1 3 5 2 0 4 291 18
1427 0 2 2 4 2 1 5 3 403 18
1428 4 3 4 6 5 3 4 1 0 2 450 22
1429 4 0 2 4 2 1 0 5 502 23
1430 4 3 1 5 1 5 0 2 3 81 27
1431 0 3 3 3 4 5 2 479 95
1432 3 2 6 5 3 4 5 2 0 203 59
1433 3 2 2 6 1 3 4 0 2 5 93 41
1434 4 3 4 6 3 5 2 1 0 4 430 73
1435 3 2 3 5 3 4 5 2 0 203 59
1436 0 3 3 5 2 1 5 0 4 218 80
1437 0 3 2 6 5 0 1 4 2 3 350 46
1438 0 3 1 6 4 1 2 5 0 3 666 33
1439 4 0 6 5 0 5 4 1 3 706 28
1440 4 0 2 4 2 1 0 5 502 23
1441 3 0 1 5 5 4 2 3 0 94 58
1442 3 0 2 6 0 5 4 3 1 2 544 45
1443 0 3 1 4 3 4 0 5 339 55
1444 3 0 3 6 2 1 3 5 0 4 350 79
1445 3 0 4 5 2 3 1 0 5 240 56
1446 0 3 6 4 2 1 3 0 390 81
1447 4 0 5 3 4 2 5 712 30
1448 3 0 2 4 0 4 1 2 176 79
1449 4 3 6 4 4 5 3 1 120 93
1450 4 3 6 5 3 2 0 1 4 233 68
1451 3 2 2 3 5 3 0 357 13
1452 3 0 2 3 0 5 1 551 29
1453 4 0 3 4 2 1 0 5 502 23
1454 4 3 1 5 1 5 0 2 3 81 27
1455 0 3 1 3 2 1 4 413 40
1456 3 2 3 5 5 3 4 1 2 264 82
1457 4 0 2 5 4 0 2 5 3 252 37
1458 4 3 2 4 4 5 3 1 120 93
1459 0 3 1 6 0 1 3 2 4 5 402 60
1460 3 0 4 3 1 2 4 136 93
1461 4 2 3 5 1 5 0 2 4 423 14
1462 4 0 1 3 2 5 3 445 12
1463 4 0 3 5 4 0 2 5 3 252 37
1464 0 2 1 6 1 3 5 2 0 4 291 18
1465 0 3 3 3 4 5 2 479 95
1466 3 0 3 3 5 0 4 547 25
1467 3 0 3 4 4 5 1 3 408 38
1468 0 2 3 4 4 3 0 1 656 69
1469 0 3 3 6 0 1 3 2 4 5 402 60
1470 0 3 3 6 5 0 1 4 2 3 350 46
1471 4 3 7 6 3 2 4 0 5 1 465 75
1472 4 3 2 5 3 2 0 4 5 284 14
1473 3 2 2 5 5 3 4 1 2 264 82
1474 3 2 2 4 4 3 2 1 157 41
1475 4 0 4 5 4 0 2 5 3 252 37
1476 0 2 2 4 2 1 5 3 403 18
1477 4 3 2 3 1 5 0 615 34
1478 4 0 3 3 5 0 1 57 55
1479 4 2 3 3 2 3 4 868 72
1480 0 2 2 3 1 5 0 992 63
1481 4 2 2 5 1 5 0 2 4 423 14
1482 0 3 4 4 0 2 4 5 509 77
1483 0 3 2 6 3 0 5 4 1 2 317 43
1484 4 0 1 3 4 3 1 184 62
1485 0 3 1 5 1 0 2 4 5 483 93
1486 4 2 2 6 5 0 3 2 1 4 381 21
1487 4 3 3 3 1 4 2 23 44
1488 3 0 4 4 4 3 5 1 32 42
1489 3 2 2 3 5 3 0 357 13
1490 4 3 3 6 3 1 0 4 2 5 224 20
1491 3 0 2 5 5 4 2 3 0 94 58
1492 3 2 3 3 5 3 0 357 13
1493 4 2 5 5 5 4 2 0 1 304 74
1494 0 3 2 3 3 5 4 374 67
1495 0 2 2 6 4 2 0 3 1 5 440 89
1496 4 3 2 6 5 3 4 1 0 2 450 22
1497 3 0 2 3 2 1 0 222 20
1498 0 2 2 4 5 3 4 2 701 63
1499 0 3 3 5 4 1 5 2 3 97 44
1500 3 2 2 5 2 0 4 3 1 410 76
1501 4 2 2 5 1 5 0 2 4 423 14
1502 4 3 3 6 5 3 4 1 0 2 450 22
104
1503 3 2 2 6 2 3 0 5 1 4 151 16
1504 0 3 2 5 0 1 2 3 4 307 36
1505 3 2 1 4 3 4 0 2 429 76
1506 3 0 1 5 3 2 5 0 1 293 97
1507 4 2 2 3 0 3 2 788 13
1508 4 3 1 5 1 5 0 2 3 81 27
1509 0 3 1 5 0 1 2 3 4 307 36
1510 3 2 1 5 1 2 0 5 4 230 97
1511 4 3 2 3 5 2 0 316 52
1512 4 2 3 5 5 4 0 3 1 342 11
1513 4 2 3 5 5 4 2 0 1 304 74
1514 0 2 1 3 2 5 0 379 30
1515 4 3 1 5 0 3 2 1 4 413 93
1516 4 3 1 6 3 5 2 1 0 4 430 73
1517 3 2 2 5 5 3 4 1 2 264 82
1518 4 2 2 6 0 4 3 2 1 5 424 47
1519 4 3 1 3 5 2 0 316 52
1520 0 2 1 6 3 2 0 1 4 5 936 55
1521 4 0 1 5 4 1 0 5 3 454 69
1522 4 2 2 3 2 0 4 212 98
1523 4 0 1 3 4 3 1 184 62
1524 4 0 2 4 0 2 1 3 316 47
1525 0 2 6 6 1 4 3 2 0 5 706 64
1526 3 2 1 6 4 3 2 1 0 5 303 27
1527 4 3 2 6 3 1 0 4 2 5 224 20
1528 4 3 2 5 3 2 0 1 4 233 68
1529 3 0 2 3 0 5 1 551 29
1530 4 2 2 3 2 0 4 212 98
1531 0 2 3 6 2 4 3 0 5 1 725 90
1532 0 2 2 6 4 2 0 3 1 5 440 89
1533 4 3 1 5 2 4 3 1 5 441 69
1534 0 2 2 4 1 4 5 3 176 84
1535 4 3 2 6 3 5 2 1 0 4 430 73
1536 4 0 1 6 3 5 4 0 2 1 702 41
1537 4 2 1 6 1 3 4 2 0 5 549 59
1538 0 3 2 3 3 5 4 374 67
1539 4 2 4 3 2 0 4 212 98
1540 4 0 4 6 0 3 2 1 4 5 527 67
1541 0 2 1 6 1 4 3 2 0 5 706 64
1542 4 3 2 6 2 1 3 0 5 4 482 21
1543 0 3 2 4 0 4 5 1 490 71
1544 4 2 1 6 1 3 4 2 0 5 549 59
1545 0 3 4 4 0 4 5 1 490 71
1546 0 2 2 5 1 2 3 0 5 563 11
1547 0 2 2 4 3 4 5 0 489 50
1548 3 0 2 6 5 2 0 4 1 3 370 50
1549 4 3 1 6 3 1 0 4 2 5 224 20
1550 0 3 1 6 4 5 2 3 0 1 301 24
1551 3 0 1 5 5 4 2 3 0 94 58
1552 3 0 2 5 3 2 5 0 1 293 97
1553 4 3 3 3 1 4 2 23 44
1554 0 2 1 4 4 1 3 0 116 21
1555 4 0 3 6 0 3 2 1 4 5 527 67
1556 3 2 3 3 5 3 0 357 13
1557 4 0 6 3 1 5 2 536 96
1558 0 2 3 3 2 5 0 134 62
1559 3 2 6 5 2 4 5 0 3 204 13
1560 4 3 4 3 1 4 2 23 44
1561 3 2 2 5 5 1 4 2 3 208 73
1562 3 0 3 5 3 2 5 0 1 293 97
1563 4 2 8 3 0 4 5 256 50
1564 4 2 4 6 1 3 4 2 0 5 549 59
1565 3 2 2 3 0 4 3 258 53
1566 4 0 2 6 3 5 4 0 2 1 702 41
1567 3 0 1 5 2 3 1 0 5 240 56
1568 3 2 2 5 0 1 5 4 3 415 78
1569 0 3 4 3 4 5 2 479 95
1570 4 2 3 6 1 3 4 2 0 5 549 59
1571 0 3 2 3 3 4 5 398 18
1572 4 0 3 4 0 2 1 3 316 47
1573 0 3 3 4 2 1 3 0 390 81
1574 4 2 2 6 2 0 4 1 5 3 430 17
1575 4 2 2 5 2 4 1 0 5 252 48
1576 3 0 4 3 0 5 1 551 29
1577 3 2 1 5 3 4 5 2 0 203 59
1578 4 3 2 4 0 4 1 3 140 30
1579 0 2 3 4 4 3 0 1 656 69
1580 3 0 3 4 1 0 2 5 162 81
1581 3 0 2 4 3 2 1 4 566 90
1582 4 2 2 6 5 0 3 2 1 4 381 21
1583 3 2 4 5 1 2 0 5 4 230 97
1584 4 0 2 6 2 0 4 1 3 5 374 31
1585 0 2 2 4 3 4 5 0 489 50
1586 0 2 1 5 4 2 1 0 3 575 36
1587 0 2 1 3 2 5 0 379 30
1588 3 0 2 3 0 5 1 551 29
1589 4 3 7 4 4 5 3 1 120 93
1590 0 2 2 6 3 2 0 1 4 5 936 55
1591 4 2 5 6 0 4 3 2 1 5 424 47
1592 3 0 2 5 4 3 0 5 2 292 14
1593 3 2 2 5 2 0 4 3 1 410 76
1594 4 2 3 4 2 0 5 1 331 10
1595 3 2 5 5 2 4 5 0 3 204 13
1596 0 3 3 3 4 5 2 479 95
1597 4 3 2 3 5 2 0 316 52
1598 4 2 2 3 0 4 1 409 94
1599 3 0 4 3 1 2 4 136 93
1600 0 2 2 5 1 2 3 0 5 563 11
1601 4 0 5 5 5 2 1 3 4 202 90
1602 4 2 2 5 5 4 0 3 1 342 11
1603 4 2 5 6 5 0 3 2 1 4 381 21
1604 4 3 3 6 3 5 2 1 0 4 430 73
1605 0 3 2 4 0 3 4 2 665 100
1606 3 0 3 3 2 1 0 222 20
104
1607 3 2 1 5 2 0 4 3 1 410 76
1608 4 2 1 6 2 0 4 1 5 3 430 17
1609 0 3 2 4 0 3 4 2 665 100
1610 0 2 1 3 1 5 0 992 63
1611 3 0 1 5 2 5 4 3 1 379 51
1612 0 3 1 3 4 1 5 379 24
1613 0 2 4 6 4 2 0 3 1 5 440 89
1614 0 3 1 3 4 0 5 273 48
1615 4 0 2 6 1 4 0 3 2 5 143 70
1616 3 2 1 5 1 0 2 4 5 106 81
1617 4 2 1 3 0 3 2 788 13
1618 4 3 3 6 3 1 0 4 2 5 224 20
1619 0 3 3 4 4 1 2 5 524 45
1620 0 3 3 4 4 1 2 5 524 45
1621 4 0 1 3 5 0 1 57 55
1622 4 2 1 6 4 5 0 3 1 2 206 56
1623 3 2 2 3 4 0 3 453 25
1624 4 3 3 6 3 2 4 0 5 1 465 75
1625 0 2 2 5 4 2 1 0 3 575 36
1626 0 3 6 4 4 1 2 5 524 45
1627 4 0 2 3 1 5 2 536 96
1628 4 0 1 6 3 1 0 4 5 2 473 48
1629 3 0 2 6 5 2 0 4 1 3 370 50
1630 4 3 1 6 2 1 3 0 5 4 482 21
1631 4 3 1 5 3 2 0 1 4 233 68
1632 4 3 2 6 2 4 1 5 3 0 440 22
1633 4 0 1 4 0 5 3 2 552 98
1634 3 0 1 3 5 2 1 751 68
1635 4 2 1 5 5 4 2 0 1 304 74
1636 0 2 2 6 2 4 3 0 5 1 725 90
1637 4 2 1 4 3 0 4 2 537 86
1638 3 2 4 5 1 2 0 5 4 230 97
1639 4 0 1 5 4 3 5 0 1 134 53
1640 4 3 3 3 5 2 1 555 64
1641 3 2 2 4 4 3 2 1 157 41
1642 4 0 1 3 2 5 3 445 12
1643 0 2 5 4 3 4 1 5 537 90
1644 4 0 1 4 5 1 0 2 63 65
1645 3 2 1 4 4 1 5 2 476 66
1646 3 0 1 6 0 5 4 3 1 2 544 45
1647 0 2 2 4 3 4 1 5 537 90
1648 4 0 2 6 1 4 0 3 2 5 143 70
1649 4 3 3 6 3 5 2 1 0 4 430 73
1650 4 2 1 6 4 5 0 3 1 2 206 56
1651 3 0 2 6 1 0 4 3 5 2 516 24
1652 3 2 3 6 2 3 0 5 1 4 151 16
1653 0 3 2 5 1 0 2 4 5 483 93
1654 3 0 5 4 4 5 1 3 408 38
1655 4 3 2 6 2 1 3 0 5 4 482 21
1656 3 0 3 4 1 0 2 5 162 81
1657 3 0 3 5 2 5 4 3 1 379 51
1658 4 0 3 6 2 0 4 1 3 5 374 31
1659 3 0 2 4 0 4 1 2 176 79
1660 4 3 1 6 3 2 4 0 5 1 465 75
1661 3 0 4 5 1 4 0 3 5 67 80
1662 4 0 4 3 1 5 2 536 96
1663 4 0 1 3 1 5 2 536 96
1664 3 0 3 3 5 0 4 547 25
1665 0 2 6 3 1 5 0 992 63
1666 3 0 4 5 2 3 1 0 5 240 56
1667 4 2 1 3 2 0 4 212 98
1668 4 0 4 5 5 3 1 0 2 876 22
1669 3 2 5 5 5 1 4 2 3 208 73
1670 0 3 3 5 0 1 2 3 4 307 36
1671 0 3 3 6 0 1 3 2 4 5 402 60
1672 0 2 4 4 3 4 0 1 527 76
1673 4 3 2 6 3 2 4 0 5 1 465 75
1674 3 0 1 5 3 2 5 0 1 293 97
1675 4 2 2 6 5 0 3 2 1 4 381 21
1676 4 0 2 6 2 0 4 1 3 5 374 31
1677 4 2 3 5 0 5 3 2 1 435 97
1678 4 3 3 4 4 5 3 1 120 93
1679 0 3 2 6 3 1 0 2 5 4 538 58
1680 0 2 5 4 3 4 0 1 527 76
1681 3 2 2 6 2 3 0 5 1 4 151 16
1682 0 2 2 4 5 3 4 2 701 63
1683 0 2 8 3 2 5 0 379 30
1684 0 3 2 3 3 2 5 389 39
1685 3 0 2 5 2 3 1 0 5 240 56
1686 4 0 1 4 5 1 0 2 63 65
1687 4 2 2 5 1 5 0 2 4 423 14
1688 4 3 3 6 1 5 2 4 0 3 334 14
1689 0 2 2 6 3 2 0 1 4 5 936 55
1690 0 3 4 4 0 2 4 5 509 77
1691 4 3 6 3 1 4 2 23 44
1692 4 3 2 5 3 5 2 4 1 402 38
1693 4 0 2 5 5 3 1 0 2 876 22
1694 0 3 7 5 1 0 2 4 5 483 93
1695 3 2 3 5 2 0 4 3 1 410 76
1696 0 3 3 4 0 3 4 2 665 100
1697 3 2 3 5 5 1 4 2 3 208 73
1698 3 0 3 3 5 0 4 547 25
1699 3 2 2 5 2 0 4 3 1 410 76
1700 4 0 2 3 4 3 1 184 62
1701 0 2 1 4 1 4 5 3 176 84
1702 4 2 7 5 5 4 2 0 1 304 74
1703 0 3 2 6 3 0 5 4 1 2 317 43
1704 0 3 2 3 2 1 4 413 40
1705 3 0 2 3 5 0 4 547 25
1706 0 3 2 5 1 0 2 4 5 483 93
1707 4 3 2 4 0 4 1 3 140 30
1708 4 2 2 3 0 4 1 409 94
1709 3 0 4 4 3 0 1 4 465 19
1710 3 0 2 6 1 0 4 3 5 2 516 24
102
1711 4 2 5 4 5 1 2 3 166 79
1712 3 2 1 5 5 3 4 1 2 264 82
1713 0 3 3 5 0 1 2 3 4 307 36
1714 4 3 1 6 3 5 2 1 0 4 430 73
1715 0 3 2 4 4 1 2 5 524 45
1716 0 2 3 4 3 4 5 0 489 50
1717 3 0 1 5 5 4 2 3 0 94 58
1718 3 0 3 6 0 5 4 3 1 2 544 45
1719 4 0 1 4 2 1 0 5 502 23
1720 3 0 3 3 2 1 0 222 20
1721 4 2 2 5 5 4 0 3 1 342 11
1722 4 2 2 5 2 4 1 0 5 252 48
1723 4 0 2 4 5 1 0 2 63 65
1724 4 3 1 3 1 5 0 615 34
1725 3 0 4 5 3 2 5 0 1 293 97
1726 0 2 1 6 1 3 5 2 0 4 291 18
1727 0 3 4 5 2 1 5 0 4 218 80
1728 4 2 2 5 2 4 1 0 5 252 48
1729 3 2 1 4 4 3 2 1 157 41
1730 0 2 3 5 1 2 3 0 5 563 11
1731 3 0 2 3 5 0 4 547 25
1732 0 3 2 4 4 1 2 5 524 45
1733 4 0 4 3 1 5 2 536 96
1734 0 2 1 3 5 4 2 359 67
1735 3 0 2 4 0 4 1 2 176 79
1736 0 3 3 4 3 4 0 5 339 55
1737 4 2 1 5 0 5 3 2 1 435 97
1738 4 2 2 3 0 3 2 788 13
1739 0 3 1 6 3 0 5 4 1 2 317 43
1740 4 3 1 4 4 5 3 1 120 93
1741 0 3 1 3 3 5 4 374 67
1742 0 3 2 3 3 5 4 374 67
1743 4 3 2 6 2 3 0 5 1 4 622 36
1744 3 2 2 5 5 1 4 2 3 208 73
1745 3 0 1 4 3 2 1 4 566 90
1746 0 3 3 6 3 0 5 4 1 2 317 43
1747 0 2 5 3 2 5 0 379 30
1748 3 0 2 5 3 2 5 0 1 293 97
1749 3 2 2 5 5 3 4 1 2 264 82
1750 3 0 1 4 0 4 1 2 176 79
1751 0 2 3 3 2 5 0 379 30
1752 4 2 1 5 5 0 1 2 4 228 16
1753 4 3 1 3 1 4 2 23 44
1754 3 2 2 5 5 1 4 2 3 208 73
1755 4 0 4 5 4 3 5 0 1 134 53
1756 4 2 3 4 1 2 3 0 543 21
1757 4 0 5 4 1 0 4 5 716 16
1758 4 0 3 5 5 3 1 0 2 876 22
1759 3 2 2 6 4 3 2 1 0 5 303 27
1760 0 3 3 6 3 0 5 4 1 2 317 43
1761 0 3 1 6 0 1 3 2 4 5 402 60
1762 4 3 2 6 2 4 1 5 3 0 440 22
1763 0 2 3 4 3 4 5 0 489 50
1764 3 0 1 5 4 3 0 5 2 292 14
1765 4 0 1 5 4 2 3 0 1 414 63
1766 3 2 3 5 5 1 4 2 3 208 73
1767 4 3 5 5 3 5 2 4 1 402 38
1768 3 2 1 3 0 2 4 159 38
1769 4 0 3 5 4 1 0 5 3 454 69
1770 4 0 3 5 4 1 0 5 3 454 69
1771 4 3 3 3 2 0 5 468 36
1772 4 0 3 4 5 1 0 2 63 65
1773 4 3 4 5 1 5 0 2 3 81 27
1774 3 2 5 3 3 1 2 297 17
1775 3 2 6 6 4 3 2 1 0 5 303 27
1776 4 2 2 6 2 0 4 1 5 3 430 17
1777 4 3 2 5 3 5 2 4 1 402 38
1778 4 2 4 5 0 5 3 2 1 435 97
1779 0 2 2 4 4 3 0 1 656 69
1780 0 3 2 3 4 5 2 479 95
1781 4 3 1 6 3 2 4 0 5 1 465 75
1782 4 0 2 4 5 1 0 2 63 65
1783 4 0 1 5 0 5 4 1 3 706 28
1784 4 3 5 5 3 2 0 4 5 284 14
1785 4 3 3 5 1 5 0 2 3 81 27
1786 4 0 1 3 1 5 2 536 96
1787 4 2 4 4 1 2 3 0 543 21
1788 0 3 2 3 4 1 5 379 24
1789 3 2 4 5 3 4 5 2 0 203 59
1790 3 2 1 5 2 4 5 0 3 204 13
1791 4 0 4 5 4 1 0 5 3 454 69
1792 4 2 4 4 1 2 3 0 543 21
1793 3 2 2 5 2 0 4 3 1 410 76
1794 4 3 2 6 1 5 2 4 0 3 334 14
1795 4 0 5 6 0 3 2 1 4 5 527 67
1796 4 3 1 4 1 2 0 4 385 33
1797 4 2 4 5 5 0 1 2 4 228 16
1798 4 2 1 4 2 0 5 1 331 10
1799 0 2 3 6 2 4 3 0 5 1 725 90
1800 3 0 3 4 3 0 1 4 465 19
1801 4 2 3 5 5 4 0 3 1 342 11
1802 4 0 9 6 1 4 0 3 2 5 143 70
1803 4 0 2 4 1 0 4 5 716 16
1804 3 0 2 4 1 0 2 5 162 81
1805 0 3 3 5 4 1 5 2 3 97 44
1806 4 2 4 3 2 0 4 212 98
1807 4 3 2 5 3 2 0 1 4 233 68
1808 4 0 2 6 1 4 0 3 2 5 143 70
1809 0 2 2 4 5 3 4 2 701 63
1810 3 2 3 4 4 1 5 2 476 66
1811 4 2 2 6 4 5 0 3 1 2 206 56
1812 4 3 3 4 1 2 0 4 385 33
118
1813 0 3 1 4 2 1 3 0 390 81
1814 3 0 2 6 0 5 4 3 1 2 544 45
1815 4 0 1 5 4 3 5 0 1 134 53
1816 0 3 3 4 2 1 3 0 390 81
1817 3 0 1 3 5 2 1 751 68
1818 0 2 2 4 3 4 0 1 527 76
1819 4 2 1 3 2 0 4 212 98
1820 3 2 4 4 4 3 2 1 157 41
1821 4 0 4 3 1 5 2 536 96
1822 4 3 2 4 5 4 0 2 436 86
1823 0 3 2 5 0 1 2 3 4 307 36
1824 3 2 7 5 1 0 2 4 5 106 81
1825 4 2 3 5 5 4 2 0 1 304 74
1826 0 2 6 4 4 3 0 1 656 69
1827 4 3 7 6 3 2 4 0 5 1 465 75
1828 4 0 3 4 1 0 4 5 716 16
1829 4 2 2 3 0 4 1 409 94
1830 4 2 3 5 2 4 1 0 5 252 48
1831 3 2 2 6 4 3 2 1 0 5 303 27
1832 4 3 2 3 1 5 0 615 34
1833 3 0 3 4 1 0 2 5 162 81
1834 0 2 1 4 4 1 3 0 116 21
1835 4 3 4 5 1 5 0 2 3 81 27
1836 4 3 2 5 0 3 2 1 4 413 93
1837 0 2 1 6 4 2 0 3 1 5 440 89
1838 3 0 1 6 5 2 0 4 1 3 370 50
1839 4 0 1 5 4 3 5 0 1 134 53
1840 4 3 1 5 3 2 0 4 5 284 14
1841 0 2 3 4 3 4 1 5 537 90
1842 3 2 6 5 1 2 0 5 4 230 97
1843 3 0 1 4 4 5 1 3 408 38
1844 4 3 1 5 3 2 0 1 4 233 68
1845 4 2 1 6 0 4 3 2 1 5 424 47
1846 4 3 5 4 1 2 0 4 385 33
1847 3 2 1 3 0 4 3 258 53
1848 4 0 2 4 0 5 3 2 552 98
1849 3 0 1 5 2 3 1 0 5 240 56
1850 3 2 1 5 0 1 5 4 3 415 78
1851 4 2 7 3 0 4 5 256 50
1852 3 0 4 3 4 5 2 143 10
1853 0 2 2 5 1 2 3 0 5 563 11
1854 4 3 2 5 3 5 2 4 1 402 38
1855 4 3 3 6 1 5 2 4 0 3 334 14
1856 4 0 3 6 3 1 0 4 5 2 473 48
1857 3 2 1 3 3 1 2 297 17
1858 3 0 1 6 1 0 4 3 5 2 516 24
1859 4 2 4 5 1 0 2 3 4 218 72
1860 4 3 5 5 3 2 0 1 4 233 68
1861 3 2 1 5 2 0 4 3 1 410 76
1862 0 2 2 6 1 3 5 2 0 4 291 18
1863 0 3 1 3 4 5 2 479 95
1864 3 2 1 5 2 4 5 0 3 204 13
1865 3 0 2 5 3 0 4 2 1 300 55
1866 4 0 3 4 2 1 0 5 502 23
1867 3 2 1 4 3 4 0 2 429 76
1868 0 3 3 6 4 1 2 5 0 3 666 33
1869 4 3 5 3 1 5 0 615 34
1870 4 2 7 4 5 1 2 3 166 79
1871 3 2 3 5 0 1 5 4 3 415 78
1872 0 2 1 5 2 0 4 3 1 356 17
1873 3 0 3 6 1 0 4 3 5 2 516 24
1874 0 3 2 5 4 1 5 2 3 97 44
1875 3 2 2 5 1 0 2 4 5 106 81
1876 0 3 1 3 4 5 2 479 95
1877 0 2 1 4 3 4 5 0 489 50
1878 0 2 1 5 4 2 1 0 3 575 36
1879 4 2 2 3 0 3 2 788 13
1880 0 3 2 6 4 1 2 5 0 3 666 33
1881 0 3 4 3 3 2 5 389 39
1882 4 0 5 6 3 1 0 4 5 2 473 48
1883 4 2 3 3 2 0 4 212 98
1884 0 3 2 5 0 1 2 3 4 307 36
1885 3 2 1 5 2 0 4 3 1 410 76
1886 4 3 4 6 2 1 3 0 5 4 482 21
1887 4 0 2 3 4 2 5 712 30
1888 4 0 1 3 1 5 2 536 96
1889 4 2 3 6 4 5 0 3 1 2 206 56
1890 4 2 3 6 5 0 3 2 1 4 381 21
1891 0 2 2 3 2 5 0 134 62
1892 4 3 1 5 3 2 0 4 5 284 14
1893 0 3 2 6 4 1 2 5 0 3 666 33
1894 4 3 4 4 4 5 3 1 120 93
1895 3 0 5 3 2 1 0 222 20
1896 4 3 2 5 0 3 2 1 4 413 93
1897 3 2 3 5 2 0 4 3 1 410 76
1898 0 2 3 4 5 3 1 2 394 68
1899 0 2 3 3 5 4 2 359 67
1900 4 0 2 6 2 0 4 1 3 5 374 31
1901 0 3 1 3 4 1 5 379 24
1902 3 2 9 5 5 3 4 1 2 264 82
1903 4 0 2 3 4 2 5 712 30
1904 0 2 1 4 4 3 0 1 656 69
1905 0 3 2 5 0 1 2 3 4 307 36
1906 0 3 3 3 4 1 5 379 24
1907 4 3 2 5 3 2 0 1 4 233 68
1908 4 3 2 4 4 5 3 1 120 93
1909 4 2 2 5 1 0 2 3 4 218 72
1910 4 0 2 5 4 2 3 0 1 414 63
1911 3 0 5 3 4 5 2 143 10
1912 4 3 2 6 2 4 1 5 3 0 440 22
1913 4 3 2 5 0 3 2 1 4 413 93
1914 0 3 2 3 3 5 4 374 67
1915 0 2 5 6 1 3 5 2 0 4 291 18
1916 4 3 2 3 1 5 0 615 34
1917 0 2 3 4 4 2 0 3 594 12
1918 3 2 7 6 2 3 0 5 1 4 151 16
1919 3 0 2 6 1 0 4 3 5 2 516 24
1920 4 3 4 5 1 5 0 2 3 81 27
1921 3 0 2 3 4 5 2 143 10
1922 0 2 2 5 2 0 4 3 1 356 17
1923 4 3 2 6 1 5 2 4 0 3 334 14
1924 0 2 2 4 4 2 0 3 594 12
1925 4 2 3 4 1 2 3 0 543 21
1926 3 0 3 5 2 3 1 0 5 240 56
1927 4 3 5 5 0 2 3 1 5 11 57
1928 0 2 1 3 2 5 0 379 30
1929 3 0 2 3 2 1 0 222 20
1930 4 2 5 3 2 0 4 212 98
106
1931 4 0 2 4 0 5 3 2 552 98
1932 4 2 2 3 2 4 3 511 76
1933 3 0 1 3 4 5 2 143 10
1934 4 2 2 5 1 0 2 3 4 218 72
1935 0 3 2 4 2 1 3 0 390 81
1936 4 2 1 5 1 5 0 2 4 423 14
1937 0 2 2 4 4 2 0 3 594 12
1938 4 0 1 6 3 5 4 0 2 1 702 41
1939 3 0 1 4 4 5 1 3 408 38
1940 3 2 1 5 2 4 5 0 3 204 13
1941 0 3 2 4 0 3 4 2 665 100
1942 0 2 2 4 1 4 5 3 176 84
1943 0 3 1 4 2 1 3 0 390 81
1944 3 2 1 5 5 1 4 2 3 208 73
1945 4 3 5 6 3 2 4 0 5 1 465 75
1946 0 3 2 3 4 0 5 273 48
1947 3 0 4 6 5 0 4 2 1 3 285 18
1948 4 0 3 3 4 3 1 184 62
1949 4 2 4 5 5 4 0 3 1 342 11
1950 0 3 1 4 4 1 2 5 524 45
1951 0 3 5 3 2 1 4 413 40
1952 4 3 2 5 2 4 3 1 5 441 69
1953 0 3 4 5 2 1 5 0 4 218 80
1954 4 0 2 3 4 2 5 712 30
1955 3 0 1 3 5 2 1 751 68
1956 4 2 1 6 5 0 3 2 1 4 381 21
1957 4 3 2 4 5 4 0 2 436 86
1958 3 2 1 3 4 0 3 453 25
1959 0 3 2 4 3 4 0 5 339 55
1960 3 2 1 5 5 3 4 1 2 264 82
1961 4 3 3 6 2 4 1 5 3 0 440 22
1962 4 2 4 4 2 0 5 1 331 10
1963 3 2 2 3 4 0 3 453 25
1964 4 3 2 3 1 4 2 23 44
1965 3 2 1 5 3 4 5 2 0 203 59
1966 0 3 3 3 4 5 2 479 95
1967 3 0 3 6 5 0 4 2 1 3 285 18
1968 3 0 1 4 3 2 1 4 566 90
1969 4 3 3 4 0 4 1 3 140 30
1970 0 3 6 3 2 1 4 413 40
1971 0 2 2 4 3 4 5 0 489 50
1972 4 0 2 4 5 1 0 2 63 65
1973 0 3 1 5 0 1 2 3 4 307 36
1974 3 2 2 5 3 4 5 2 0 203 59
1975 4 3 3 6 5 3 4 1 0 2 450 22
1976 3 2 4 4 4 1 5 2 476 66
1977 4 2 7 5 5 4 0 3 1 342 11
1978 4 0 3 6 1 4 0 3 2 5 143 70
1979 0 2 3 4 4 1 3 0 116 21
1980 3 2 2 3 0 2 4 159 38
1981 4 3 3 3 1 5 0 615 34
1982 0 2 6 4 3 4 1 5 537 90
1983 3 2 4 5 0 1 5 4 3 415 78
1984 3 0 2 3 1 2 4 136 93
1985 4 3 1 6 5 3 4 1 0 2 450 22
1986 4 3 2 6 2 1 3 0 5 4 482 21
1987 3 0 2 6 1 0 4 3 5 2 516 24
1988 4 0 2 6 4 3 5 1 2 0 525 72
1989 0 2 1 5 4 2 1 0 3 575 36
1990 4 2 2 3 0 3 2 788 13
1991 0 3 4 6 4 5 2 3 0 1 301 24
1992 0 2 2 4 4 3 0 1 656 69
1993 0 2 2 4 3 4 5 0 489 50
1994 0 2 4 5 4 2 1 0 3 575 36
1995 0 2 4 4 1 4 5 3 176 84
1996 3 2 3 3 0 4 3 258 53
1997 0 2 2 3 3 1 2 532 85
1998 4 0 3 3 5 0 1 57 55
1999 3 0 2 5 2 3 1 0 5 240 56
2000 4 0 7 4 0 2 1 3 316 47
2001 0 2 1 4 5 3 4 2 701 63
2002 4 3 2 5 3 5 2 4 1 402 38
2003 0 3 3 6 5 0 1 4 2 3 350 46
2004 4 0 2 4 5 1 0 2 63 65
2005 4 3 2 6 5 3 4 1 0 2 450 22
2006 4 3 1 4 4 5 3 1 120 93
2007 4 0 3 5 4 1 0 5 3 454 69
2008 4 2 1 4 1 2 3 0 543 21
2009 0 3 2 4 3 4 0 5 339 55
2010 0 3 3 3 3 5 4 374 67
2011 3 2 2 5 1 0 2 4 5 106 81
2012 3 2 2 6 1 3 4 0 2 5 93 41
2013 3 0 5 6 1 0 4 3 5 2 516 24
2014 3 0 2 3 4 5 2 143 10
2015 4 3 2 5 0 3 2 1 4 413 93
2016 4 3 4 3 5 2 1 555 64
2017 4 0 1 5 5 2 1 3 4 202 90
2018 0 2 2 3 2 5 0 379 30
2019 0 2 2 4 3 4 0 1 527 76
2020 4 0 2 6 1 4 0 3 2 5 143 70
2021 3 0 3 5 1 4 0 3 5 67 80
2022 4 3 2 3 2 0 5 468 36
2023 3 0 2 5 2 3 1 0 5 240 56
2024 4 0 2 5 4 2 3 0 1 414 63
2025 4 3 2 4 4 5 3 1 120 93
2026 4 3 2 6 3 2 4 0 5 1 465 75
2027 4 0 2 5 0 5 4 1 3 706 28
2028 4 3 2 3 5 2 1 555 64
2029 0 3 3 3 4 0 5 273 48
2030 0 2 2 6 2 4 3 0 5 1 725 90
2031 3 0 2 6 1 0 4 3 5 2 516 24
2032 4 3 3 4 5 4 0 2 436 86
2033 4 3 2 6 2 1 3 0 5 4 482 21
2034 0 3 2 4 0 3 4 2 665 100
2035 4 0 2 6 1 4 0 3 2 5 143 70
2036 0 3 3 6 4 5 2 3 0 1 301 24
97
2037 4 2 3 5 5 4 2 0 1 304 74
2038 0 3 1 3 3 4 5 398 18
2039 4 2 2 6 0 4 3 2 1 5 424 47
2040 4 3 2 3 2 0 5 468 36
2041 4 2 3 6 5 0 3 2 1 4 381 21
2042 4 3 1 4 5 4 0 2 436 86
2043 0 3 1 6 5 0 1 4 2 3 350 46
2044 0 3 1 3 3 5 4 374 67
2045 4 0 1 4 0 5 3 2 552 98
2046 0 2 3 3 3 1 2 532 85
2047 3 0 4 4 3 0 1 4 465 19
2048 4 0 2 6 3 5 4 0 2 1 702 41
2049 0 2 3 3 1 5 0 992 63
2050 3 0 3 6 0 5 4 3 1 2 544 45
2051 4 0 1 5 5 2 1 3 4 202 90
2052 4 0 1 6 1 4 0 3 2 5 143 70
2053 3 0 2 5 1 4 0 3 5 67 80
2054 4 0 1 5 4 2 3 0 1 414 63
2055 3 2 1 6 2 3 0 5 1 4 151 16
2056 4 2 4 5 1 5 0 2 4 423 14
2057 4 2 1 3 0 4 5 256 50
2058 3 0 2 4 3 0 1 4 465 19
2059 0 2 2 4 5 3 1 2 394 68
2060 4 2 2 3 2 3 4 868 72
2061 0 2 5 6 1 4 3 2 0 5 706 64
2062 4 0 2 3 4 3 1 184 62
2063 4 3 1 6 1 5 2 4 0 3 334 14
2064 0 2 2 5 2 0 4 3 1 356 17
2065 4 3 1 5 3 2 0 4 5 284 14
2066 3 0 1 5 3 2 5 0 1 293 97
2067 3 0 1 5 4 3 0 5 2 292 14
2068 0 2 2 4 4 3 0 1 656 69
2069 3 0 2 3 5 0 4 547 25
2070 4 2 1 6 5 0 3 2 1 4 381 21
2071 3 2 2 5 1 2 0 5 4 230 97
2072 3 2 2 5 1 2 0 5 4 230 97
2073 3 0 4 3 1 2 4 136 93
2074 4 3 1 6 3 1 0 4 2 5 224 20
2075 3 0 2 5 2 3 1 0 5 240 56
2076 4 3 1 3 1 4 2 23 44
2077 4 3 3 6 1 5 2 4 0 3 334 14
2078 4 3 1 5 3 5 2 4 1 402 38
2079 3 2 2 5 5 3 4 1 2 264 82
2080 4 2 3 5 2 4 1 0 5 252 48
2081 4 3 3 5 3 2 0 1 4 233 68
2082 4 3 3 5 3 2 0 1 4 233 68
2083 4 3 5 4 5 4 0 2 436 86
2084 0 3 1 4 0 2 4 5 509 77
2085 4 3 2 4 1 2 0 4 385 33
2086 3 2 2 3 4 0 3 453 25
2087 3 0 2 3 5 2 1 751 68
2088 0 2 1 4 2 1 5 3 403 18
2089 4 0 7 5 4 1 0 5 3 454 69
2090 0 2 2 3 5 4 2 359 67
2091 3 2 3 5 5 3 4 1 2 264 82
2092 0 2 2 3 3 1 2 532 85
2093 0 2 2 4 3 4 0 1 527 76
2094 4 2 2 6 1 3 4 2 0 5 549 59
2095 3 2 2 4 4 3 2 1 157 41
2096 4 0 5 4 2 1 0 5 502 23
2097 3 0 2 4 1 0 2 5 162 81
2098 0 2 4 4 2 1 5 3 403 18
2099 4 0 4 5 5 2 1 3 4 202 90
2100 3 0 2 4 4 3 5 1 32 42
2101 4 0 3 3 1 5 2 536 96
2102 0 2 2 4 3 4 5 0 489 50
2103 4 3 2 4 1 2 0 4 385 33
2104 4 3 3 6 2 4 1 5 3 0 440 22
2105 4 0 5 6 3 1 0 4 5 2 473 48
2106 0 3 2 5 2 1 5 0 4 218 80
2107 0 2 2 4 3 4 5 0 489 50
2108 4 2 5 3 0 4 5 256 50
2109 4 3 3 3 1 4 2 23 44
2110 3 0 3 5 2 5 4 3 1 379 51
2111 3 0 7 3 5 2 1 751 68
2112 0 2 2 3 3 1 2 532 85
2113 0 3 4 4 4 1 2 5 524 45
2114 0 3 2 5 1 0 2 4 5 483 93
2115 4 3 4 3 1 5 0 615 34
2116 4 0 2 6 2 0 4 1 3 5 374 31
2117 0 2 1 3 2 5 0 134 62
2118 4 2 7 5 1 5 0 2 4 423 14
2119 3 2 4 5 2 0 4 3 1 410 76
2120 0 3 11 3 4 5 2 479 95
2121 0 3 7 4 0 3 4 2 665 100
2122 4 3 2 3 1 4 2 23 44
2123 3 2 2 5 5 3 4 1 2 264 82
2124 4 0 2 5 4 0 2 5 3 252 37
2125 4 0 2 6 1 4 0 3 2 5 143 70
2126 4 0 2 3 2 5 3 445 12
2127 3 2 5 6 5 3 2 4 0 1 450 70
2128 3 2 3 6 1 3 4 0 2 5 93 41
2129 4 3 1 4 1 2 0 4 385 33
2130 4 3 2 3 1 4 2 23 44
2131 3 0 2 4 4 3 5 1 32 42
2132 4 2 2 6 1 3 4 2 0 5 549 59
2133 4 2 5 4 2 0 5 1 331 10
86
2134 3 0 1 6 0 5 4 3 1 2 544 45
2135 4 0 5 5 0 5 4 1 3 706 28
2136 0 3 3 3 4 1 5 379 24
2137 4 0 3 3 4 2 5 712 30
2138 0 3 1 3 4 5 2 479 95
2139 4 3 1 3 1 5 0 615 34
2140 3 2 2 4 4 3 2 1 157 41
2141 4 0 1 3 4 2 5 712 30
2142 4 2 2 3 0 4 5 256 50
2143 4 0 4 6 3 5 4 0 2 1 702 41
2144 4 2 2 4 5 1 2 3 166 79
2145 3 0 1 5 5 4 2 3 0 94 58
2146 4 0 2 5 0 5 4 1 3 706 28
2147 4 3 1 4 0 4 1 3 140 30
2148 4 0 1 3 5 0 1 57 55
2149 0 3 4 5 0 1 2 3 4 307 36
2150 4 3 1 6 2 4 1 5 3 0 440 22
2151 0 2 2 6 2 4 3 0 5 1 725 90
2152 4 2 3 5 5 4 2 0 1 304 74
2153 4 3 2 3 2 0 5 468 36
2154 4 0 2 5 4 0 2 5 3 252 37
2155 3 2 1 3 4 0 3 453 25
2156 0 2 3 4 4 1 3 0 116 21
2157 4 2 4 5 5 0 1 2 4 228 16
2158 0 2 5 4 4 3 0 1 656 69
2159 4 0 2 4 5 1 0 2 63 65
2160 4 3 2 6 2 4 1 5 3 0 440 22
2161 3 0 5 5 4 3 0 5 2 292 14
2162 3 0 4 3 1 2 4 136 93
2163 4 3 1 6 2 4 1 5 3 0 440 22
2164 4 0 6 6 3 1 0 4 5 2 473 48
2165 4 2 1 3 2 0 4 212 98
2166 0 2 2 6 1 3 5 2 0 4 291 18
2167 4 0 1 5 5 2 1 3 4 202 90
2168 4 2 2 6 4 5 0 3 1 2 206 56
2169 0 2 2 3 5 4 2 359 67
2170 0 2 5 4 4 2 0 3 594 12
2171 4 2 2 3 2 3 4 868 72
2172 4 3 8 5 0 2 3 1 5 11 57
2173 4 0 1 6 1 4 0 3 2 5 143 70
2174 4 3 2 5 3 5 2 4 1 402 38
2175 4 0 1 4 0 2 1 3 316 47
2176 4 2 1 3 0 4 5 256 50
2177 4 3 5 3 5 2 0 316 52
2178 0 3 2 3 3 2 5 389 39
2179 4 2 5 4 3 0 4 2 537 86
2180 0 3 3 4 3 4 0 5 339 55
2181 0 3 1 6 3 1 0 2 5 4 538 58
2182 0 3 2 4 0 2 4 5 509 77
2183 0 3 1 6 3 1 0 2 5 4 538 58
2184 4 0 2 4 0 5 3 2 552 98
2185 0 2 2 6 2 4 3 0 5 1 725 90
2186 0 2 5 4 5 3 4 2 701 63
2187 3 0 2 5 2 3 1 0 5 240 56
2188 4 3 5 5 2 4 3 1 5 441 69
2189 4 0 6 4 5 1 0 2 63 65
2190 3 2 2 4 4 1 5 2 476 66
2191 0 3 2 6 0 1 3 2 4 5 402 60
2192 4 3 2 5 1 5 0 2 3 81 27
2193 3 0 5 6 5 2 0 4 1 3 370 50
2194 4 2 3 3 0 4 1 409 94
2195 3 0 1 4 1 0 2 5 162 81
2196 4 2 3 3 0 4 5 256 50
2197 4 2 1 5 5 0 1 2 4 228 16
2198 3 2 6 3 0 2 4 159 38
2199 4 2 2 4 1 2 3 0 543 21
2200 0 2 3 3 5 4 2 359 67
2201 0 2 2 4 4 3 0 1 656 69
2202 3 0 1 4 4 3 5 1 32 42
2203 0 3 2 5 1 0 2 4 5 483 93
2204 0 2 4 4 1 4 5 3 176 84
2205 4 0 6 6 3 5 4 0 2 1 702 41
2206 0 3 5 3 3 2 5 389 39
2207 4 2 3 3 0 4 5 256 50
2208 0 2 3 3 5 4 2 359 67
2209 0 3 2 5 1 0 2 4 5 483 93
2210 3 2 1 3 0 2 4 159 38
2211 0 2 6 4 3 4 5 0 489 50
2212 0 3 2 4 0 3 4 2 665 100
2213 0 3 1 6 3 0 5 4 1 2 317 43
2214 0 3 2 6 0 1 3 2 4 5 402 60
2215 4 0 3 3 4 3 1 184 62
2216 4 0 2 4 5 1 0 2 63 65
2217 0 2 3 3 5 4 2 359 67
2218 0 3 7 6 0 1 3 2 4 5 402 60
2219 4 3 3 5 3 2 0 4 5 284 14
113
2220 0 3 1 3 4 1 5 379 24
2221 4 3 1 4 4 5 3 1 120 93
2222 3 2 1 5 1 0 2 4 5 106 81
2223 0 2 6 6 2 4 3 0 5 1 725 90
2224 4 0 1 6 4 3 5 1 2 0 525 72
2225 0 2 1 3 5 4 2 359 67
2226 4 3 1 5 2 4 3 1 5 441 69
2227 3 0 4 4 4 5 1 3 408 38
2228 3 0 1 4 1 0 2 5 162 81
2229 3 2 3 4 3 4 0 2 429 76
2230 0 2 1 3 1 5 0 992 63
2231 3 0 2 6 1 0 4 3 5 2 516 24
2232 3 0 2 5 2 3 1 0 5 240 56
2233 3 2 1 3 5 3 0 357 13
2234 0 2 2 4 4 3 0 1 656 69
2235 3 0 2 5 1 4 0 3 5 67 80
2236 0 3 1 4 0 4 5 1 490 71
2237 4 0 1 3 2 5 3 445 12
2238 4 3 1 5 0 3 2 1 4 413 93
2239 4 3 3 3 5 2 1 555 64
2240 4 2 1 6 2 0 4 1 5 3 430 17
2241 4 2 1 5 5 4 2 0 1 304 74
2242 3 2 1 3 0 4 3 258 53
2243 4 0 1 3 5 0 1 57 55
2244 4 0 10 4 2 1 0 5 502 23
2245 0 3 3 3 2 1 4 413 40
2246 3 2 5 4 4 1 5 2 476 66
2247 4 0 1 6 2 0 4 1 3 5 374 31
2248 3 0 2 5 4 3 0 5 2 292 14
2249 3 0 4 5 3 0 4 2 1 300 55
2250 3 2 1 6 4 3 2 1 0 5 303 27
2251 3 2 1 5 2 4 5 0 3 204 13
2252 3 0 3 4 1 0 2 5 162 81
2253 0 3 1 4 0 2 4 5 509 77
2254 0 2 4 5 2 0 4 3 1 356 17
2255 0 2 1 3 2 5 0 134 62
2256 3 0 1 4 4 3 5 1 32 42
2257 0 3 1 4 0 3 4 2 665 100
2258 3 0 5 5 3 2 5 0 1 293 97
2259 3 2 3 3 0 4 3 258 53
2260 4 2 3 4 1 2 3 0 543 21
2261 0 3 2 6 0 1 3 2 4 5 402 60
2262 4 2 1 4 3 0 4 2 537 86
2263 3 2 1 3 3 1 2 297 17
2264 4 2 1 3 0 3 2 788 13
2265 3 2 1 5 5 1 4 2 3 208 73
2266 0 2 4 4 3 4 5 0 489 50
2267 3 0 4 3 2 1 0 222 20
2268 3 2 6 5 5 1 4 2 3 208 73
2269 0 3 1 3 4 5 2 479 95
2270 0 2 2 3 5 4 2 359 67
2271 3 0 5 6 0 5 4 3 1 2 544 45
2272 0 2 2 4 4 2 0 3 594 12
2273 4 0 5 6 0 3 2 1 4 5 527 67
2274 3 0 2 6 5 2 0 4 1 3 370 50
2275 4 0 4 4 2 1 0 5 502 23
2276 4 0 2 4 1 0 4 5 716 16
2277 0 3 2 5 2 1 5 0 4 218 80
2278 3 2 2 5 2 4 5 0 3 204 13
2279 3 2 2 5 5 3 4 1 2 264 82
2280 0 3 3 6 4 5 2 3 0 1 301 24
2281 4 0 2 4 0 2 1 3 316 47
2282 4 0 2 3 2 5 3 445 12
2283 4 2 3 5 0 5 3 2 1 435 97
2284 4 0 4 3 5 0 1 57 55
2285 0 3 4 4 2 1 3 0 390 81
2286 4 0 2 3 4 3 1 184 62
2287 3 2 1 5 2 0 4 3 1 410 76
2288 0 2 2 6 1 4 3 2 0 5 706 64
2289 4 3 3 6 3 2 4 0 5 1 465 75
2290 4 3 3 6 1 5 2 4 0 3 334 14
2291 4 2 2 3 2 4 3 511 76
2292 3 0 6 3 5 0 4 547 25
2293 3 0 3 4 4 5 1 3 408 38
2294 4 0 3 6 0 3 2 1 4 5 527 67
2295 3 0 2 5 1 4 0 3 5 67 80
2296 0 3 4 4 0 2 4 5 509 77
2297 3 2 4 6 2 3 0 5 1 4 151 16
2298 4 2 1 6 1 5 0 2 3 4 376 20
2299 3 0 1 6 5 2 0 4 1 3 370 50
2300 4 2 4 5 2 4 1 0 5 252 48
2301 3 2 4 3 0 4 3 258 53
2302 0 2 2 6 1 4 3 2 0 5 706 64
2303 4 3 3 4 5 4 0 2 436 86
2304 3 0 6 6 0 5 4 3 1 2 544 45
2305 3 0 2 4 3 0 1 4 465 19
2306 0 3 1 3 4 5 2 479 95
2307 3 0 2 4 1 0 2 5 162 81
2308 0 2 2 6 1 3 5 2 0 4 291 18
2309 4 0 3 5 4 3 5 0 1 134 53
2310 4 0 3 5 4 3 5 0 1 134 53
2311 3 2 3 3 5 3 0 357 13
2312 0 3 5 6 3 1 0 2 5 4 538 58
2313 4 0 2 3 4 3 1 184 62
2314 4 0 2 4 0 5 3 2 552 98
2315 4 3 4 4 4 5 3 1 120 93
2316 4 3 2 3 5 2 0 316 52
2317 0 2 3 4 4 1 3 0 116 21
2318 4 2 2 4 2 0 5 1 331 10
2319 3 0 6 6 2 1 3 5 0 4 350 79
2320 4 3 1 4 0 4 1 3 140 30
2321 0 2 9 5 4 2 1 0 3 575 36
2322 4 2 3 3 0 3 2 788 13
2323 4 0 2 4 2 1 0 5 502 23
2324 4 0 3 3 4 3 1 184 62
2325 3 2 5 5 5 3 4 1 2 264 82
2326 3 0 3 6 5 2 0 4 1 3 370 50
2327 0 3 2 3 4 1 5 379 24
2328 3 2 2 6 2 3 0 5 1 4 151 16
2329 0 2 2 4 3 4 1 5 537 90
2330 0 2 2 3 1 5 0 992 63
2331 4 3 3 5 3 2 0 4 5 284 14
2332 4 3 2 5 3 2 0 4 5 284 14
110
2333 4 2 1 3 2 4 3 511 76
2334 4 0 1 5 4 2 3 0 1 414 63
2335 0 2 1 4 4 1 3 0 116 21
2336 4 0 4 3 4 3 1 184 62
2337 4 0 4 4 1 0 4 5 716 16
2338 4 0 1 6 2 0 4 1 3 5 374 31
2339 0 2 1 3 2 5 0 134 62
2340 3 2 2 5 3 4 5 2 0 203 59
2341 4 2 2 6 1 5 0 2 3 4 376 20
2342 0 3 4 6 4 1 2 5 0 3 666 33
2343 0 2 5 4 4 1 3 0 116 21
2344 4 0 1 6 1 4 0 3 2 5 143 70
2345 4 3 2 5 1 5 0 2 3 81 27
2346 3 0 4 5 2 5 4 3 1 379 51
2347 4 0 1 6 1 4 0 3 2 5 143 70
2348 3 0 1 3 4 5 2 143 10
2349 4 0 2 3 1 5 2 536 96
2350 4 3 1 4 4 5 3 1 120 93
2351 0 2 1 6 3 2 0 1 4 5 936 55
2352 4 0 2 4 0 2 1 3 316 47
2353 0 2 5 6 1 4 3 2 0 5 706 64
2354 3 2 4 5 1 2 0 5 4 230 97
2355 3 2 1 5 3 4 5 2 0 203 59
2356 0 3 2 4 0 4 5 1 490 71
2357 4 3 4 6 1 5 2 4 0 3 334 14
2358 4 3 4 6 3 2 4 0 5 1 465 75
2359 3 2 1 5 0 1 5 4 3 415 78
2360 4 2 4 4 3 0 4 2 537 86
2361 4 3 3 5 3 2 0 4 5 284 14
2362 3 2 3 3 4 0 3 453 25
2363 4 3 3 3 2 0 5 468 36
2364 4 0 1 5 4 3 5 0 1 134 53
2365 0 3 2 6 1 3 4 0 5 2 405 98
2366 4 0 3 5 4 0 2 5 3 252 37
2367 4 0 6 6 3 5 4 0 2 1 702 41
2368 3 0 2 5 2 5 4 3 1 379 51
2369 4 0 2 3 5 0 1 57 55
2370 0 3 2 4 4 1 2 5 524 45
2371 0 3 2 6 1 3 4 0 5 2 405 98
2372 3 2 2 3 5 3 0 357 13
2373 0 2 1 3 2 5 0 379 30
2374 0 2 4 4 4 2 0 3 594 12
2375 0 2 1 4 3 4 0 1 527 76
2376 4 2 3 6 2 0 4 1 5 3 430 17
2377 3 2 2 4 4 1 5 2 476 66
2378 4 0 1 5 4 2 3 0 1 414 63
2379 4 0 2 5 4 1 0 5 3 454 69
2380 4 2 1 5 2 4 1 0 5 252 48
2381 4 2 1 4 5 1 2 3 166 79
2382 4 3 2 3 5 2 0 316 52
2383 0 2 4 4 5 3 1 2 394 68
2384 0 3 1 4 0 2 4 5 509 77
2385 3 2 1 6 1 3 4 0 2 5 93 41
2386 3 2 1 3 3 1 2 297 17
2387 4 0 5 4 2 1 0 5 502 23
2388 4 2 2 6 0 4 3 2 1 5 424 47
2389 4 2 2 5 0 5 3 2 1 435 97
2390 4 3 3 6 2 3 0 5 1 4 622 36
2391 4 3 1 4 4 5 3 1 120 93
2392 3 0 1 4 4 3 5 1 32 42
2393 3 0 1 3 0 5 1 551 29
2394 3 0 3 6 1 0 4 3 5 2 516 24
2395 4 2 4 5 0 5 3 2 1 435 97
2396 4 2 3 3 0 4 1 409 94
2397 3 2 5 4 4 1 5 2 476 66
2398 4 0 3 5 4 1 0 5 3 454 69
2399 3 2 2 5 1 2 0 5 4 230 97
2400 4 0 2 6 4 3 5 1 2 0 525 72
2401 3 2 3 5 5 3 4 1 2 264 82
2402 4 0 3 5 4 0 2 5 3 252 37
2403 4 2 5 3 2 0 4 212 98
2404 3 2 1 5 2 0 4 3 1 410 76
2405 4 3 2 5 3 5 2 4 1 402 38
2406 0 2 2 6 3 2 0 1 4 5 936 55
2407 4 3 2 6 3 2 4 0 5 1 465 75
2408 3 0 3 3 2 1 0 222 20
2409 4 3 4 6 3 1 0 4 2 5 224 20
2410 4 0 2 3 4 2 5 712 30
2411 4 3 2 5 0 3 2 1 4 413 93
2412 3 0 3 4 1 0 2 5 162 81
2413 0 2 2 4 4 3 0 1 656 69
2414 0 2 6 4 2 1 5 3 403 18
2415 4 3 1 4 4 5 3 1 120 93
2416 4 2 4 6 0 4 3 2 1 5 424 47
2417 4 3 2 4 1 2 0 4 385 33
2418 0 3 3 6 3 1 0 2 5 4 538 58
2419 0 2 2 4 3 4 1 5 537 90
2420 0 3 2 3 4 5 2 479 95
2421 3 0 2 6 5 0 4 2 1 3 285 18
2422 4 2 1 6 4 5 0 3 1 2 206 56
2423 4 0 3 5 5 2 1 3 4 202 90
2424 4 0 2 5 4 3 5 0 1 134 53
2425 4 0 1 5 5 2 1 3 4 202 90
2426 0 2 3 4 4 3 0 1 656 69
2427 3 0 2 3 5 0 4 547 25
2428 4 0 3 6 3 1 0 4 5 2 473 48
2429 0 3 4 4 0 2 4 5 509 77
2430 0 3 2 6 1 3 4 0 5 2 405 98
2431 3 0 2 6 5 2 0 4 1 3 370 50
2432 4 0 2 3 2 5 3 445 12
2433 4 3 2 5 3 2 0 4 5 284 14
2434 4 2 4 3 2 4 3 511 76
2435 3 2 2 6 2 3 0 5 1 4 151 16
2436 0 2 2 4 4 1 3 0 116 21
2437 3 0 2 5 5 4 2 3 0 94 58
2438 4 2 4 4 3 0 4 2 537 86
2439 0 2 2 6 4 2 0 3 1 5 440 89
2440 4 3 5 6 2 4 1 5 3 0 440 22
2441 0 3 3 3 3 5 4 374 67
2442 3 0 5 3 2 1 0 222 20
105
2443 3 0 4 6 5 0 4 2 1 3 285 18
2444 4 2 2 3 2 4 3 511 76
2445 4 0 3 6 2 0 4 1 3 5 374 31
2446 4 3 1 4 0 4 1 3 140 30
2447 4 2 2 6 2 0 4 1 5 3 430 17
2448 4 0 1 3 5 0 1 57 55
2449 3 2 1 5 1 2 0 5 4 230 97
2450 0 2 1 3 1 5 0 992 63
2451 0 2 3 4 4 1 3 0 116 21
2452 0 2 2 3 2 5 0 379 30
2453 0 3 2 6 4 1 2 5 0 3 666 33
2454 3 0 3 5 2 3 1 0 5 240 56
2455 4 2 1 5 0 5 3 2 1 435 97
2456 3 2 1 3 5 3 0 357 13
2457 3 2 2 3 5 3 0 357 13
2458 3 0 2 3 5 2 1 751 68
2459 3 2 5 4 4 3 2 1 157 41
2460 3 2 3 4 3 4 0 2 429 76
2461 4 3 2 5 0 3 2 1 4 413 93
2462 0 2 1 5 1 2 3 0 5 563 11
2463 4 3 2 3 2 0 5 468 36
2464 0 2 1 6 1 3 5 2 0 4 291 18
2465 4 3 1 5 3 2 0 1 4 233 68
2466 4 3 2 6 3 2 4 0 5 1 465 75
2467 0 3 1 6 0 1 3 2 4 5 402 60
2468 4 2 7 3 0 4 1 409 94
2469 4 2 1 6 1 5 0 2 3 4 376 20
2470 4 3 2 6 3 2 4 0 5 1 465 75
2471 3 0 3 5 5 4 2 3 0 94 58
2472 0 2 3 5 1 2 3 0 5 563 11
2473 0 3 3 3 3 2 5 389 39
2474 3 2 2 5 1 2 0 5 4 230 97
2475 4 0 5 5 5 3 1 0 2 876 22
2476 3 2 2 5 3 4 5 2 0 203 59
2477 0 2 2 4 3 4 5 0 489 50
2478 4 3 1 6 5 3 4 1 0 2 450 22
2479 4 3 1 5 1 5 0 2 3 81 27
2480 4 2 1 5 2 4 1 0 5 252 48
2481 4 3 1 3 5 2 0 316 52
2482 3 0 1 4 3 2 1 4 566 90
2483 4 2 1 4 3 0 4 2 537 86
2484 4 2 1 6 5 0 3 2 1 4 381 21
2485 0 3 5 5 4 1 5 2 3 97 44
2486 4 2 4 3 2 0 4 212 98
2487 4 0 2 4 2 1 0 5 502 23
2488 3 0 3 5 2 3 1 0 5 240 56
2489 0 2 3 3 2 5 0 134 62
2490 4 3 1 5 2 4 3 1 5 441 69
2491 0 3 1 6 0 1 3 2 4 5 402 60
2492 3 0 2 4 4 5 1 3 408 38
2493 4 3 2 3 1 5 0 615 34
2494 0 2 1 6 2 4 3 0 5 1 725 90
2495 3 2 1 6 1 3 4 0 2 5 93 41
2496 3 0 2 5 3 0 4 2 1 300 55
2497 3 2 5 6 2 3 0 5 1 4 151 16
2498 4 3 2 5 3 2 0 4 5 284 14
2499 4 0 2 5 4 0 2 5 3 252 37
2500 0 3 2 6 3 0 5 4 1 2 317 43
2501 0 2 5 5 1 2 3 0 5 563 11
2502 4 0 7 6 3 5 4 0 2 1 702 41
2503 4 3 1 6 3 5 2 1 0 4 430 73
2504 4 0 6 4 2 1 0 5 502 23
2505 0 3 1 3 3 5 4 374 67
2506 4 3 1 5 0 2 3 1 5 11 57
2507 0 2 2 4 1 4 5 3 176 84
2508 0 3 1 6 4 5 2 3 0 1 301 24
2509 4 3 1 4 5 4 0 2 436 86
2510 4 3 1 3 5 2 0 316 52
2511 4 2 1 4 5 1 2 3 166 79
2512 3 0 2 4 1 0 2 5 162 81
2513 3 0 2 4 3 2 1 4 566 90
2514 3 2 3 4 4 1 5 2 476 66
2515 4 0 2 6 4 3 5 1 2 0 525 72
2516 4 0 2 4 5 1 0 2 63 65
2517 3 2 3 3 0 4 3 258 53
2518 0 3 1 4 3 4 0 5 339 55
2519 0 3 4 6 4 1 2 5 0 3 666 33
2520 4 0 2 4 2 1 0 5 502 23
2521 3 0 4 5 1 4 0 3 5 67 80
2522 3 0 4 4 1 0 2 5 162 81
2523 4 0 2 5 5 3 1 0 2 876 22
2524 3 0 2 4 3 0 1 4 465 19
2525 4 2 2 6 4 5 0 3 1 2 206 56
2526 4 2 3 6 5 0 3 2 1 4 381 21
2527 4 0 3 4 2 1 0 5 502 23
2528 0 2 6 3 3 1 2 532 85
2529 0 2 2 3 2 5 0 379 30
2530 0 3 4 3 2 1 4 413 40
2531 3 0 2 4 3 2 1 4 566 90
2532 3 0 1 5 1 4 0 3 5 67 80
2533 4 3 1 6 3 1 0 4 2 5 224 20
2534 4 2 3 5 5 0 1 2 4 228 16
2535 0 2 5 4 3 4 0 1 527 76
2536 4 0 2 3 4 3 1 184 62
2537 0 3 7 4 0 4 5 1 490 71
2538 3 0 2 3 0 5 1 551 29
2539 0 3 5 3 4 0 5 273 48
2540 3 0 3 3 2 1 0 222 20
2541 0 2 3 3 1 5 0 992 63
2542 4 3 3 5 2 4 3 1 5 441 69
2543 3 0 2 3 5 0 4 547 25
2544 0 3 3 5 0 1 2 3 4 307 36
2545 3 0 4 5 4 3 0 5 2 292 14
2546 4 3 2 6 2 3 0 5 1 4 622 36
2547 4 0 3 4 2 1 0 5 502 23
0
0
0
0
0
0
0
0
0
0
0
0
