1232
32
68
0 0 3 1 5 1 4 5 0 3 116 53
1 0 3 2 3 3 2 0 167 64
2 4 5 1 5 3 4 2 5 1 350 48
3 4 1 1 5 1 3 4 0 2 24 15
4 4 5 1 5 5 0 1 2 3 27 25
5 0 3 2 5 0 5 1 3 2 184 49
6 4 1 1 5 2 5 1 3 0 131 31
7 4 5 6 6 5 1 3 4 2 0 211 51
8 4 1 1 3 4 5 0 370 88
9 4 3 1 5 0 4 5 3 1 364 49
10 0 1 1 6 2 5 0 1 4 3 271 67
11 0 3 3 4 2 4 5 3 227 34
12 5 3 2 4 0 1 4 2 298 25
13 4 5 5 6 0 5 3 1 4 2 204 54
14 5 1 6 3 2 5 1 291 67
15 0 1 2 4 0 5 3 4 184 61
16 0 5 5 4 2 0 5 1 306 65
17 4 5 5 4 2 1 0 5 291 81
18 0 1 1 3 2 1 0 68 61
19 4 3 2 6 5 1 3 2 0 4 268 68
20 5 3 2 5 3 5 2 1 4 250 94
21 0 3 1 3 5 4 1 401 51
22 0 1 5 5 1 5 0 2 3 101 80
23 0 5 1 5 5 4 3 2 0 208 29
24 4 3 2 6 5 1 3 4 0 2 262 60
25 0 3 1 5 1 4 5 0 3 116 53
26 4 5 1 6 2 4 5 3 1 0 160 54
27 0 3 2 6 0 4 3 5 1 2 150 58
28 5 3 3 5 1 0 3 4 5 183 45
29 5 3 1 4 0 4 3 5 231 91
30 4 5 3 5 5 3 1 0 4 224 69
31 5 1 4 4 3 4 2 5 88 29
32 0 1 2 4 0 5 3 4 184 61
33 0 3 1 6 2 4 1 5 0 3 290 77
34 4 3 3 5 3 5 2 4 1 238 85
35 0 5 1 3 3 4 1 188 49
36 0 1 2 4 5 4 2 1 127 74
37 4 5 3 4 0 2 1 4 58 94
38 0 1 9 4 3 0 5 2 300 23
39 4 1 2 6 4 3 5 1 2 0 156 46
40 4 1 2 3 4 3 5 225 77
41 0 3 5 4 3 1 0 2 326 32
42 0 5 3 5 0 3 1 4 2 171 24
43 0 3 5 6 1 4 5 2 0 3 142 62
44 4 1 2 4 4 1 2 3 310 96
45 0 1 2 6 0 5 2 3 4 1 220 80
46 4 1 3 3 0 2 4 454 86
47 5 3 2 5 2 5 3 0 4 76 15
48 4 5 8 5 1 5 3 2 0 98 65
49 5 1 1 5 1 3 5 0 4 209 68
50 5 3 2 5 3 5 2 1 4 250 94
51 0 5 1 5 2 1 4 0 3 197 47
52 5 3 3 5 1 4 3 2 0 408 13
53 4 1 2 4 4 3 5 1 445 13
54 5 1 4 4 0 1 3 2 118 18
55 4 3 5 6 0 2 3 5 1 4 348 95
56 0 3 1 5 0 5 1 3 2 184 49
57 5 1 4 4 0 4 3 2 309 98
58 0 5 2 6 2 0 5 3 4 1 288 44
59 4 5 4 5 5 0 1 2 3 27 25
60 5 3 4 3 3 5 1 142 99
61 5 1 2 5 2 1 4 5 3 119 76
62 0 5 3 5 3 4 1 5 0 304 100
63 4 3 2 6 1 3 0 4 5 2 29 83
64 0 3 2 3 2 5 3 123 45
65 4 1 2 5 4 5 0 1 3 411 58
66 5 1 4 3 2 5 1 291 67
67 4 1 4 5 2 3 1 4 5 349 20
46
68 0 5 1 6 2 0 5 3 4 1 288 44
69 5 1 3 5 2 3 5 1 0 138 33
70 4 1 1 5 4 5 0 1 3 411 58
71 4 1 2 3 4 5 0 370 88
72 4 5 2 5 3 4 2 5 1 350 48
73 4 1 2 3 4 1 3 549 32
74 4 1 1 6 1 4 3 2 0 5 296 23
75 4 1 1 3 4 3 5 225 77
76 4 5 3 5 5 3 1 0 4 224 69
77 0 1 1 4 1 0 4 3 209 46
78 5 1 4 3 2 5 1 291 67
79 0 3 1 6 2 4 0 3 1 5 321 60
80 4 1 2 6 1 5 4 0 3 2 459 70
81 0 3 1 4 3 1 0 2 326 32
82 0 3 1 6 0 4 3 5 1 2 150 58
83 5 1 3 4 3 4 2 5 88 29
84 0 1 2 5 0 2 1 3 4 231 48
85 4 5 2 6 5 2 3 4 1 0 115 50
86 0 5 1 6 5 2 1 4 0 3 389 77
87 5 1 1 4 0 4 3 2 309 98
88 0 5 1 6 5 2 1 4 0 3 389 77
89 0 5 1 6 4 0 2 3 1 5 150 26
90 0 1 1 5 4 5 0 3 1 344 94
91 4 5 2 4 1 2 3 4 169 24
92 0 1 3 4 3 0 5 2 300 23
93 0 5 3 6 5 2 1 4 0 3 389 77
94 0 5 2 6 1 2 0 5 4 3 234 89
95 4 3 3 6 5 1 0 3 4 2 429 19
96 0 5 2 5 4 5 1 0 2 295 35
97 4 5 3 4 0 1 5 4 305 62
98 4 1 2 5 5 1 4 3 0 126 45
99 4 1 2 6 1 4 3 2 0 5 296 23
100 0 5 1 5 4 5 1 0 2 295 35
101 5 1 2 4 3 4 2 5 88 29
102 5 1 2 3 0 2 5 61 32
103 0 3 2 6 2 4 0 3 1 5 321 60
104 5 1 1 6 5 0 1 3 2 4 283 11
105 5 1 3 6 2 0 1 4 5 3 246 18
106 5 1 4 4 0 1 3 2 118 18
107 4 3 4 6 5 1 3 4 0 2 262 60
108 0 1 2 6 3 4 1 2 0 5 100 98
109 0 5 1 5 1 3 4 0 5 243 15
110 5 1 2 6 1 2 5 0 3 4 182 89
111 0 3 4 6 5 0 3 1 2 4 488 100
112 4 5 3 5 1 4 2 3 5 165 47
113 0 3 2 4 3 1 0 2 326 32
57
114 0 3 1 4 3 1 0 2 326 32
115 4 1 4 5 0 4 5 1 3 402 72
116 5 3 3 5 1 3 4 5 2 11 64
117 0 5 1 6 4 0 2 3 1 5 150 26
118 4 1 2 5 5 1 4 3 0 126 45
119 0 1 1 3 4 2 3 368 11
120 0 5 1 6 4 0 2 3 1 5 150 26
121 4 1 1 6 4 2 5 3 0 1 553 66
122 0 1 1 4 3 0 5 2 300 23
123 4 3 3 5 0 4 5 3 1 364 49
124 4 1 1 6 4 2 5 3 0 1 553 66
125 0 5 2 4 3 5 2 4 241 46
126 5 3 1 5 1 0 3 4 5 183 45
127 0 5 2 4 4 3 1 5 292 37
128 0 1 2 6 4 3 0 5 1 2 205 17
129 4 5 4 5 5 3 1 0 4 224 69
130 4 1 2 3 4 3 5 225 77
131 5 1 1 3 4 0 2 222 37
132 0 5 2 3 2 4 0 320 57
133 4 3 3 4 3 1 0 2 238 14
134 0 5 3 4 3 5 2 4 241 46
135 5 1 2 5 2 1 4 3 0 218 90
136 0 3 5 3 3 2 0 167 64
137 4 1 4 4 4 3 5 1 445 13
138 0 5 3 5 2 1 4 0 3 197 47
139 0 1 1 6 4 3 0 5 1 2 205 17
140 0 1 3 6 3 4 1 2 0 5 100 98
141 0 1 3 4 5 1 0 2 156 34
142 4 1 2 5 4 5 0 1 3 411 58
143 4 3 2 6 0 2 3 5 1 4 348 95
144 0 5 1 6 4 5 3 2 0 1 239 13
145 4 3 3 5 2 3 4 5 1 314 29
146 5 3 1 6 1 2 3 5 4 0 321 49
147 4 1 2 5 2 5 1 3 0 131 31
148 5 3 1 5 1 4 3 2 0 408 13
149 4 5 3 4 0 2 1 4 58 94
150 5 1 2 3 4 0 1 252 29
151 4 1 2 5 5 1 4 3 0 126 45
152 4 3 1 4 1 0 3 5 265 26
153 5 3 4 5 2 4 3 0 5 249 26
154 0 1 4 3 4 0 2 278 91
155 0 3 1 3 3 2 0 167 64
156 4 3 3 5 5 0 3 2 1 287 16
157 0 5 5 6 4 0 2 3 1 5 150 26
158 5 3 3 6 3 1 2 4 5 0 255 93
159 5 1 6 3 4 0 1 252 29
160 4 1 2 4 4 1 3 2 402 73
161 4 5 5 5 2 4 0 5 3 192 82
162 5 3 2 6 4 1 0 3 2 5 292 12
163 0 3 2 4 4 2 3 0 234 38
164 0 5 2 5 3 4 1 5 0 304 100
165 4 3 2 6 3 1 4 0 2 5 85 70
166 4 5 2 3 5 1 2 61 85
167 0 1 3 3 4 2 3 368 11
168 5 3 5 5 4 2 3 5 1 73 18
169 0 5 2 6 4 5 3 2 0 1 239 13
170 4 3 3 3 3 4 0 44 28
47
171 4 5 1 6 2 1 4 5 3 0 193 98
172 4 1 3 6 2 0 3 4 1 5 238 71
173 4 5 1 5 1 4 2 3 5 165 47
174 0 5 2 4 3 1 2 0 160 99
175 0 5 2 5 4 1 3 0 2 18 90
176 0 5 2 4 3 2 5 1 234 92
177 4 1 2 3 4 5 0 370 88
178 0 1 1 4 1 0 4 3 209 46
179 0 1 2 4 0 5 3 4 184 61
180 5 3 4 5 1 0 3 4 5 183 45
181 5 1 4 6 2 0 1 4 5 3 246 18
182 0 1 3 6 2 5 0 1 4 3 271 67
183 4 3 2 6 1 5 0 2 3 4 168 88
184 0 3 1 4 3 1 0 2 326 32
185 0 1 2 6 4 3 0 5 1 2 205 17
186 4 1 2 5 2 3 1 4 5 349 20
187 5 3 2 5 1 2 5 4 3 231 42
188 0 1 1 5 1 5 0 2 3 101 80
189 0 1 2 6 2 4 5 1 0 3 191 30
190 0 1 1 6 2 5 0 1 4 3 271 67
191 0 1 2 6 3 4 1 2 0 5 100 98
192 4 3 2 4 1 0 3 5 265 26
193 4 3 2 3 1 4 0 217 100
194 0 5 1 3 2 4 0 320 57
195 4 3 4 4 1 0 3 5 265 26
196 5 1 2 5 1 3 5 0 4 209 68
197 0 5 10 6 5 4 3 0 2 1 442 69
198 4 5 2 5 5 3 1 0 4 224 69
199 0 3 3 6 2 4 0 3 1 5 321 60
200 4 5 2 5 3 4 2 5 1 350 48
201 0 5 3 3 2 4 0 320 57
202 5 3 4 6 4 1 0 3 2 5 292 12
203 5 1 3 3 5 2 1 72 55
204 5 3 3 4 0 1 4 2 298 25
205 5 1 4 6 5 0 1 3 2 4 283 11
206 5 1 2 4 3 4 2 5 88 29
207 5 1 1 6 1 2 5 0 3 4 182 89
208 0 5 3 5 2 1 4 0 3 197 47
209 0 1 4 3 4 3 1 332 31
210 0 3 2 4 0 2 4 3 104 57
211 0 3 2 5 0 4 5 3 2 76 40
212 0 3 2 6 2 4 0 3 1 5 321 60
213 4 3 2 3 3 4 0 44 28
214 0 1 3 6 3 4 1 2 0 5 100 98
215 4 3 5 6 5 2 1 0 4 3 444 25
216 0 5 2 6 4 0 2 3 1 5 150 26
217 0 3 3 6 2 4 1 5 0 3 290 77
50
218 0 3 5 6 2 4 0 3 1 5 321 60
219 5 3 7 5 1 0 3 4 5 183 45
220 0 3 2 4 3 1 0 2 326 32
221 4 5 2 5 5 3 1 0 4 224 69
222 4 3 1 6 5 1 0 3 4 2 429 19
223 4 5 4 5 3 4 2 5 1 350 48
224 4 1 1 6 1 5 4 0 3 2 459 70
225 5 3 2 5 3 1 5 4 2 220 12
226 0 5 10 3 3 4 1 188 49
227 0 1 1 4 5 1 0 2 156 34
228 0 1 3 3 4 3 1 332 31
229 4 3 3 5 1 2 0 3 5 155 86
230 5 1 2 3 4 0 1 252 29
231 0 3 1 6 2 4 0 3 1 5 321 60
232 0 1 2 5 0 2 1 3 4 231 48
233 5 1 1 3 2 5 1 291 67
234 4 5 2 6 5 3 2 1 4 0 36 26
235 5 3 3 5 3 5 2 1 4 250 94
236 4 5 2 3 5 1 2 61 85
237 0 5 2 6 5 4 3 0 2 1 442 69
238 4 1 1 5 0 4 5 1 3 402 72
239 0 1 3 3 4 3 1 332 31
240 4 3 2 6 5 1 3 4 0 2 262 60
241 4 1 4 6 1 4 3 2 0 5 296 23
242 0 1 4 4 5 1 0 2 156 34
243 0 1 4 6 4 3 0 5 1 2 205 17
244 0 5 2 4 3 2 5 1 234 92
245 5 1 3 5 1 0 5 2 4 260 68
246 0 5 3 5 3 4 1 5 0 304 100
247 4 3 2 5 1 2 0 3 5 155 86
248 0 1 7 6 0 5 2 3 4 1 220 80
249 4 5 4 3 1 4 0 155 79
250 4 3 2 6 3 1 4 0 2 5 85 70
251 0 3 4 5 5 0 3 1 2 104 49
252 4 3 6 6 1 2 0 3 5 4 554 65
253 5 1 3 5 2 1 4 0 5 191 94
254 4 5 1 6 2 1 4 5 3 0 193 98
255 4 5 4 3 1 4 0 155 79
256 0 1 3 3 4 0 2 278 91
257 0 3 2 5 0 5 1 3 2 184 49
258 4 1 2 5 3 4 0 2 5 54 31
259 4 1 2 4 4 1 2 3 310 96
260 0 1 6 5 1 5 0 2 3 101 80
261 5 1 2 3 0 2 5 61 32
262 0 3 2 6 2 4 0 3 1 5 321 60
263 4 1 2 6 1 5 4 0 3 2 459 70
264 0 3 3 6 2 4 1 5 0 3 290 77
265 4 3 2 6 4 2 5 3 1 0 69 75
266 0 1 2 3 4 0 2 278 91
267 5 1 3 4 5 2 4 1 269 85
60
268 0 1 1 3 4 0 2 278 91
269 5 3 2 5 2 5 3 0 4 76 15
270 4 3 4 6 5 1 3 4 0 2 262 60
271 4 5 1 5 5 4 1 0 2 125 66
272 0 5 4 6 5 4 3 0 2 1 442 69
273 4 3 2 6 1 2 0 3 5 4 554 65
274 5 1 2 5 3 2 5 1 4 81 72
275 5 3 5 6 2 1 5 3 4 0 224 12
276 5 3 4 6 1 4 5 3 2 0 253 22
277 0 3 5 6 2 4 0 3 1 5 321 60
278 4 3 1 6 5 1 3 2 0 4 268 68
279 5 3 3 6 2 1 5 3 4 0 224 12
280 4 5 2 6 5 2 3 4 1 0 115 50
281 4 5 2 4 2 1 0 5 291 81
282 5 3 2 6 4 1 0 3 2 5 292 12
283 0 3 2 6 2 4 1 5 0 3 290 77
284 0 1 2 5 4 5 0 3 1 344 94
285 4 1 2 5 4 5 0 1 3 411 58
286 0 5 3 4 3 2 5 1 234 92
287 0 3 2 4 0 2 4 3 104 57
288 4 1 5 5 5 1 4 3 0 126 45
289 4 3 6 6 5 1 0 3 4 2 429 19
290 5 1 2 5 2 1 4 5 3 119 76
291 5 3 5 5 1 0 3 4 5 183 45
292 5 3 2 5 2 4 3 0 5 249 26
293 0 5 3 5 1 3 4 0 5 243 15
294 0 5 2 6 5 2 1 4 0 3 389 77
295 5 1 3 5 3 2 5 1 4 81 72
296 4 5 2 6 5 2 3 4 1 0 115 50
297 4 1 2 3 4 3 5 225 77
298 0 1 3 3 2 1 0 68 61
299 4 3 1 4 5 2 0 3 88 14
300 5 1 14 4 0 4 3 2 309 98
301 0 5 2 5 4 1 3 0 2 18 90
302 4 3 3 6 0 3 5 1 2 4 457 35
303 0 3 3 4 2 4 5 3 227 34
304 4 5 1 4 2 1 0 5 291 81
305 4 1 1 4 4 1 3 2 402 73
306 5 1 3 3 2 5 1 291 67
307 5 1 5 4 3 4 2 5 88 29
308 0 5 2 4 2 4 0 1 65 98
309 0 5 3 4 4 3 1 5 292 37
310 4 3 2 3 3 4 0 44 28
311 0 1 2 6 2 5 0 1 4 3 271 67
312 0 5 3 5 3 4 1 5 0 304 100
313 5 3 3 4 4 2 5 1 133 37
314 5 1 2 5 2 1 4 0 5 191 94
315 5 1 2 4 0 1 3 2 118 18
316 0 1 1 6 3 1 2 4 0 5 542 100
317 4 3 5 4 1 0 3 5 265 26
318 0 3 3 4 2 4 5 3 227 34
319 4 5 2 5 5 0 1 2 3 27 25
320 5 1 2 5 1 3 5 0 4 209 68
321 0 1 2 5 1 5 0 2 3 101 80
322 0 3 7 3 2 5 3 123 45
323 4 1 2 5 2 5 1 3 0 131 31
324 4 5 2 6 5 3 2 1 4 0 36 26
325 4 3 2 4 5 1 2 3 459 47
326 4 3 5 5 0 4 5 3 1 364 49
327 5 1 5 6 4 1 2 5 0 3 348 39
58
328 0 5 2 5 4 5 1 0 2 295 35
329 4 5 2 5 1 4 2 3 5 165 47
330 0 5 2 5 4 5 1 0 2 295 35
331 4 3 1 6 1 2 0 3 5 4 554 65
332 5 1 1 3 4 0 1 252 29
333 4 5 2 5 2 4 0 5 3 192 82
334 0 1 1 3 5 4 2 563 80
335 0 1 2 6 3 1 2 4 0 5 542 100
336 4 3 1 6 5 1 3 4 0 2 262 60
337 0 3 5 6 1 4 5 2 0 3 142 62
338 0 3 3 4 5 3 4 1 385 35
339 0 3 1 5 1 4 5 0 3 116 53
340 5 1 3 3 4 0 1 252 29
341 0 5 4 3 3 4 1 188 49
342 4 5 5 5 3 4 2 5 1 350 48
343 0 5 2 4 3 2 5 1 234 92
344 4 5 1 3 1 4 0 155 79
345 5 1 2 4 5 2 4 1 269 85
346 0 3 6 5 5 0 3 1 2 104 49
347 0 5 4 4 2 4 0 1 65 98
348 4 3 2 5 2 3 4 5 1 314 29
349 4 5 1 5 3 4 2 5 1 350 48
350 0 1 2 4 3 0 5 2 300 23
351 4 5 1 4 1 4 3 2 202 57
352 5 3 1 6 2 1 5 3 4 0 224 12
353 4 3 1 5 1 2 0 3 5 155 86
354 5 1 1 4 5 3 2 1 71 36
355 5 3 3 5 0 5 1 4 3 308 75
356 4 3 2 6 1 5 0 2 3 4 168 88
357 0 5 1 6 5 4 3 0 2 1 442 69
358 0 1 1 6 0 5 2 3 4 1 220 80
359 0 3 2 5 0 3 2 5 4 177 36
360 0 1 1 3 2 1 0 68 61
361 5 1 4 4 5 3 2 1 71 36
362 4 5 1 6 5 2 3 4 1 0 115 50
363 5 3 3 5 0 5 1 4 3 308 75
364 0 3 1 5 1 4 5 0 3 116 53
365 4 1 3 4 4 1 3 2 402 73
366 0 1 7 6 2 5 0 1 4 3 271 67
367 4 3 1 4 5 2 0 3 88 14
368 5 3 2 5 1 4 3 2 0 408 13
369 4 5 2 4 0 2 1 4 58 94
370 4 3 2 5 5 0 3 2 1 287 16
371 0 5 2 4 2 4 0 1 65 98
372 4 3 5 4 5 2 0 3 88 14
373 4 5 3 5 3 4 2 5 1 350 48
374 0 5 1 4 2 0 5 1 306 65
375 0 3 4 5 1 4 5 0 3 116 53
376 0 3 3 4 0 2 5 4 258 44
377 4 3 1 5 3 5 2 4 1 238 85
378 5 1 2 4 3 4 2 5 88 29
379 5 3 1 5 1 2 5 4 3 231 42
380 5 3 1 5 3 5 2 1 4 250 94
381 4 1 2 6 1 4 3 2 0 5 296 23
382 4 1 5 6 1 4 3 2 0 5 296 23
383 0 5 2 5 3 4 1 5 0 304 100
384 5 1 2 6 5 0 1 3 2 4 283 11
385 5 3 7 5 1 0 3 4 5 183 45
42
386 0 3 10 3 5 4 1 401 51
387 5 3 3 3 0 2 3 444 41
388 5 3 1 6 2 1 5 3 4 0 224 12
389 0 3 4 3 2 0 1 77 91
390 4 5 2 5 5 4 1 0 2 125 66
391 4 3 1 4 3 1 0 2 238 14
392 4 1 2 5 4 5 0 1 3 411 58
393 0 3 2 6 5 1 3 4 2 0 303 66
394 5 1 5 3 4 0 2 222 37
395 0 1 1 6 0 5 2 3 4 1 220 80
396 0 3 2 3 5 4 1 401 51
397 5 1 1 5 2 3 5 1 0 138 33
398 0 3 2 5 1 4 5 0 3 116 53
399 0 3 4 4 2 4 5 3 227 34
400 0 5 2 6 4 0 2 3 1 5 150 26
401 4 5 2 5 3 4 2 5 1 350 48
402 4 5 3 5 3 4 2 5 1 350 48
403 5 3 2 5 2 5 3 0 4 76 15
404 0 3 5 4 5 3 4 1 385 35
405 0 1 1 6 3 1 2 4 0 5 542 100
406 5 3 4 5 1 2 5 4 3 231 42
407 0 3 4 4 5 2 1 0 376 87
408 4 1 1 5 5 1 4 3 0 126 45
409 4 1 2 6 1 4 3 2 0 5 296 23
410 0 1 3 6 3 4 1 2 0 5 100 98
411 5 1 1 3 4 0 1 252 29
412 4 1 2 4 4 1 3 2 402 73
413 0 1 3 4 1 0 4 3 209 46
414 4 1 1 5 3 4 0 2 5 54 31
415 5 1 2 4 5 3 2 1 71 36
416 5 3 1 5 1 0 3 4 5 183 45
417 4 5 4 6 5 2 3 4 1 0 115 50
418 5 3 1 5 3 5 2 1 4 250 94
419 4 1 2 5 2 3 1 4 5 349 20
420 0 5 3 4 2 0 5 1 306 65
421 0 5 4 5 1 3 4 0 5 243 15
422 4 5 2 4 2 1 0 5 291 81
423 4 5 4 5 2 4 0 5 3 192 82
424 4 1 1 6 2 0 3 4 1 5 238 71
425 5 1 2 4 5 2 4 1 269 85
426 4 5 2 3 1 5 0 272 28
427 4 5 3 5 5 0 1 2 3 27 25
47
428 0 5 1 5 3 4 1 5 0 304 100
429 4 5 1 4 1 2 3 4 169 24
430 0 5 4 4 2 0 5 1 306 65
431 4 3 4 4 1 0 3 5 265 26
432 4 1 2 3 0 2 4 454 86
433 4 3 1 5 5 1 2 4 0 156 80
434 0 3 5 3 2 0 1 77 91
435 4 3 2 5 3 5 2 4 1 238 85
436 4 5 1 4 2 1 0 5 291 81
437 0 3 1 3 5 4 1 401 51
438 0 3 3 3 5 4 1 401 51
439 0 5 3 5 0 3 1 4 2 171 24
440 0 5 1 4 2 4 0 1 65 98
441 0 5 6 4 4 3 1 5 292 37
442 0 5 2 6 5 2 1 4 0 3 389 77
443 4 1 2 5 4 5 0 1 3 411 58
444 0 1 4 6 3 4 1 2 0 5 100 98
445 4 5 4 3 1 4 0 155 79
446 5 3 3 5 2 5 3 0 4 76 15
447 0 3 2 4 3 2 0 5 374 72
448 0 3 1 5 0 5 1 3 2 184 49
449 5 3 3 6 1 2 3 5 4 0 321 49
450 4 1 5 3 4 1 3 549 32
451 4 5 4 5 1 4 2 3 5 165 47
452 0 3 2 3 2 0 1 77 91
453 4 5 2 3 1 5 0 272 28
454 4 5 3 4 2 1 0 5 291 81
455 4 1 3 3 4 3 5 225 77
456 4 5 3 3 1 4 0 155 79
457 5 1 5 5 2 1 4 3 0 218 90
458 0 3 5 5 1 4 5 0 3 116 53
459 0 5 1 5 4 1 3 0 2 18 90
460 4 3 2 6 5 2 1 0 4 3 444 25
461 0 1 4 3 5 4 2 563 80
462 0 1 2 3 5 0 3 332 41
463 4 3 3 6 0 3 5 1 2 4 457 35
464 4 1 3 5 0 4 5 1 3 402 72
465 0 5 6 5 1 3 4 0 5 243 15
466 0 1 4 3 4 2 3 368 11
467 0 3 2 4 5 2 1 0 376 87
468 5 1 4 5 2 1 4 0 5 191 94
469 0 5 2 4 4 3 1 5 292 37
470 5 1 1 3 0 2 5 61 32
471 4 5 2 5 5 0 1 2 3 27 25
472 5 1 3 5 1 2 5 0 3 234 78
473 4 1 2 6 4 3 5 1 2 0 156 46
474 0 5 2 6 1 2 0 5 4 3 234 89
52
475 4 1 1 5 3 4 0 2 5 54 31
476 0 1 3 4 1 0 4 3 209 46
477 0 5 1 5 0 3 1 4 2 171 24
478 4 5 3 4 1 2 3 4 169 24
479 4 3 3 6 1 3 0 4 5 2 29 83
480 4 3 1 5 5 1 2 4 0 156 80
481 4 1 3 6 4 3 5 1 2 0 156 46
482 4 3 3 6 4 2 5 3 1 0 69 75
483 4 5 1 3 1 4 0 155 79
484 5 3 2 4 4 2 5 1 133 37
485 4 3 1 4 1 0 3 5 265 26
486 0 1 1 3 5 0 3 332 41
487 5 1 7 6 2 0 1 4 5 3 246 18
488 5 1 2 4 0 4 3 2 309 98
489 4 5 4 6 2 1 4 5 3 0 193 98
490 0 5 3 3 3 4 1 188 49
491 0 1 3 6 3 1 2 4 0 5 542 100
492 0 3 1 6 5 1 3 4 2 0 303 66
493 0 3 3 3 2 5 3 123 45
494 0 1 2 4 5 4 2 1 127 74
495 0 1 8 3 4 2 3 368 11
496 4 1 3 6 3 1 0 4 5 2 346 64
497 0 5 3 5 1 3 4 0 5 243 15
498 5 3 4 4 0 4 3 5 231 91
499 5 3 4 4 0 1 4 2 298 25
500 4 1 1 5 2 3 1 4 5 349 20
501 5 1 2 4 5 3 2 1 71 36
502 0 3 3 3 2 5 3 123 45
503 4 1 1 6 4 2 5 3 0 1 553 66
504 4 3 2 4 5 2 0 3 88 14
505 4 5 3 4 1 2 3 4 169 24
506 4 5 3 5 3 4 2 5 1 350 48
507 0 1 1 3 4 0 2 278 91
508 0 5 1 4 4 3 1 5 292 37
509 4 3 3 6 0 3 5 1 2 4 457 35
510 0 3 7 4 5 3 4 1 385 35
511 0 5 4 4 2 4 0 1 65 98
512 4 3 4 6 1 5 0 2 3 4 168 88
513 0 3 3 5 0 3 2 5 4 177 36
514 4 3 3 6 1 2 0 3 5 4 554 65
515 0 3 2 4 3 1 0 2 326 32
516 5 1 2 3 2 5 1 291 67
517 5 1 2 6 4 1 2 5 0 3 348 39
518 0 1 2 6 2 5 0 1 4 3 271 67
519 0 5 2 5 1 3 4 0 5 243 15
520 4 1 3 6 4 2 5 3 0 1 553 66
521 4 1 3 5 5 1 4 3 0 126 45
522 0 5 2 5 4 5 1 0 2 295 35
523 0 5 3 5 3 4 1 5 0 304 100
524 5 1 3 5 2 3 5 1 0 138 33
525 5 3 3 6 4 1 0 3 2 5 292 12
526 4 3 2 5 5 1 2 4 0 156 80
43
527 4 1 1 6 1 5 4 0 3 2 459 70
528 0 1 7 4 0 5 3 4 184 61
529 4 3 3 6 1 2 0 3 5 4 554 65
530 5 3 1 4 0 4 3 5 231 91
531 0 3 1 6 5 0 3 1 2 4 488 100
532 0 1 4 4 5 4 2 1 127 74
533 5 3 2 6 2 1 5 3 4 0 224 12
534 0 3 2 4 3 1 0 2 326 32
535 0 3 2 3 5 4 1 401 51
536 0 5 3 6 5 2 1 4 0 3 389 77
537 4 1 3 3 4 1 3 549 32
538 5 3 1 3 3 5 1 142 99
539 5 3 3 6 4 1 0 3 2 5 292 12
540 4 1 1 5 5 1 4 3 0 126 45
541 4 3 3 6 0 3 5 1 2 4 457 35
542 5 1 2 6 4 1 2 5 0 3 348 39
543 5 1 2 5 1 3 5 0 4 209 68
544 4 5 2 3 2 3 5 253 53
545 5 1 2 3 0 2 5 61 32
546 0 1 2 6 4 3 0 5 1 2 205 17
547 5 1 5 5 1 3 5 0 4 209 68
548 0 3 2 6 1 4 5 2 0 3 142 62
549 0 5 8 5 2 1 4 0 3 197 47
550 0 3 2 3 5 4 1 401 51
551 4 5 3 6 0 5 3 1 4 2 204 54
552 0 5 1 5 5 4 3 2 0 208 29
553 0 5 4 3 2 4 0 320 57
554 4 5 4 5 1 4 2 3 5 165 47
555 0 5 3 6 2 0 5 3 4 1 288 44
556 4 5 2 5 3 4 2 5 1 350 48
557 0 3 5 6 5 1 3 4 2 0 303 66
558 4 5 1 6 0 5 3 1 4 2 204 54
559 0 3 4 6 2 4 1 5 0 3 290 77
560 4 1 2 3 0 2 4 454 86
561 0 5 4 5 1 3 4 0 5 243 15
562 5 3 3 5 3 1 5 4 2 220 12
563 5 1 2 5 1 3 5 0 4 209 68
564 4 5 2 6 0 5 3 1 4 2 204 54
565 5 1 2 5 1 2 5 0 3 234 78
566 0 1 3 3 2 1 0 68 61
567 5 1 6 3 0 2 5 61 32
568 0 1 9 6 3 1 2 4 0 5 542 100
569 0 3 3 6 1 4 5 2 0 3 142 62
42
570 4 3 1 6 3 1 4 0 2 5 85 70
571 0 5 1 5 0 3 1 4 2 171 24
572 5 1 2 5 3 2 5 1 4 81 72
573 4 1 1 5 0 4 5 1 3 402 72
574 4 5 1 3 1 5 0 272 28
575 5 1 1 4 0 1 3 2 118 18
576 4 1 2 6 3 1 0 4 5 2 346 64
577 4 3 1 4 1 0 3 5 265 26
578 0 1 1 3 2 1 0 68 61
579 0 5 1 5 1 3 4 0 5 243 15
580 4 1 5 5 1 3 4 0 2 24 15
581 4 1 1 6 2 0 3 4 1 5 238 71
582 4 3 1 6 0 2 3 5 1 4 348 95
583 0 3 2 4 5 2 1 0 376 87
584 5 3 1 5 0 5 1 4 3 308 75
585 5 3 1 6 3 1 2 4 5 0 255 93
586 5 3 2 5 3 5 2 1 4 250 94
587 0 1 1 3 4 3 1 332 31
588 5 1 2 5 2 5 4 0 3 397 21
589 4 1 1 3 4 3 5 225 77
590 0 5 1 5 2 1 4 0 3 197 47
591 0 5 1 5 4 5 1 0 2 295 35
592 4 5 2 4 1 4 3 2 202 57
593 0 1 2 4 5 3 1 2 264 81
594 4 5 2 6 3 1 0 2 5 4 93 56
595 0 3 3 3 5 4 1 401 51
596 0 5 3 6 0 2 1 4 5 3 59 74
597 0 5 1 6 4 5 3 2 0 1 239 13
598 0 1 3 6 0 5 2 3 4 1 220 80
599 5 1 1 4 3 4 2 5 88 29
600 5 3 4 5 0 5 1 4 3 308 75
601 5 3 3 6 1 2 3 5 4 0 321 49
602 0 5 6 5 2 1 4 0 3 197 47
603 5 3 1 6 1 4 5 3 2 0 253 22
604 4 5 1 3 5 1 2 61 85
605 0 5 2 4 3 2 5 1 234 92
606 0 3 6 3 5 4 1 401 51
607 4 3 5 6 1 5 0 2 3 4 168 88
608 4 5 5 4 1 4 3 2 202 57
609 5 3 2 5 4 2 3 5 1 73 18
610 0 5 4 4 3 5 2 4 241 46
611 0 1 3 5 0 2 1 3 4 231 48
51
612 5 1 2 6 5 0 1 3 2 4 283 11
613 0 1 3 3 2 1 0 68 61
614 0 5 3 5 5 4 3 2 0 208 29
615 0 3 2 6 5 0 3 1 2 4 488 100
616 4 1 1 6 4 2 5 3 0 1 553 66
617 5 1 2 6 4 1 2 5 0 3 348 39
618 5 1 2 4 3 4 2 5 88 29
619 5 1 7 6 5 0 1 3 2 4 283 11
620 4 5 4 6 3 1 0 2 5 4 93 56
621 0 1 3 4 5 3 1 2 321 92
622 0 1 2 6 2 5 0 1 4 3 271 67
623 4 1 2 5 5 1 4 3 0 126 45
624 4 1 2 5 4 5 0 1 3 411 58
625 4 1 1 5 5 1 4 3 0 126 45
626 0 3 1 5 1 4 5 0 3 116 53
627 4 3 2 6 5 1 3 4 0 2 262 60
628 0 5 3 6 4 5 3 2 0 1 239 13
629 0 1 4 5 4 5 0 3 1 344 94
630 4 3 6 6 4 2 5 3 1 0 69 75
631 0 1 2 4 5 3 1 2 264 81
632 0 5 2 5 2 1 0 3 5 323 41
633 0 5 4 6 5 4 3 0 2 1 442 69
634 0 5 1 5 4 5 1 0 2 295 35
635 0 1 1 5 0 2 1 3 4 231 48
636 5 1 1 5 2 5 4 0 3 397 21
637 4 3 8 6 3 1 4 0 2 5 85 70
638 4 1 3 5 1 3 4 0 2 24 15
639 4 3 3 6 3 1 4 0 2 5 85 70
640 0 5 2 5 1 3 4 0 5 243 15
641 4 1 1 4 4 1 3 2 402 73
642 4 5 2 3 5 1 2 61 85
643 0 5 4 4 3 5 2 4 241 46
644 5 3 2 5 4 2 3 5 1 73 18
645 0 5 1 4 2 4 0 1 65 98
646 5 1 2 4 0 1 3 2 118 18
647 4 1 2 4 4 3 5 1 445 13
648 0 1 4 3 4 2 3 368 11
649 0 5 1 5 3 4 1 5 0 304 100
650 0 3 7 6 5 1 3 4 2 0 303 66
651 5 3 1 3 3 5 1 142 99
652 0 3 4 4 2 4 5 3 227 34
653 4 5 2 6 2 4 5 3 1 0 160 54
654 4 5 2 3 1 4 0 155 79
655 5 3 2 4 3 4 2 5 377 83
656 4 5 5 6 5 1 3 4 2 0 211 51
657 0 1 4 6 2 5 0 1 4 3 271 67
658 4 5 7 4 0 1 5 4 305 62
659 4 1 5 5 0 4 5 1 3 402 72
660 5 3 4 5 2 5 3 0 4 76 15
661 4 1 3 4 4 3 5 1 445 13
662 5 3 6 3 0 2 3 444 41
48
663 5 3 3 5 3 5 2 1 4 250 94
664 0 1 2 6 3 1 2 4 0 5 542 100
665 4 3 1 4 3 1 0 2 238 14
666 0 5 1 4 3 2 5 1 234 92
667 4 1 1 6 2 0 3 4 1 5 238 71
668 0 3 1 5 5 0 3 1 2 104 49
669 5 3 2 4 4 2 5 1 133 37
670 4 3 1 6 5 1 3 2 0 4 268 68
671 4 5 2 5 1 4 2 3 5 165 47
672 4 3 1 4 1 0 3 5 265 26
673 0 5 1 6 2 0 5 3 4 1 288 44
674 0 1 1 4 0 5 3 4 184 61
675 0 3 1 3 2 0 1 77 91
676 4 3 1 6 1 3 0 4 5 2 29 83
677 5 3 4 5 3 5 2 1 4 250 94
678 5 3 1 5 3 5 2 1 4 250 94
679 0 3 2 5 0 4 5 3 2 76 40
680 4 5 2 5 5 3 1 0 4 224 69
681 5 1 2 5 2 1 4 3 0 218 90
682 0 1 2 3 4 2 3 368 11
683 0 5 1 5 4 5 1 0 2 295 35
684 0 5 2 4 2 4 0 1 65 98
685 0 3 3 3 3 2 0 167 64
686 4 3 2 6 3 1 4 0 2 5 85 70
687 5 3 3 5 2 5 3 0 4 76 15
688 5 1 4 5 2 5 4 0 3 397 21
689 4 1 2 6 4 2 5 3 0 1 553 66
690 4 3 1 4 1 0 3 5 265 26
691 0 1 3 6 3 1 2 4 0 5 542 100
692 0 1 1 4 0 5 3 4 184 61
693 5 3 1 5 2 4 3 0 5 249 26
694 0 1 7 6 4 3 0 5 1 2 205 17
695 0 3 4 3 2 0 1 77 91
696 5 1 2 4 3 4 2 5 88 29
697 0 3 3 6 5 0 3 1 2 4 488 100
698 4 3 2 5 5 0 3 2 1 287 16
699 0 3 2 4 3 1 0 2 326 32
700 4 1 2 5 3 4 0 2 5 54 31
701 4 5 5 3 1 4 0 155 79
702 0 3 2 4 5 2 1 0 376 87
703 5 1 3 5 2 3 5 1 0 138 33
704 0 1 3 4 1 0 4 3 209 46
705 4 1 1 4 4 1 3 2 402 73
706 4 5 7 5 5 4 1 0 2 125 66
707 5 1 2 4 0 1 3 2 118 18
708 4 5 2 5 2 4 0 5 3 192 82
709 0 1 7 4 5 4 2 1 127 74
710 0 5 2 5 0 3 1 4 2 171 24
52
711 4 3 4 6 1 5 0 2 3 4 168 88
712 0 3 1 3 3 2 0 167 64
713 0 3 2 4 0 2 5 4 258 44
714 0 1 1 4 5 3 1 2 321 92
715 4 1 3 4 4 3 5 1 445 13
716 4 5 3 3 2 3 5 253 53
717 0 5 2 6 0 2 1 4 5 3 59 74
718 0 1 2 4 5 1 0 2 156 34
719 4 1 1 3 0 2 4 454 86
720 4 3 1 6 1 5 0 2 3 4 168 88
721 5 1 1 5 3 2 5 1 4 81 72
722 4 1 1 6 3 4 2 1 0 5 334 23
723 0 1 2 4 0 5 3 4 184 61
724 0 3 2 3 5 4 1 401 51
725 0 1 1 4 3 0 5 2 300 23
726 0 5 1 4 2 0 5 1 306 65
727 5 1 1 3 4 0 1 252 29
728 5 1 2 5 3 2 5 1 4 81 72
729 0 3 3 3 3 2 0 167 64
730 0 3 2 4 4 2 3 0 234 38
731 0 1 1 5 0 2 1 3 4 231 48
732 0 1 2 4 1 0 4 3 209 46
733 4 1 1 6 4 2 5 3 0 1 553 66
734 4 3 6 6 1 2 0 3 5 4 554 65
735 4 3 3 4 3 1 0 2 238 14
736 4 1 1 5 0 4 5 1 3 402 72
737 5 3 1 5 1 2 5 4 3 231 42
738 0 3 1 6 5 1 3 4 2 0 303 66
739 0 3 2 5 1 4 5 0 3 116 53
740 4 3 2 4 5 1 2 3 459 47
741 5 1 3 5 3 2 5 1 4 81 72
742 0 1 1 3 4 0 2 278 91
743 0 3 4 6 5 0 3 1 2 4 488 100
744 0 3 2 3 2 0 1 77 91
745 5 1 3 3 4 0 1 252 29
746 4 1 1 4 4 3 5 1 445 13
747 4 3 2 6 5 1 3 2 0 4 268 68
748 0 1 2 3 4 2 3 368 11
749 0 3 1 3 5 4 1 401 51
750 5 3 3 5 2 5 3 0 4 76 15
751 0 5 2 3 4 3 2 261 16
752 4 1 3 6 3 1 0 4 5 2 346 64
753 4 3 5 6 5 1 3 2 0 4 268 68
754 5 1 2 4 5 2 4 1 269 85
755 4 1 5 5 0 4 5 1 3 402 72
756 4 5 2 6 3 1 0 2 5 4 93 56
757 4 1 1 6 1 4 3 2 0 5 296 23
758 5 3 2 6 1 4 5 3 2 0 253 22
759 4 5 3 5 1 5 3 2 0 98 65
760 5 1 2 5 2 3 5 1 0 138 33
761 0 5 2 4 2 4 0 1 65 98
762 4 3 2 4 1 0 3 5 265 26
45
763 4 5 3 5 1 4 2 3 5 165 47
764 0 1 2 6 4 3 0 5 1 2 205 17
765 4 5 5 6 5 3 2 1 4 0 36 26
766 0 1 1 3 4 0 2 278 91
767 0 1 2 4 0 5 3 4 184 61
768 4 1 2 6 1 5 4 0 3 2 459 70
769 4 5 1 6 5 3 2 1 4 0 36 26
770 4 5 2 5 5 4 1 0 2 125 66
771 4 5 2 3 1 4 0 155 79
772 0 1 2 6 0 5 2 3 4 1 220 80
773 0 5 1 4 2 4 0 1 65 98
774 0 5 3 5 5 4 3 2 0 208 29
775 4 5 1 6 0 5 3 1 4 2 204 54
776 5 3 2 4 0 1 4 2 298 25
777 4 3 2 5 5 0 3 2 1 287 16
778 4 1 2 5 4 5 0 1 3 411 58
779 0 1 4 5 0 2 1 3 4 231 48
780 4 3 3 6 1 5 0 2 3 4 168 88
781 5 3 1 3 0 2 3 444 41
782 5 1 3 5 1 0 5 2 4 260 68
783 0 1 1 6 3 4 1 2 0 5 100 98
784 0 5 3 5 4 5 1 0 2 295 35
785 0 3 1 3 3 2 0 167 64
786 4 3 3 6 1 2 0 3 5 4 554 65
787 4 5 2 4 0 1 5 4 305 62
788 0 3 3 3 5 4 1 401 51
789 4 1 1 5 2 3 1 4 5 349 20
790 0 5 4 4 3 2 5 1 234 92
791 0 3 1 5 0 3 2 5 4 177 36
792 4 3 1 6 5 1 3 4 0 2 262 60
793 0 5 2 5 2 1 0 3 5 323 41
794 5 1 1 4 5 3 2 1 71 36
795 4 3 2 6 1 5 0 2 3 4 168 88
796 0 3 1 3 5 4 1 401 51
797 5 1 3 3 4 0 2 222 37
798 4 5 2 6 2 4 5 3 1 0 160 54
799 4 3 4 4 3 1 0 2 238 14
800 0 1 2 4 5 1 0 2 156 34
801 0 3 3 6 2 4 1 5 0 3 290 77
802 5 1 2 5 2 3 5 1 0 138 33
803 0 5 2 3 3 4 1 188 49
804 4 5 2 3 5 1 2 61 85
805 0 5 4 6 1 2 0 5 4 3 234 89
806 5 1 2 4 3 4 2 5 88 29
807 5 1 5 5 1 3 5 0 4 209 68
56
808 0 5 1 6 5 2 1 4 0 3 389 77
809 4 3 1 6 0 3 5 1 2 4 457 35
810 5 3 2 5 4 2 0 5 1 169 98
811 4 1 1 3 4 5 0 370 88
812 0 3 1 4 0 2 5 4 258 44
813 5 1 3 4 5 3 2 1 71 36
814 5 1 1 3 0 2 5 61 32
815 4 5 1 3 5 1 2 61 85
816 4 5 1 4 2 1 0 5 291 81
817 4 5 4 4 1 2 3 4 169 24
818 0 5 4 4 3 5 2 4 241 46
819 0 1 1 3 2 1 0 68 61
820 0 3 8 4 0 2 5 4 258 44
821 4 3 4 3 3 4 0 44 28
822 0 3 2 3 3 2 0 167 64
823 0 3 1 5 0 3 2 5 4 177 36
824 0 5 2 6 1 2 0 5 4 3 234 89
825 4 3 4 6 1 3 0 4 5 2 29 83
826 4 1 1 3 4 1 3 549 32
827 0 5 1 4 3 1 2 0 160 99
828 4 1 5 5 1 3 4 0 2 24 15
829 0 3 1 3 3 2 0 167 64
830 0 1 1 4 0 5 3 4 184 61
831 5 3 2 5 1 2 5 4 3 231 42
832 4 5 3 5 2 4 0 5 3 192 82
833 0 3 1 4 2 4 5 3 227 34
834 0 3 3 6 0 4 3 5 1 2 150 58
835 0 3 2 6 5 0 3 1 2 4 488 100
836 4 1 1 5 1 3 4 0 2 24 15
837 0 3 2 4 3 1 0 2 326 32
838 0 1 3 4 5 3 1 2 321 92
839 0 3 4 3 2 0 1 77 91
840 5 1 4 4 0 1 3 2 118 18
841 0 3 2 4 2 4 5 3 227 34
842 5 1 1 5 2 1 4 3 0 218 90
843 5 3 3 4 3 4 2 5 377 83
844 5 3 5 4 0 4 3 5 231 91
845 0 3 3 4 3 1 0 2 326 32
846 0 1 1 4 1 0 4 3 209 46
847 4 5 2 5 5 0 1 2 3 27 25
848 0 1 3 6 0 5 2 3 4 1 220 80
849 4 3 3 4 3 1 0 2 238 14
850 5 3 6 5 4 2 0 5 1 169 98
851 0 3 2 6 2 4 1 5 0 3 290 77
852 4 3 2 3 1 4 0 217 100
853 5 3 6 5 1 3 4 5 2 11 64
854 4 5 3 6 5 3 2 1 4 0 36 26
855 0 5 1 6 2 0 5 3 4 1 288 44
856 4 5 2 3 1 5 0 272 28
857 0 3 3 6 1 4 5 2 0 3 142 62
858 4 1 4 6 1 4 3 2 0 5 296 23
859 4 1 2 6 1 4 3 2 0 5 296 23
860 4 3 3 4 3 1 0 2 238 14
861 5 1 2 5 3 2 5 1 4 81 72
862 5 3 2 4 0 4 3 5 231 91
863 0 1 2 5 0 2 1 3 4 231 48
63
864 5 3 4 6 1 4 5 3 2 0 253 22
865 0 5 1 6 1 2 0 5 4 3 234 89
866 4 1 3 5 4 5 0 1 3 411 58
867 5 1 1 5 2 1 4 3 0 218 90
868 5 1 1 5 2 3 5 1 0 138 33
869 4 5 1 3 2 3 5 253 53
870 5 3 1 6 4 1 0 3 2 5 292 12
871 5 1 2 3 4 0 2 222 37
872 0 3 1 5 5 0 3 1 2 104 49
873 5 1 4 4 0 1 3 2 118 18
874 5 3 3 5 4 2 3 5 1 73 18
875 4 5 1 6 5 2 3 4 1 0 115 50
876 4 1 1 3 1 2 4 177 39
877 5 1 7 5 1 0 5 2 4 260 68
878 5 3 3 4 4 2 5 1 133 37
879 4 3 3 5 5 1 2 4 0 156 80
880 4 5 2 5 5 4 1 0 2 125 66
881 0 5 1 5 2 1 4 0 3 197 47
882 4 3 1 6 1 5 0 2 3 4 168 88
883 5 3 3 4 3 4 2 5 377 83
884 0 1 3 6 2 4 5 1 0 3 191 30
885 5 3 1 5 1 0 3 4 5 183 45
886 0 5 4 5 5 4 3 2 0 208 29
887 4 1 2 4 4 1 3 2 402 73
888 4 5 4 6 5 2 3 4 1 0 115 50
889 4 3 3 6 0 2 3 5 1 4 348 95
890 5 3 3 5 1 2 5 4 3 231 42
891 4 5 1 5 5 3 1 0 4 224 69
892 0 1 2 3 2 1 0 68 61
893 0 5 2 5 2 1 4 0 3 197 47
894 0 5 1 4 4 3 1 5 292 37
895 0 5 2 3 3 4 1 188 49
896 4 3 1 4 5 2 0 3 88 14
897 4 5 8 5 5 4 1 0 2 125 66
898 4 3 2 6 4 2 5 3 1 0 69 75
899 5 3 2 5 1 4 3 2 0 408 13
900 4 3 1 6 1 3 0 4 5 2 29 83
901 5 1 7 3 4 0 2 222 37
902 4 5 2 3 1 5 0 272 28
903 4 3 2 4 3 1 0 2 238 14
904 5 1 1 5 2 1 4 3 0 218 90
905 4 1 2 5 3 4 0 2 5 54 31
906 0 5 1 3 3 4 1 188 49
907 0 3 2 4 3 1 0 2 326 32
908 4 3 2 3 3 4 0 44 28
909 0 1 3 3 5 0 3 332 41
910 5 1 1 6 4 1 2 5 0 3 348 39
911 0 5 3 6 5 4 3 0 2 1 442 69
912 4 3 2 6 1 5 0 2 3 4 168 88
913 4 1 6 6 4 3 5 1 2 0 156 46
914 5 1 3 3 4 0 2 222 37
915 4 3 2 6 0 2 3 5 1 4 348 95
916 4 5 3 5 3 4 2 5 1 350 48
917 0 5 2 5 5 4 3 2 0 208 29
918 0 3 3 5 1 4 5 0 3 116 53
919 4 3 4 4 5 1 2 3 459 47
920 0 3 4 6 5 0 3 1 2 4 488 100
921 4 5 3 6 5 1 3 4 2 0 211 51
922 5 1 2 6 4 1 2 5 0 3 348 39
923 0 3 2 4 0 2 5 4 258 44
924 5 3 4 5 4 2 0 5 1 169 98
925 4 3 3 3 3 4 0 44 28
926 5 3 2 5 1 2 5 4 3 231 42
53
927 4 1 1 3 4 1 3 549 32
928 0 1 1 4 5 4 2 1 127 74
929 0 1 2 3 2 1 0 68 61
930 4 1 4 4 4 3 5 1 445 13
931 5 3 1 5 1 3 4 5 2 11 64
932 5 1 1 4 0 4 3 2 309 98
933 5 1 1 5 1 2 5 0 3 234 78
934 0 3 3 4 2 4 5 3 227 34
935 5 1 1 5 2 1 4 3 0 218 90
936 0 1 1 5 1 5 0 2 3 101 80
937 0 5 3 6 0 2 1 4 5 3 59 74
938 0 5 4 5 1 3 4 0 5 243 15
939 0 3 3 5 0 4 5 3 2 76 40
940 0 3 3 4 0 2 5 4 258 44
941 0 5 3 5 4 1 3 0 2 18 90
942 5 3 2 5 3 5 2 1 4 250 94
943 4 3 4 6 5 1 0 3 4 2 429 19
944 4 1 6 3 4 5 0 370 88
945 0 5 3 5 0 3 1 4 2 171 24
946 4 3 2 3 1 4 0 217 100
947 0 3 1 6 2 4 1 5 0 3 290 77
948 0 5 2 5 2 1 4 0 3 197 47
949 5 3 2 5 3 5 2 1 4 250 94
950 0 5 2 6 5 4 3 0 2 1 442 69
951 4 1 1 3 1 2 4 177 39
952 5 1 2 5 1 2 5 0 3 234 78
953 0 1 1 4 0 5 3 4 184 61
954 5 1 1 5 2 1 4 5 3 119 76
955 4 1 3 6 2 0 3 4 1 5 238 71
956 4 5 2 6 5 3 2 1 4 0 36 26
957 4 5 3 4 1 4 3 2 202 57
958 5 3 1 5 2 4 3 0 5 249 26
959 0 3 1 5 0 3 2 5 4 177 36
960 0 5 2 6 4 0 2 3 1 5 150 26
961 4 5 1 4 1 4 3 2 202 57
962 0 3 4 6 2 4 1 5 0 3 290 77
963 0 1 5 6 0 5 2 3 4 1 220 80
964 4 5 1 6 5 3 2 1 4 0 36 26
965 4 5 4 6 5 2 3 4 1 0 115 50
966 5 1 2 5 2 1 4 3 0 218 90
967 0 1 2 3 2 1 0 68 61
968 5 3 2 6 4 1 0 3 2 5 292 12
969 5 3 7 5 2 4 3 0 5 249 26
970 0 1 5 6 2 4 5 1 0 3 191 30
971 0 3 2 5 0 4 5 3 2 76 40
972 5 3 3 5 1 4 3 2 0 408 13
973 4 5 3 6 5 3 2 1 4 0 36 26
974 5 1 3 5 1 2 5 0 3 234 78
975 4 5 3 4 0 1 5 4 305 62
976 4 1 2 6 4 2 5 3 0 1 553 66
977 5 3 1 5 2 4 3 0 5 249 26
978 4 1 3 6 3 4 2 1 0 5 334 23
979 4 1 2 4 4 1 2 3 310 96
43
980 0 3 1 6 5 0 3 1 2 4 488 100
981 4 5 5 6 5 3 2 1 4 0 36 26
982 4 5 2 5 5 0 1 2 3 27 25
983 0 3 3 3 2 0 1 77 91
984 5 1 1 5 1 0 5 2 4 260 68
985 4 3 1 4 5 1 2 3 459 47
986 4 5 1 4 1 4 3 2 202 57
987 4 5 1 5 5 4 1 0 2 125 66
988 4 1 1 5 2 5 1 3 0 131 31
989 5 1 3 6 5 0 1 3 2 4 283 11
990 5 1 1 3 4 0 2 222 37
991 0 1 6 4 1 0 4 3 209 46
992 0 3 2 4 3 1 0 2 326 32
993 0 5 1 4 4 3 1 5 292 37
994 5 1 3 5 3 2 5 1 4 81 72
995 5 1 2 5 3 2 5 1 4 81 72
996 5 1 5 6 5 0 1 3 2 4 283 11
997 4 1 1 3 4 5 0 370 88
998 0 3 12 3 2 5 3 123 45
999 0 5 2 5 4 1 3 0 2 18 90
1000 5 3 2 6 4 1 0 3 2 5 292 12
1001 0 5 4 4 4 3 1 5 292 37
1002 5 3 1 5 3 5 2 1 4 250 94
1003 0 5 1 4 2 4 0 1 65 98
1004 4 3 2 6 3 1 4 0 2 5 85 70
1005 0 5 3 6 1 2 0 5 4 3 234 89
1006 4 1 4 5 2 3 1 4 5 349 20
1007 5 3 1 5 1 0 3 4 5 183 45
1008 5 3 2 5 2 5 3 0 4 76 15
1009 5 3 3 5 2 4 3 0 5 249 26
1010 5 1 3 4 5 2 4 1 269 85
1011 4 1 2 5 4 5 0 1 3 411 58
1012 5 3 1 4 0 4 3 5 231 91
1013 0 1 4 4 1 0 3 2 189 66
1014 4 1 3 5 0 4 5 1 3 402 72
1015 0 3 1 4 3 1 0 2 326 32
1016 4 1 1 3 4 1 3 549 32
1017 5 1 1 6 4 1 2 5 0 3 348 39
1018 4 3 2 6 1 3 0 4 5 2 29 83
1019 4 1 1 6 1 4 3 2 0 5 296 23
1020 4 5 4 3 2 3 5 253 53
1021 0 3 2 6 2 4 1 5 0 3 290 77
1022 4 1 2 6 1 5 4 0 3 2 459 70
56
1023 5 3 1 4 0 4 3 5 231 91
1024 0 3 3 4 5 3 4 1 385 35
1025 4 5 4 6 0 5 3 1 4 2 204 54
1026 5 3 2 5 2 5 3 0 4 76 15
1027 4 3 2 6 3 1 4 0 2 5 85 70
1028 5 3 1 5 1 3 4 5 2 11 64
1029 0 1 1 5 0 2 1 3 4 231 48
1030 0 1 1 4 0 5 3 4 184 61
1031 5 3 1 6 1 4 5 3 2 0 253 22
1032 0 5 2 6 2 0 5 3 4 1 288 44
1033 5 3 2 5 4 2 3 5 1 73 18
1034 4 5 1 6 0 5 3 1 4 2 204 54
1035 5 1 1 5 1 0 5 2 4 260 68
1036 5 1 3 4 0 1 3 2 118 18
1037 5 3 2 6 1 2 3 5 4 0 321 49
1038 0 3 2 6 2 4 0 3 1 5 321 60
1039 4 1 2 6 1 5 4 0 3 2 459 70
1040 5 1 1 5 2 1 4 0 5 191 94
1041 0 5 3 6 1 2 0 5 4 3 234 89
1042 4 3 2 5 1 2 0 3 5 155 86
1043 4 5 4 6 5 1 3 4 2 0 211 51
1044 5 3 1 6 4 1 0 3 2 5 292 12
1045 4 1 3 3 1 2 4 177 39
1046 4 3 4 4 1 0 3 5 265 26
1047 4 3 2 6 0 3 5 1 2 4 457 35
1048 4 3 2 4 1 0 3 5 265 26
1049 4 5 4 5 5 0 1 2 3 27 25
1050 0 5 4 4 2 4 0 1 65 98
1051 4 3 5 5 1 2 0 3 5 155 86
1052 5 1 6 4 5 2 4 1 269 85
1053 4 3 2 6 1 3 0 4 5 2 29 83
1054 5 1 1 6 4 1 2 5 0 3 348 39
1055 4 5 5 5 5 3 1 0 4 224 69
1056 0 1 2 5 1 5 0 2 3 101 80
1057 5 1 3 5 2 3 5 1 0 138 33
1058 5 3 1 5 3 5 2 1 4 250 94
1059 0 3 1 4 3 1 0 2 326 32
1060 0 1 2 3 5 4 2 563 80
1061 0 3 4 3 2 5 3 123 45
1062 4 5 1 3 1 4 0 155 79
1063 0 1 3 6 3 1 2 4 0 5 542 100
1064 5 1 8 5 1 3 5 0 4 209 68
1065 4 5 3 4 1 4 3 2 202 57
1066 4 3 2 6 3 1 4 0 2 5 85 70
1067 4 1 4 4 4 3 5 1 445 13
1068 0 3 2 4 5 3 4 1 385 35
1069 0 3 2 4 2 4 5 3 227 34
1070 4 1 2 6 3 1 0 4 5 2 346 64
1071 0 1 2 6 3 1 2 4 0 5 542 100
1072 0 1 6 3 4 3 1 332 31
1073 4 3 6 6 4 2 5 3 1 0 69 75
1074 5 1 2 6 4 1 2 5 0 3 348 39
1075 0 1 4 5 4 5 0 3 1 344 94
1076 5 3 3 6 3 1 2 4 5 0 255 93
1077 0 1 4 5 1 5 0 2 3 101 80
1078 5 3 2 6 1 2 3 5 4 0 321 49
58
1079 5 3 2 4 3 4 2 5 377 83
1080 0 1 3 3 5 0 3 332 41
1081 4 3 1 3 1 4 0 217 100
1082 4 5 2 3 1 5 0 272 28
1083 5 3 1 5 1 0 3 4 5 183 45
1084 0 3 1 5 0 4 5 3 2 76 40
1085 4 5 1 5 5 0 1 2 3 27 25
1086 4 5 5 6 2 1 4 5 3 0 193 98
1087 0 5 2 4 3 5 2 4 241 46
1088 4 3 1 6 4 2 5 3 1 0 69 75
1089 0 5 6 4 2 0 5 1 306 65
1090 5 3 3 3 0 2 3 444 41
1091 5 1 3 5 3 2 5 1 4 81 72
1092 4 3 1 3 1 4 0 217 100
1093 0 5 1 5 4 1 3 0 2 18 90
1094 4 1 1 6 4 3 5 1 2 0 156 46
1095 4 3 5 4 1 0 3 5 265 26
1096 0 5 1 4 3 5 2 4 241 46
1097 0 3 3 4 3 1 0 2 326 32
1098 4 1 2 5 5 1 4 3 0 126 45
1099 0 3 3 6 0 4 3 5 1 2 150 58
1100 0 5 3 5 2 1 0 3 5 323 41
1101 4 5 1 5 5 4 1 0 2 125 66
1102 0 1 3 4 0 5 3 4 184 61
1103 4 3 1 6 5 1 0 3 4 2 429 19
1104 0 5 2 5 5 4 3 2 0 208 29
1105 0 1 2 4 5 1 0 2 156 34
1106 5 1 2 4 5 3 2 1 71 36
1107 5 3 2 6 1 2 3 5 4 0 321 49
1108 4 5 2 6 5 3 2 1 4 0 36 26
1109 5 3 2 5 0 5 1 4 3 308 75
1110 0 1 5 3 4 0 2 278 91
1111 4 1 3 5 2 5 1 3 0 131 31
1112 4 3 2 6 3 1 4 0 2 5 85 70
1113 5 1 1 3 4 0 1 252 29
1114 4 1 4 5 1 3 4 0 2 24 15
1115 0 3 2 5 1 4 5 0 3 116 53
1116 4 5 1 6 2 1 4 5 3 0 193 98
1117 0 5 1 5 2 1 4 0 3 197 47
1118 5 1 3 5 2 1 4 3 0 218 90
1119 4 1 1 6 1 4 3 2 0 5 296 23
1120 5 3 4 6 3 1 2 4 5 0 255 93
1121 5 1 4 4 3 4 2 5 88 29
1122 0 5 2 5 2 1 4 0 3 197 47
1123 4 3 4 3 1 4 0 217 100
1124 4 1 3 5 2 3 1 4 5 349 20
1125 0 5 2 5 5 4 3 2 0 208 29
1126 0 1 2 4 5 1 0 2 156 34
1127 5 3 4 3 3 5 1 142 99
1128 4 5 7 3 2 3 5 253 53
1129 5 3 4 3 0 2 3 444 41
1130 4 5 2 6 2 4 5 3 1 0 160 54
1131 4 1 2 3 0 2 4 454 86
1132 4 5 2 5 3 4 2 5 1 350 48
1133 5 3 1 4 4 2 5 1 133 37
1134 4 5 2 6 5 1 3 4 2 0 211 51
1135 5 1 7 6 4 1 2 5 0 3 348 39
1136 0 5 2 4 3 1 2 0 160 99
45
1137 4 1 3 5 3 4 0 2 5 54 31
1138 5 3 2 5 2 5 3 0 4 76 15
1139 0 1 3 4 5 3 1 2 321 92
1140 0 1 1 6 0 5 2 3 4 1 220 80
1141 4 1 2 5 2 5 1 3 0 131 31
1142 0 1 4 4 1 0 3 2 189 66
1143 0 3 1 4 4 2 3 0 234 38
1144 5 1 1 5 2 1 4 5 3 119 76
1145 4 5 1 6 5 2 3 4 1 0 115 50
1146 5 1 2 3 5 2 1 72 55
1147 4 5 3 3 5 1 2 61 85
1148 4 5 1 6 5 3 2 1 4 0 36 26
1149 4 5 3 5 3 4 2 5 1 350 48
1150 5 1 1 3 0 2 5 61 32
1151 4 1 2 3 0 2 4 454 86
1152 0 1 2 6 3 4 1 2 0 5 100 98
1153 5 3 1 5 2 4 3 0 5 249 26
1154 0 5 1 5 3 4 1 5 0 304 100
1155 4 1 6 4 4 1 3 2 402 73
1156 0 5 3 3 2 4 0 320 57
1157 4 3 4 5 3 5 2 4 1 238 85
1158 0 1 1 5 4 5 0 3 1 344 94
1159 0 5 1 4 2 4 0 1 65 98
1160 5 1 7 5 1 0 5 2 4 260 68
1161 4 1 2 6 4 3 5 1 2 0 156 46
1162 0 1 1 5 0 2 1 3 4 231 48
1163 5 1 1 3 2 5 1 291 67
1164 4 5 2 4 2 1 0 5 291 81
1165 5 3 1 5 1 2 5 4 3 231 42
1166 4 3 1 5 1 2 0 3 5 155 86
1167 0 3 4 5 0 5 1 3 2 184 49
1168 0 5 1 5 4 1 3 0 2 18 90
1169 0 1 1 5 0 2 1 3 4 231 48
1170 4 3 3 4 5 1 2 3 459 47
1171 5 1 2 5 2 1 4 5 3 119 76
1172 4 1 3 5 2 3 1 4 5 349 20
1173 0 5 6 4 3 5 2 4 241 46
1174 0 5 3 5 4 5 1 0 2 295 35
1175 5 3 2 6 1 4 5 3 2 0 253 22
1176 0 1 2 4 0 5 3 4 184 61
1177 0 5 2 4 2 0 5 1 306 65
1178 0 3 2 4 4 2 3 0 234 38
1179 4 5 2 5 1 4 2 3 5 165 47
1180 0 1 2 6 3 4 1 2 0 5 100 98
1181 4 5 4 6 2 1 4 5 3 0 193 98
50
1182 0 5 4 6 5 4 3 0 2 1 442 69
1183 4 3 3 4 5 1 2 3 459 47
1184 5 1 1 3 4 0 2 222 37
1185 0 1 3 4 5 1 0 2 156 34
1186 0 5 1 5 4 5 1 0 2 295 35
1187 5 3 4 6 3 1 2 4 5 0 255 93
1188 4 3 1 5 5 0 3 2 1 287 16
1189 5 3 2 4 4 2 5 1 133 37
1190 5 1 3 3 0 2 5 61 32
1191 0 5 1 4 2 0 5 1 306 65
1192 4 5 2 4 1 4 3 2 202 57
1193 0 1 2 5 4 5 0 3 1 344 94
1194 4 1 2 4 4 3 5 1 445 13
1195 5 1 2 5 3 2 5 1 4 81 72
1196 4 5 2 5 5 0 1 2 3 27 25
1197 5 3 1 6 4 1 0 3 2 5 292 12
1198 4 1 3 6 2 0 3 4 1 5 238 71
1199 4 1 2 5 1 3 4 0 2 24 15
1200 5 3 1 5 1 2 5 4 3 231 42
1201 5 3 2 6 1 2 3 5 4 0 321 49
1202 5 1 3 5 1 0 5 2 4 260 68
1203 0 1 1 4 5 3 1 2 264 81
1204 5 1 3 5 2 1 4 5 3 119 76
1205 5 3 1 4 0 1 4 2 298 25
1206 4 1 2 5 2 5 1 3 0 131 31
1207 4 1 8 3 0 2 4 454 86
1208 0 1 2 4 1 0 3 2 189 66
1209 5 3 4 6 4 1 0 3 2 5 292 12
1210 0 3 3 5 5 0 3 1 2 104 49
1211 0 3 1 6 1 4 5 2 0 3 142 62
1212 4 3 3 6 1 3 0 4 5 2 29 83
1213 4 1 3 4 4 3 5 1 445 13
1214 4 5 2 5 3 4 2 5 1 350 48
1215 0 1 5 3 5 0 3 332 41
1216 4 3 2 5 5 1 2 4 0 156 80
1217 4 1 2 5 2 3 1 4 5 349 20
1218 0 3 2 3 5 4 1 401 51
1219 0 3 2 6 5 0 3 1 2 4 488 100
1220 0 3 3 5 0 3 2 5 4 177 36
1221 5 3 5 4 0 4 3 5 231 91
1222 0 5 3 4 4 3 1 5 292 37
1223 4 3 2 5 5 0 3 2 1 287 16
1224 4 5 2 6 3 1 0 2 5 4 93 56
1225 4 3 1 6 5 1 3 4 0 2 262 60
1226 5 1 6 5 1 2 5 0 3 234 78
1227 5 3 2 6 4 1 0 3 2 5 292 12
1228 4 1 3 3 4 5 0 370 88
1229 5 1 2 4 0 1 3 2 118 18
1230 5 1 3 5 1 0 5 2 4 260 68
1231 4 3 3 6 5 1 0 3 4 2 429 19
0
0
0
0
0
0
0
0
0
0
0
0

