990
31
37
0 13 5 1 3 3 0 2 196 83
1 12 4 1 6 2 3 5 4 0 1 103 77
2 1 9 2 6 1 5 2 3 4 0 68 55
3 11 15 5 3 4 3 0 40 91
4 7 16 1 4 0 1 4 5 163 67
5 6 4 3 4 1 4 2 5 149 48
6 7 2 3 4 5 1 2 4 134 12
7 6 16 1 4 4 0 1 5 41 26
8 6 12 3 6 3 0 2 5 1 4 63 45
9 11 9 2 5 1 4 0 3 5 93 88
10 1 9 2 6 1 2 0 5 4 3 215 12
11 6 5 1 3 4 0 2 190 41
12 0 2 3 3 2 0 5 150 16
13 13 10 1 5 4 2 0 3 5 62 11
14 2 9 1 4 1 5 3 4 80 42
15 13 15 2 4 3 2 4 0 120 90
16 12 15 1 3 3 0 5 175 85
17 1 12 2 6 0 5 3 1 2 4 71 98
18 11 12 4 4 0 2 1 4 64 14
19 6 1 3 5 2 4 0 1 3 165 63
20 1 5 3 6 3 0 5 1 4 2 112 20
21 6 16 5 4 2 5 3 0 180 60
22 0 10 2 5 5 4 2 1 0 83 87
23 13 12 2 5 3 2 1 4 0 108 57
24 6 16 2 3 4 2 3 165 48
25 7 4 1 5 2 3 5 0 1 112 47
26 7 5 2 6 2 1 4 3 5 0 210 56
27 11 15 3 3 1 2 3 55 82
28 12 16 3 4 2 5 4 0 68 51
29 13 16 4 4 3 2 0 1 134 54
30 2 4 2 4 4 0 5 2 164 63
31 3 9 2 6 4 1 3 5 0 2 80 80
32 7 4 2 6 0 5 4 1 2 3 66 98
33 13 4 2 3 0 2 5 85 87
34 12 9 4 5 2 5 1 0 3 68 49
35 7 4 2 6 5 3 4 0 1 2 78 67
36 7 5 2 4 2 0 5 1 278 29
35
37 3 16 2 3 2 4 1 117 20
38 12 2 1 6 3 0 1 4 5 2 46 87
39 6 10 5 5 2 1 4 0 3 19 46
40 6 12 1 6 1 4 5 3 0 2 88 25
41 3 9 3 3 5 4 1 45 43
42 0 12 1 6 2 4 5 0 3 1 60 40
43 13 4 2 3 4 2 1 108 38
44 3 1 4 6 2 0 3 4 5 1 311 85
45 13 16 2 3 4 2 1 137 43
46 3 15 1 6 0 5 1 2 4 3 172 88
47 2 1 1 3 1 0 5 368 94
48 2 4 4 5 1 5 2 3 4 83 62
49 3 12 2 3 5 3 2 35 47
50 6 16 3 4 0 2 5 1 164 78
51 12 9 1 6 4 2 0 3 5 1 17 95
52 0 10 1 6 1 5 2 4 3 0 92 69
53 7 10 1 4 1 0 5 3 119 42
54 11 15 3 6 0 5 1 2 3 4 124 94
55 7 5 3 6 3 4 1 0 5 2 73 83
56 0 2 1 5 3 0 2 4 5 108 35
57 6 10 4 5 0 2 1 5 4 167 51
58 0 12 3 5 0 4 2 1 3 119 46
59 7 1 5 5 2 1 4 5 0 54 42
60 0 9 2 4 5 1 2 3 164 48
61 7 5 2 5 5 2 4 0 1 65 18
62 12 15 4 3 2 3 0 96 55
63 11 5 3 4 4 1 0 2 100 79
64 6 12 2 5 0 2 5 1 4 53 14
65 6 15 2 5 3 0 2 1 4 191 18
66 7 15 2 5 5 0 4 1 3 67 53
67 1 4 2 3 3 5 2 128 76
68 6 5 2 3 2 1 5 332 79
69 2 15 3 6 0 5 4 3 2 1 179 25
70 3 5 2 3 4 1 5 258 50
71 2 12 5 5 5 0 4 3 2 66 55
44
72 7 15 2 5 0 1 3 2 5 234 33
73 6 10 3 3 0 2 4 267 85
74 3 16 1 5 3 2 5 4 0 85 40
75 11 2 2 5 3 5 1 2 4 269 51
76 13 16 4 5 4 2 5 1 0 110 64
77 6 1 2 6 2 4 5 3 1 0 204 60
78 13 9 2 6 4 0 5 2 1 3 180 49
79 12 15 1 6 5 0 1 3 4 2 127 32
80 2 1 3 3 5 3 1 468 93
81 0 4 1 4 0 2 4 3 28 99
82 13 16 1 6 5 3 2 1 4 0 15 95
83 6 4 1 4 5 3 1 2 110 28
84 11 10 2 3 4 3 0 268 88
85 0 10 3 4 5 3 4 1 163 24
86 1 16 3 4 2 0 3 5 145 54
87 7 16 3 4 0 1 4 5 163 67
88 12 10 4 6 4 0 3 5 1 2 107 55
89 11 4 3 4 0 4 3 5 49 62
90 13 2 3 5 4 2 1 5 3 27 67
91 7 2 3 3 4 5 1 105 52
92 0 15 1 3 2 4 1 99 48
93 1 9 4 5 1 0 3 2 5 173 81
94 3 5 3 5 5 1 2 4 0 146 92
95 1 5 1 4 4 1 3 0 115 33
96 3 1 2 6 1 3 2 4 5 0 419 39
97 13 12 5 5 1 2 5 3 0 125 30
98 7 5 3 4 1 0 5 3 63 46
99 6 2 4 4 3 2 5 0 11 14
100 3 9 1 3 5 4 1 45 43
101 7 9 3 6 3 1 0 2 4 5 74 68
102 7 12 7 4 3 5 4 0 105 80
103 13 12 3 3 2 4 0 23 53
104 2 4 2 5 1 5 2 3 4 83 62
105 2 9 1 4 1 4 3 5 56 25
106 0 15 2 3 0 3 1 133 83
107 6 9 1 6 2 0 4 1 3 5 38 36
108 11 15 2 4 4 3 5 1 82 84
109 6 2 2 3 4 1 3 57 68
110 6 1 10 4 3 5 2 4 56 14
111 0 10 3 4 5 3 4 1 163 24
112 2 4 2 3 3 4 0 191 44
113 6 1 2 6 3 0 5 4 2 1 181 29
114 0 5 2 3 1 0 2 105 50
115 12 9 3 6 0 2 4 1 5 3 98 77
36
116 13 10 3 3 2 3 1 181 41
117 3 1 1 6 0 2 4 1 5 3 70 49
118 13 15 3 5 2 4 3 5 0 69 84
119 3 9 1 3 3 2 5 79 94
120 6 10 1 4 1 2 3 4 225 27
121 3 4 1 6 4 1 3 0 5 2 176 93
122 13 2 6 3 3 0 4 281 38
123 0 5 1 3 4 3 0 107 80
124 11 1 1 4 1 5 0 3 93 95
125 0 9 1 6 5 1 4 3 2 0 31 98
126 0 15 5 4 0 3 5 4 97 78
127 13 12 5 3 2 0 1 86 36
128 3 9 5 4 0 5 1 2 38 44
129 2 12 4 3 2 5 4 115 99
130 6 4 3 3 5 4 0 32 70
131 2 12 2 3 1 3 2 49 92
132 2 16 2 4 0 2 5 4 23 20
133 12 4 4 4 0 2 5 4 91 27
134 3 1 1 4 1 5 4 0 225 83
135 12 5 2 6 1 2 5 4 0 3 103 82
136 7 5 2 5 3 0 4 1 5 30 89
137 11 10 2 4 5 4 2 0 271 81
138 1 10 2 5 1 0 3 5 2 374 75
139 11 2 1 3 5 3 1 435 60
140 13 4 2 5 0 3 4 2 1 95 73
141 11 10 2 6 2 0 3 5 1 4 201 97
142 12 9 2 5 2 5 0 3 4 180 48
143 11 9 5 6 2 0 4 5 1 3 65 18
144 0 15 1 6 4 1 0 3 5 2 128 54
145 6 12 7 3 0 1 5 31 73
146 11 15 4 6 4 1 0 2 5 3 94 78
147 3 10 1 5 1 2 5 4 0 165 50
148 0 9 1 6 5 1 4 3 2 0 31 98
149 3 15 8 6 0 5 1 2 4 3 172 88
150 2 15 1 3 1 4 0 103 71
151 0 16 2 5 0 4 2 3 1 16 41
49
152 7 1 1 3 3 1 4 109 16
153 1 10 2 6 1 4 2 3 0 5 156 27
154 2 4 1 4 5 2 4 3 92 41
155 6 5 1 6 2 0 4 5 3 1 177 14
156 0 5 6 6 0 4 5 2 1 3 105 42
157 1 9 3 3 2 3 1 46 36
158 2 15 2 6 2 5 1 0 4 3 116 96
159 2 16 2 5 2 4 1 5 0 135 89
160 1 16 4 6 2 0 5 1 3 4 76 31
161 0 9 1 6 0 5 2 3 4 1 195 18
162 7 15 1 4 1 4 3 2 68 41
163 0 15 4 3 1 5 0 183 65
164 3 4 2 5 0 4 3 2 1 148 40
165 3 4 2 3 0 1 2 26 91
166 6 12 1 4 3 1 5 4 113 78
167 0 16 4 5 4 0 3 2 1 144 99
168 13 2 1 5 0 2 3 1 5 115 74
169 3 16 2 5 4 0 3 5 1 38 16
170 7 9 1 6 4 5 1 3 2 0 107 41
171 13 15 3 4 1 3 0 2 178 64
172 1 5 3 5 1 0 5 3 2 102 62
173 13 15 1 4 0 4 5 2 149 27
174 12 2 1 4 0 2 5 1 48 90
175 6 9 3 3 0 4 1 142 75
176 12 16 1 6 5 1 2 0 3 4 51 36
177 0 16 2 4 1 0 2 4 258 88
178 0 12 2 5 2 0 4 3 5 63 29
179 13 10 2 4 4 3 0 2 85 18
180 12 15 3 6 1 2 3 4 0 5 73 32
181 0 1 2 6 3 5 4 0 2 1 141 99
182 0 15 2 5 1 3 5 2 0 66 49
183 11 4 4 3 3 4 5 12 43
184 13 12 1 3 0 4 5 74 10
185 3 16 4 5 1 4 5 0 3 38 37
186 11 2 2 6 1 5 4 0 3 2 372 97
187 0 1 3 3 4 3 5 101 72
188 7 9 2 6 2 0 3 5 4 1 79 16
189 11 16 4 3 1 2 3 122 18
190 0 12 4 6 1 5 0 4 2 3 20 40
191 6 5 2 6 3 1 4 0 2 5 283 88
192 12 16 3 5 0 2 1 3 5 27 42
193 13 15 2 5 2 4 3 5 0 69 84
194 11 12 4 3 5 2 0 36 62
195 13 1 2 3 3 2 0 277 20
196 11 5 4 5 1 3 5 2 0 282 68
197 13 15 5 4 3 2 4 0 120 90
198 13 2 3 4 0 3 1 5 202 52
199 12 9 2 5 4 3 2 0 1 166 93
200 13 1 5 4 1 0 2 4 143 36
48
201 12 10 2 4 5 4 3 1 81 52
202 1 15 1 6 3 0 5 4 1 2 91 94
203 0 9 2 6 0 5 2 3 4 1 195 18
204 7 2 2 3 4 5 0 234 38
205 6 4 2 6 2 0 4 3 5 1 139 25
206 1 9 3 6 1 2 0 5 4 3 215 12
207 13 1 1 4 3 4 1 2 162 56
208 1 4 2 5 0 1 3 5 2 99 47
209 13 2 2 4 0 3 1 5 202 52
210 13 12 1 3 2 0 1 86 36
211 6 16 1 4 0 2 5 1 164 78
212 11 9 3 5 4 2 3 1 0 127 34
213 1 2 2 4 1 2 4 0 48 75
214 7 4 3 5 2 3 5 0 1 112 47
215 7 15 2 5 2 1 3 5 4 139 75
216 7 9 1 6 3 1 0 2 4 5 74 68
217 12 1 2 3 2 5 1 89 33
218 2 10 3 4 0 1 2 5 50 88
219 0 12 1 4 0 1 3 4 87 98
220 7 15 3 5 0 2 5 4 1 68 45
221 11 16 4 3 0 2 1 67 34
222 3 15 2 6 5 0 3 2 4 1 60 89
223 13 9 2 5 3 0 2 4 5 85 33
224 3 12 2 5 5 1 4 0 2 48 16
225 7 15 1 5 2 1 3 5 4 139 75
226 7 15 2 4 2 5 3 1 149 95
227 13 1 3 3 1 3 2 67 66
228 2 1 1 3 1 0 5 368 94
229 12 2 2 5 1 3 4 2 5 28 70
230 6 10 2 6 1 0 5 3 4 2 152 34
231 1 10 2 3 4 1 3 317 53
232 12 5 6 4 0 4 1 2 31 39
233 13 16 7 4 3 2 0 1 134 54
234 7 10 5 4 1 3 5 2 247 75
235 12 2 3 4 4 0 5 1 26 12
236 0 12 5 5 2 0 4 3 5 63 29
237 2 15 2 6 2 0 5 1 4 3 196 93
238 11 15 5 4 5 2 4 0 88 30
239 6 15 2 6 5 0 2 4 1 3 219 11
240 12 9 2 4 0 5 3 2 144 29
241 13 2 2 4 3 0 1 5 212 93
242 13 9 4 5 0 1 4 5 2 110 40
243 11 9 3 4 0 4 5 2 93 21
244 2 9 5 3 5 3 2 115 66
245 2 15 2 4 2 1 4 0 245 66
246 11 2 3 6 0 5 2 3 1 4 77 22
247 3 12 2 3 4 3 5 65 29
248 2 15 2 6 3 4 1 2 0 5 178 32
41
249 6 12 5 6 5 4 0 2 3 1 86 38
250 3 9 3 3 2 5 0 70 37
251 12 9 2 5 4 3 2 0 1 166 93
252 12 16 1 4 2 4 3 0 75 89
253 0 15 1 6 4 1 0 3 5 2 128 54
254 13 16 4 5 3 4 1 5 2 43 95
255 3 2 2 4 2 0 1 5 131 42
256 13 16 2 4 2 4 1 5 150 12
257 0 4 1 5 2 1 4 5 3 214 13
258 1 16 4 5 4 5 1 0 3 62 44
259 13 4 2 4 3 4 2 1 94 60
260 13 10 2 6 5 1 0 4 2 3 201 36
261 0 9 2 3 1 4 0 111 90
262 11 15 2 6 4 1 0 2 5 3 94 78
263 7 4 4 4 5 4 0 1 254 40
264 0 15 3 4 2 4 1 0 108 70
265 2 16 1 3 0 2 1 86 15
266 6 9 6 6 2 0 4 1 3 5 38 36
267 0 2 1 6 3 2 0 4 5 1 72 69
268 12 10 1 6 2 1 3 0 5 4 85 79
269 2 10 1 4 4 3 1 0 301 70
270 7 16 3 4 1 5 2 3 62 31
271 11 16 3 6 2 5 0 1 4 3 129 94
272 1 10 1 6 2 4 1 5 3 0 130 31
273 0 10 2 6 5 3 1 4 2 0 32 48
274 3 9 4 6 4 0 5 1 2 3 176 59
275 1 2 6 4 0 2 4 3 181 83
276 6 2 2 3 2 3 1 416 20
277 6 5 3 6 4 3 1 0 5 2 165 97
278 13 16 2 6 5 3 2 1 4 0 15 95
279 6 9 2 3 0 4 1 142 75
280 1 5 3 4 1 3 0 5 176 14
281 11 16 2 3 5 1 4 164 11
282 6 16 4 5 4 5 3 0 1 76 11
283 0 2 7 4 5 4 1 3 21 59
284 13 4 3 5 2 0 1 4 5 227 62
285 11 10 3 6 1 3 2 4 0 5 246 57
286 11 15 3 4 4 3 5 1 82 84
287 12 1 4 6 5 3 4 2 0 1 88 83
288 6 15 5 6 4 2 3 1 0 5 161 91
289 7 15 2 5 0 5 3 4 2 270 49
45
290 11 9 4 3 2 4 5 49 46
291 7 12 1 4 4 5 1 2 51 60
292 0 15 1 3 0 3 1 133 83
293 3 2 2 5 2 1 5 3 4 321 86
294 11 9 1 4 5 4 2 0 129 83
295 11 9 1 5 3 4 2 5 1 115 56
296 2 15 3 3 5 0 3 167 81
297 0 10 1 3 5 0 1 48 26
298 3 12 2 5 2 5 4 1 0 53 68
299 3 2 2 6 4 0 3 2 1 5 81 57
300 0 9 2 6 2 4 5 0 1 3 87 87
301 7 9 4 3 2 5 1 127 46
302 6 1 1 6 1 0 4 2 5 3 225 74
303 1 15 1 4 0 3 5 2 96 27
304 1 10 2 5 2 5 3 4 1 233 22
305 1 9 1 6 5 2 1 0 4 3 115 19
306 0 2 2 3 2 0 5 150 16
307 6 9 2 4 2 1 3 4 78 58
308 11 9 1 5 2 4 0 1 3 67 70
309 11 10 1 4 5 4 2 0 271 81
310 6 1 6 5 1 3 2 0 5 119 62
311 6 2 1 3 4 1 3 57 68
312 7 5 4 4 1 3 0 2 111 90
313 1 5 1 4 5 3 1 4 228 94
314 13 9 1 5 0 1 4 5 2 110 40
315 13 12 3 4 4 3 2 0 120 41
316 1 10 4 5 1 2 0 5 4 121 52
317 2 4 2 5 4 5 0 3 1 193 40
318 7 1 3 3 0 3 1 92 98
319 0 15 3 6 0 1 4 2 3 5 142 38
320 3 12 1 5 3 1 2 5 4 57 47
321 2 12 11 6 1 5 4 3 0 2 55 71
322 11 5 3 6 0 5 2 4 1 3 446 40
323 1 9 2 5 0 3 1 2 5 99 69
324 11 16 3 3 0 2 1 67 34
325 12 16 2 5 5 0 2 4 3 127 90
326 7 9 3 6 4 5 1 3 2 0 107 41
327 13 9 5 3 1 4 5 80 57
328 11 10 1 3 4 3 0 268 88
329 13 2 4 4 1 3 0 5 119 77
330 0 4 2 3 4 5 1 43 44
331 13 2 2 6 1 2 3 5 0 4 40 83
332 1 2 4 3 3 1 0 156 36
333 6 12 3 3 3 2 5 70 34
334 1 2 2 5 5 2 1 4 0 332 52
37
335 7 5 3 4 1 3 0 2 111 90
336 0 12 1 6 3 4 5 0 1 2 19 78
337 2 4 3 6 0 3 4 1 2 5 100 47
338 1 4 5 3 3 5 2 128 76
339 2 10 1 6 4 5 3 2 1 0 286 74
340 2 1 1 4 5 1 4 2 514 91
341 2 12 2 6 5 3 0 2 1 4 59 48
342 3 12 3 3 4 3 5 65 29
343 13 1 2 6 2 3 1 0 5 4 163 28
344 2 9 1 4 1 5 3 4 80 42
345 11 15 1 3 1 4 3 78 29
346 6 16 2 3 4 3 1 82 82
347 1 4 2 6 0 3 5 4 1 2 72 99
348 3 5 2 5 4 1 3 0 2 113 16
349 3 10 2 5 1 2 5 4 0 165 50
350 3 15 2 3 2 4 5 177 71
351 3 16 1 5 1 4 5 0 3 38 37
352 7 10 2 5 0 5 3 1 2 200 25
353 6 10 2 4 4 2 0 3 335 40
354 11 5 1 3 2 5 4 281 21
355 11 4 1 4 1 5 0 4 213 45
356 6 5 2 4 5 3 1 2 233 55
357 3 16 3 6 4 0 2 3 5 1 82 81
358 7 2 2 4 3 5 2 1 205 55
359 0 1 2 4 2 4 3 0 90 70
360 2 5 3 6 4 2 1 0 5 3 68 61
361 0 10 3 6 1 0 4 2 5 3 119 96
362 7 9 4 5 0 4 3 5 1 116 98
363 6 10 4 5 5 3 1 0 2 140 92
364 0 15 5 3 0 3 1 111 79
365 1 12 1 4 3 0 2 4 39 60
366 11 5 2 4 4 1 0 2 100 79
367 13 15 2 5 0 5 2 3 4 186 40
368 0 15 6 3 2 4 1 99 48
369 12 15 6 3 5 0 2 109 46
370 7 16 2 4 4 5 2 1 127 85
371 0 12 5 6 5 4 1 2 3 0 75 40
48
372 7 15 3 6 3 0 1 5 4 2 173 72
373 12 16 1 3 4 0 3 66 52
374 11 15 1 3 0 2 4 86 55
375 6 1 1 6 5 2 1 3 4 0 200 16
376 0 10 2 5 5 1 0 4 2 105 41
377 0 5 4 5 4 3 1 0 5 130 93
378 3 1 4 6 1 2 4 0 5 3 267 96
379 13 16 1 6 3 0 1 2 5 4 135 77
380 13 4 1 6 3 0 1 4 2 5 117 97
381 6 4 2 3 4 0 3 22 27
382 12 2 1 6 3 0 1 4 5 2 46 87
383 3 5 1 6 2 4 1 0 3 5 61 20
384 3 9 1 6 4 1 3 5 0 2 80 80
385 3 2 3 6 2 0 5 4 3 1 107 13
386 12 9 4 5 2 5 0 3 4 180 48
387 11 2 2 3 5 2 0 263 51
388 2 10 1 4 1 4 3 5 132 85
389 6 16 1 6 3 1 2 0 5 4 102 94
390 0 1 2 6 5 1 4 2 0 3 205 48
391 1 9 1 6 3 0 2 1 4 5 79 60
392 2 1 2 3 3 2 4 301 66
393 12 9 2 4 0 5 2 1 160 85
394 13 10 3 6 2 3 1 4 5 0 107 19
395 12 16 1 6 1 2 0 4 5 3 76 26
396 7 5 1 6 2 0 5 1 4 3 153 58
397 1 5 2 4 2 5 4 3 206 23
398 12 1 5 5 3 1 0 5 2 100 40
399 2 10 3 5 5 3 1 0 2 81 86
400 3 15 3 6 5 3 4 0 2 1 160 64
401 6 10 3 6 0 2 3 4 5 1 183 59
402 13 16 1 4 4 3 5 0 155 34
403 1 16 2 5 4 5 1 0 3 62 44
404 2 5 1 5 0 3 2 1 4 337 50
405 2 10 1 4 4 0 3 5 229 51
406 12 10 3 6 4 2 1 3 5 0 144 79
407 11 9 2 5 0 3 1 4 2 96 75
408 6 15 2 5 3 2 0 1 5 148 94
409 11 1 2 3 3 4 0 360 77
410 12 9 2 4 1 0 5 3 186 53
411 3 10 3 5 3 1 4 2 0 191 24
412 13 10 1 6 5 0 2 1 3 4 135 24
413 3 4 3 3 4 1 0 80 59
414 12 1 2 6 5 3 4 2 0 1 88 83
415 1 12 6 6 0 5 3 1 2 4 71 98
416 13 10 3 3 0 4 3 259 86
417 7 10 2 4 4 0 1 5 40 11
418 6 10 2 5 2 3 0 4 5 174 54
419 13 12 2 3 2 4 0 23 53
38
420 7 2 1 5 5 1 4 2 3 177 24
421 13 12 3 6 2 0 4 3 1 5 99 41
422 3 1 3 5 2 5 3 0 1 500 16
423 13 12 2 5 3 2 1 4 0 108 57
424 3 10 1 5 2 3 5 4 1 187 35
425 1 15 3 5 4 1 5 0 2 81 39
426 3 12 1 6 4 1 0 3 5 2 52 55
427 7 1 3 3 3 2 5 93 50
428 7 16 1 5 4 3 1 2 5 112 70
429 12 16 2 6 5 4 3 1 2 0 126 39
430 0 15 1 4 1 4 5 0 159 32
431 7 4 3 5 2 5 3 0 1 135 61
432 3 4 5 3 2 4 0 74 80
433 6 16 2 5 0 3 2 5 1 169 52
434 1 10 1 6 5 3 2 0 1 4 110 93
435 2 1 2 6 3 0 2 4 1 5 66 80
436 3 9 10 3 2 5 0 70 37
437 1 15 1 6 0 3 4 5 1 2 102 24
438 0 5 5 5 5 0 2 3 4 34 82
439 7 5 5 4 1 0 5 3 63 46
440 13 5 2 3 4 3 1 75 11
441 11 2 3 6 1 5 2 0 4 3 403 21
442 7 1 1 4 5 1 4 3 80 50
443 11 15 3 3 1 4 3 78 29
444 7 1 2 3 3 1 4 109 16
445 3 1 2 6 1 3 2 4 5 0 419 39
446 2 5 2 4 1 0 2 5 221 25
447 6 12 2 6 0 3 4 5 1 2 78 58
448 3 15 3 3 5 1 4 62 23
449 6 1 1 5 1 3 2 0 5 119 62
450 3 9 3 3 0 5 4 130 90
451 11 5 4 6 4 5 1 2 0 3 322 47
452 11 5 2 4 1 3 4 2 92 86
453 0 2 5 3 2 0 5 150 16
454 0 15 2 6 2 4 1 3 0 5 75 94
455 13 5 2 3 5 3 2 199 46
456 2 4 3 6 5 4 1 2 0 3 114 35
457 7 12 3 5 1 2 3 4 5 106 76
32
458 11 5 1 3 1 2 5 215 77
459 11 10 1 3 3 5 4 18 36
460 0 12 2 4 0 5 1 4 28 46
461 11 10 1 5 1 2 3 5 0 31 34
462 6 15 1 4 5 2 4 1 74 19
463 1 9 3 5 0 5 1 4 3 28 97
464 12 9 2 5 2 4 5 3 1 61 15
465 0 5 2 5 4 3 1 0 5 130 93
466 1 15 1 5 3 5 1 2 0 47 42
467 6 9 2 4 4 2 3 1 51 15
468 6 1 3 6 2 4 5 3 1 0 204 60
469 2 5 2 4 4 3 5 2 216 86
470 12 5 6 6 3 4 1 2 0 5 76 55
471 7 1 3 3 2 4 1 122 74
472 11 4 3 6 3 2 4 1 5 0 132 30
473 11 16 1 4 4 0 2 5 151 49
474 1 15 3 5 5 0 3 4 2 26 84
475 2 10 1 5 0 1 5 2 3 134 36
476 13 1 1 5 2 0 1 5 4 218 35
477 12 15 1 4 2 3 5 1 28 97
478 7 2 2 4 5 2 1 3 83 35
479 12 16 3 6 2 5 4 1 0 3 32 29
480 11 16 1 3 1 0 3 80 20
481 2 9 2 6 4 2 1 0 5 3 70 15
482 7 2 2 3 4 5 1 105 52
483 7 15 4 6 3 0 1 5 4 2 173 72
484 1 16 2 6 0 1 2 4 3 5 152 52
485 12 5 3 3 3 1 4 35 70
486 3 9 2 3 2 3 1 85 24
487 7 9 2 3 2 5 1 127 46
488 13 4 2 6 1 4 2 0 5 3 196 92
489 11 9 2 3 1 0 4 87 16
41
490 11 10 2 3 2 1 0 176 39
491 2 16 3 3 0 2 1 86 15
492 1 5 1 4 2 0 4 3 272 27
493 6 12 1 5 0 2 5 1 4 53 14
494 7 10 2 4 1 3 5 2 247 75
495 1 5 2 4 1 3 0 5 176 14
496 3 9 2 3 4 1 0 93 12
497 12 9 1 6 4 1 3 2 0 5 91 14
498 13 1 2 4 4 3 0 1 135 38
499 0 2 1 5 3 0 2 4 5 108 35
500 13 1 2 4 2 3 0 1 198 76
501 1 5 1 3 3 5 2 104 87
502 7 12 3 4 5 4 1 0 102 61
503 1 12 1 4 3 0 2 4 39 60
504 12 5 2 5 4 2 5 0 3 77 50
505 2 4 1 5 2 5 3 1 4 153 95
506 6 1 1 6 5 0 4 2 3 1 117 83
507 13 15 1 6 4 3 5 2 1 0 191 28
508 2 5 2 5 5 4 2 0 3 59 78
509 11 12 4 4 4 0 5 2 73 61
510 7 12 1 3 2 3 0 123 56
511 3 15 3 3 5 0 2 67 54
512 6 12 1 6 4 1 2 5 0 3 77 59
513 1 9 4 4 3 5 4 2 93 56
514 3 12 1 4 0 4 1 5 73 91
515 2 16 2 5 4 0 2 3 1 29 22
516 3 2 2 6 3 1 4 0 2 5 303 32
517 3 5 2 5 1 2 3 4 0 119 36
518 7 1 5 3 3 2 5 93 50
519 13 16 5 5 5 1 4 3 2 73 90
520 1 9 3 5 0 5 1 4 3 28 97
521 6 2 5 4 2 1 4 0 112 21
522 7 9 3 5 3 5 0 1 4 140 71
523 7 12 2 3 4 3 5 56 87
524 0 16 2 3 3 4 2 213 58
525 12 16 2 3 5 1 3 80 47
526 0 5 4 5 1 4 5 0 3 63 56
527 6 5 4 6 4 2 1 5 3 0 103 13
528 3 1 2 5 3 1 4 2 0 206 59
529 1 4 6 4 2 4 1 0 116 85
530 6 9 5 4 2 1 3 4 78 58
45
531 6 1 1 6 5 2 1 3 4 0 200 16
532 11 15 4 6 2 5 3 4 1 0 239 87
533 3 10 1 3 4 2 1 13 99
534 2 4 2 4 4 0 5 2 164 63
535 2 1 2 3 5 3 1 468 93
536 11 16 3 3 5 1 4 164 11
537 3 1 3 6 2 3 0 1 4 5 329 79
538 2 16 6 4 5 1 0 4 129 52
539 13 1 2 3 2 3 0 72 31
540 7 10 6 3 1 3 4 108 20
541 3 9 1 4 5 3 0 4 40 84
542 7 15 1 3 5 1 2 180 11
543 3 12 2 3 4 5 3 58 50
544 2 9 1 4 0 1 2 4 71 22
545 0 1 4 5 4 0 1 3 2 75 22
546 2 5 1 3 1 2 3 112 39
547 11 4 3 4 0 4 3 5 49 62
548 2 15 3 4 5 3 4 0 129 86
549 7 1 3 6 0 3 1 5 2 4 159 36
550 3 16 3 3 2 4 1 117 20
551 0 2 2 3 1 5 4 78 25
552 2 15 2 4 5 3 2 4 33 87
553 13 5 3 3 3 5 1 59 48
554 6 10 3 5 3 4 2 5 0 166 70
555 7 15 2 5 5 0 2 3 4 127 55
556 7 5 4 4 2 0 3 1 233 18
557 2 5 1 5 0 3 2 1 4 337 50
558 1 9 4 5 5 0 2 3 4 84 85
559 1 15 2 4 0 3 5 2 96 27
560 0 15 1 4 2 3 1 0 139 19
561 7 12 2 6 1 3 4 0 5 2 89 41
562 3 12 2 6 2 5 4 0 1 3 45 63
563 12 2 2 5 0 4 2 3 1 45 72
564 2 9 3 5 2 5 3 1 4 123 74
565 7 16 2 4 4 0 1 3 65 79
566 11 2 2 5 5 4 1 3 0 175 12
567 1 12 1 6 4 0 2 3 1 5 90 12
568 0 12 2 6 3 4 5 0 1 2 19 78
569 6 9 3 6 5 0 3 1 2 4 43 44
570 3 5 9 3 3 4 1 58 84
571 2 5 3 4 2 4 1 3 173 87
572 3 9 2 6 4 1 3 5 0 2 80 80
573 12 5 3 5 2 0 5 3 4 82 48
574 0 5 2 5 4 3 1 0 5 130 93
575 2 1 4 3 3 2 4 301 66
45
576 1 2 4 6 4 5 0 2 1 3 339 38
577 2 5 1 4 2 4 5 1 257 90
578 6 12 2 6 0 3 4 5 1 2 78 58
579 3 4 3 6 0 3 4 5 1 2 22 66
580 2 4 2 4 0 1 2 5 128 66
581 0 4 2 3 4 5 1 43 44
582 13 15 1 3 2 5 0 332 26
583 12 9 2 5 2 5 1 0 3 68 49
584 2 12 1 4 2 3 1 5 127 67
585 7 1 2 3 3 2 5 93 50
586 3 10 2 4 0 1 2 4 50 33
587 3 15 3 6 4 1 5 0 3 2 217 13
588 11 2 1 5 3 5 2 0 1 185 56
589 7 1 1 3 4 0 2 171 65
590 13 5 2 3 4 5 3 155 83
591 13 12 2 6 4 3 0 2 5 1 103 73
592 11 16 2 3 1 2 3 122 18
593 1 9 1 5 5 0 2 3 4 84 85
594 3 9 1 3 4 1 0 93 12
595 2 10 5 3 3 2 5 133 94
596 11 16 1 4 1 3 5 4 63 76
597 2 16 4 5 3 4 1 5 0 48 24
598 3 9 5 4 5 3 0 4 40 84
599 7 15 1 5 5 0 2 3 4 127 55
600 0 2 2 3 2 1 5 91 66
601 6 10 4 6 5 4 0 1 2 3 84 83
602 6 4 2 3 0 3 4 201 92
603 1 2 1 5 2 0 3 4 1 332 61
604 6 10 1 5 4 5 1 3 0 197 38
605 2 9 3 4 2 0 3 4 180 29
606 7 12 2 5 1 2 5 3 0 91 36
607 7 9 2 3 5 3 4 169 84
608 7 9 1 5 4 3 1 2 5 85 39
609 7 2 2 5 4 0 3 1 2 179 57
610 3 10 4 5 2 3 5 4 1 187 35
611 12 4 1 6 3 4 5 2 1 0 112 95
612 1 2 3 3 3 1 0 156 36
613 3 2 2 3 1 0 4 55 50
614 3 15 2 6 4 1 5 0 3 2 217 13
615 2 4 2 4 0 3 2 4 236 92
616 13 12 6 4 2 0 3 1 56 75
617 2 9 3 4 2 0 3 4 180 29
618 6 1 2 6 5 2 1 3 4 0 200 16
619 7 15 2 5 5 0 4 1 3 67 53
620 12 1 3 5 4 5 1 3 0 25 85
39
621 3 1 1 5 3 1 2 5 0 119 99
622 12 16 1 6 1 2 0 4 5 3 76 26
623 3 16 1 3 1 5 4 106 46
624 11 16 1 4 4 0 5 1 133 71
625 7 15 1 4 3 1 2 0 287 40
626 12 1 1 5 2 4 1 0 5 81 38
627 12 2 1 6 2 3 5 1 0 4 88 38
628 7 9 1 6 3 1 0 2 4 5 74 68
629 11 1 1 6 5 3 4 1 0 2 196 93
630 11 12 1 4 0 3 2 5 64 15
631 6 15 3 5 4 1 0 5 3 100 43
632 0 5 2 4 0 4 5 2 104 84
633 13 12 2 3 2 1 4 73 35
634 13 5 3 5 3 1 0 5 4 23 17
635 12 9 3 5 3 2 4 1 5 135 22
636 0 2 2 4 5 1 3 0 88 32
637 6 1 2 3 0 3 5 176 57
638 1 15 3 3 3 2 1 168 43
639 2 4 4 4 3 0 4 1 211 29
640 3 2 1 4 2 3 4 0 212 96
641 1 5 2 6 3 2 0 1 5 4 55 83
642 11 10 3 3 5 1 3 114 16
643 1 15 1 4 5 1 4 2 100 75
644 3 5 2 5 1 2 4 5 3 98 39
645 11 4 2 3 0 5 1 66 83
646 0 2 2 5 2 0 3 1 5 83 86
647 1 2 2 5 1 5 3 4 2 348 13
648 6 4 3 3 5 4 0 32 70
649 3 4 4 3 3 2 4 132 89
650 11 1 6 5 2 0 5 3 4 382 76
651 3 16 5 6 0 5 1 4 3 2 76 69
652 12 5 2 5 3 1 2 0 4 64 35
653 0 5 3 3 0 5 1 85 18
654 3 5 3 5 5 3 0 2 4 76 39
655 12 9 2 4 0 5 2 1 160 85
656 12 2 2 6 5 4 3 1 2 0 40 89
657 13 5 2 6 3 2 1 4 5 0 77 61
658 11 9 3 3 0 4 5 66 42
659 3 1 2 6 2 3 0 1 4 5 329 79
45
660 7 10 3 5 0 5 3 1 2 200 25
661 12 16 3 6 1 5 2 0 4 3 94 82
662 7 1 2 3 5 0 2 91 53
663 3 2 3 3 2 1 5 36 69
664 7 10 6 6 4 0 5 2 3 1 96 71
665 11 12 2 5 5 0 1 4 2 23 57
666 2 1 2 4 4 5 1 2 265 28
667 2 12 2 5 2 5 3 4 1 104 73
668 3 15 2 6 1 0 4 5 3 2 44 96
669 13 10 5 5 4 2 3 0 1 164 23
670 3 15 1 5 3 4 2 5 0 26 72
671 7 1 2 5 2 1 4 5 0 54 42
672 1 9 5 4 1 2 0 4 125 88
673 1 10 8 5 3 4 5 0 1 97 65
674 7 12 1 6 0 2 3 1 5 4 92 79
675 6 9 4 4 2 1 3 4 78 58
676 1 15 3 3 2 0 3 20 83
677 13 9 2 6 2 3 4 5 1 0 61 27
678 3 15 1 6 4 2 3 1 5 0 100 67
679 0 5 3 6 4 3 5 2 1 0 27 40
680 7 10 1 6 5 0 2 3 1 4 102 30
681 7 16 2 4 5 1 4 3 113 85
682 0 5 2 4 2 5 4 1 155 28
683 12 4 7 6 1 5 2 4 3 0 123 19
684 7 16 3 5 0 1 5 4 3 166 17
685 13 5 2 4 1 0 5 2 61 78
686 3 2 2 5 1 2 3 4 0 46 26
687 2 9 3 6 0 2 4 3 1 5 110 37
688 13 9 2 5 2 3 1 5 4 95 39
689 2 15 3 5 1 3 0 2 5 142 24
690 7 16 1 4 2 3 4 0 93 74
691 0 15 3 4 1 4 5 0 159 32
692 0 1 2 5 0 3 1 2 5 63 48
693 1 5 2 3 1 5 4 260 84
694 0 12 2 6 0 1 4 2 3 5 70 75
695 0 15 2 6 0 3 4 5 1 2 162 30
696 0 5 2 5 3 4 1 0 2 118 42
697 6 12 1 6 1 5 3 0 4 2 124 48
698 2 4 2 3 3 0 5 63 12
699 2 16 3 5 5 3 1 2 4 35 88
700 7 15 6 5 0 5 3 4 2 270 49
701 11 10 2 4 5 4 2 0 271 81
702 2 16 2 3 2 4 1 94 32
703 11 16 2 6 1 0 4 2 3 5 99 47
704 6 12 2 5 3 1 4 0 2 72 60
37
705 7 9 1 4 5 0 3 2 43 48
706 1 10 2 5 1 2 0 5 4 121 52
707 0 4 6 6 0 4 3 2 1 5 112 85
708 2 4 1 5 3 4 0 2 5 91 22
709 7 4 1 4 1 2 0 4 14 26
710 3 9 1 4 1 2 0 4 68 42
711 3 9 2 5 3 0 2 5 1 94 20
712 0 4 3 4 3 2 4 5 54 66
713 11 9 1 5 2 4 0 1 3 67 70
714 7 15 1 5 3 1 0 2 4 124 66
715 0 16 1 5 3 4 2 0 1 93 50
716 13 4 2 4 5 2 1 4 269 50
717 2 15 5 5 1 3 4 2 0 121 56
718 2 10 1 6 3 0 4 1 2 5 222 37
719 0 16 1 5 4 0 3 2 1 144 99
720 11 4 4 5 1 4 2 0 3 310 48
721 6 10 4 5 0 2 1 5 4 167 51
722 1 15 1 3 0 2 1 99 70
723 11 15 1 6 4 1 0 2 5 3 94 78
724 3 10 3 6 3 2 5 0 4 1 28 94
725 11 4 6 3 3 4 5 12 43
726 12 10 2 6 4 2 1 3 5 0 144 79
727 11 1 1 4 1 3 5 2 18 98
728 3 4 3 5 1 3 2 0 5 150 89
729 7 5 1 6 0 2 1 3 5 4 88 64
730 11 1 2 3 3 4 0 360 77
731 6 4 1 5 4 1 2 3 5 194 79
732 12 10 3 3 1 0 2 62 94
733 6 4 2 6 5 1 2 0 4 3 185 76
734 12 15 2 3 2 3 0 96 55
735 6 12 1 6 0 2 1 5 4 3 89 50
736 3 16 1 6 3 2 1 4 5 0 24 25
737 11 10 2 6 1 3 2 4 0 5 246 57
738 12 16 2 6 1 0 2 3 5 4 63 96
739 3 10 2 5 1 0 5 3 2 245 23
740 12 2 1 3 1 2 0 30 62
741 6 5 2 5 2 0 3 1 5 128 93
46
742 13 9 1 5 3 2 1 4 0 119 12
743 6 12 2 3 2 4 5 108 40
744 11 10 1 6 0 3 5 4 2 1 240 44
745 0 1 1 3 1 0 3 119 90
746 6 4 3 3 4 0 3 22 27
747 0 1 2 6 4 1 2 5 0 3 127 71
748 6 10 2 5 4 2 3 1 0 114 14
749 3 2 3 6 4 0 3 2 1 5 81 57
750 12 10 2 6 5 3 1 4 2 0 104 34
751 13 15 2 4 3 4 1 5 211 97
752 0 2 1 5 1 5 4 0 2 148 41
753 12 2 5 6 3 0 1 5 4 2 125 22
754 6 15 2 5 3 0 2 1 4 191 18
755 0 10 2 6 0 1 4 3 2 5 208 58
756 1 2 2 6 5 4 0 2 3 1 308 48
757 3 4 1 6 0 3 4 5 1 2 22 66
758 11 10 2 3 2 1 0 176 39
759 1 15 1 4 5 1 4 2 100 75
760 7 15 3 6 1 3 4 2 5 0 80 62
761 13 1 6 4 2 3 0 1 198 76
762 12 9 2 6 5 2 1 4 3 0 98 75
763 12 16 4 3 2 4 3 48 28
764 7 4 1 5 4 5 2 3 0 225 88
765 0 5 4 3 1 0 2 105 50
766 3 15 3 5 3 2 0 5 1 34 24
767 11 4 2 4 3 0 1 5 109 12
768 7 10 3 3 0 3 2 182 89
769 7 16 5 3 1 0 3 72 73
770 1 10 2 5 2 4 3 5 0 395 13
771 11 2 4 5 5 3 4 1 0 250 46
772 1 2 3 4 3 5 0 4 311 14
773 3 16 3 4 3 2 5 1 68 57
774 12 10 2 5 0 4 3 2 5 124 81
775 1 15 5 6 3 0 5 4 1 2 91 94
776 11 5 3 5 1 3 4 2 5 258 97
777 1 12 3 4 0 1 4 3 111 24
778 6 12 1 3 2 4 5 108 40
779 1 16 2 5 2 5 0 1 4 127 60
780 7 9 4 5 2 3 1 0 5 80 76
781 2 5 4 3 2 5 0 185 84
782 7 10 4 4 1 5 3 2 184 15
783 6 16 2 4 4 1 2 0 44 49
784 0 16 2 5 3 4 2 0 1 93 50
785 11 2 2 3 5 2 0 263 51
786 3 1 2 3 5 0 1 207 17
787 6 16 2 6 2 5 4 0 1 3 115 54
50
788 13 9 2 3 4 3 5 99 53
789 7 5 1 6 0 2 1 3 5 4 88 64
790 2 12 2 6 3 2 5 1 4 0 69 64
791 1 16 5 3 5 4 0 54 18
792 11 4 2 6 2 0 5 1 4 3 50 91
793 3 12 3 3 0 3 2 57 78
794 2 16 1 6 0 1 4 5 2 3 105 60
795 2 5 3 4 4 0 2 5 125 94
796 7 10 2 6 2 5 3 4 1 0 66 99
797 12 5 5 3 2 1 5 71 55
798 12 5 8 6 3 4 1 2 0 5 76 55
799 11 10 1 3 4 1 0 135 69
800 0 9 1 6 0 5 2 3 4 1 195 18
801 0 12 2 5 0 4 2 1 3 119 46
802 2 12 3 5 2 5 3 4 1 104 73
803 11 4 2 3 2 1 0 100 28
804 3 2 1 6 2 0 5 4 3 1 107 13
805 6 9 3 3 5 4 0 171 27
806 0 10 4 3 3 5 0 109 21
807 7 15 7 6 1 2 0 5 3 4 194 80
808 13 1 1 4 3 4 1 2 162 56
809 1 4 1 6 5 2 0 1 3 4 194 93
810 13 4 1 3 4 1 0 101 97
811 3 15 3 6 1 0 4 5 3 2 44 96
812 13 10 3 6 2 4 0 3 1 5 136 68
813 12 9 4 6 5 3 1 2 0 4 50 62
814 12 9 2 5 0 5 1 2 4 73 21
815 11 9 3 5 3 0 5 4 1 89 19
816 11 4 2 6 5 4 1 3 0 2 142 63
817 1 12 1 4 3 0 2 4 39 60
818 1 10 2 6 1 4 2 3 0 5 156 27
819 7 9 4 3 2 5 1 127 46
820 13 15 4 3 2 5 0 332 26
821 3 15 8 5 3 2 0 5 1 34 24
822 13 5 2 4 0 4 3 5 208 67
823 6 15 1 6 1 2 3 5 4 0 21 45
824 13 5 2 3 4 5 3 155 83
825 6 12 4 3 2 4 5 108 40
826 13 12 5 6 3 1 0 5 2 4 108 74
827 1 4 4 5 1 3 2 4 0 177 67
828 2 9 10 5 3 0 5 2 4 162 68
829 13 2 2 4 3 0 1 5 212 93
830 6 4 3 6 0 2 4 1 3 5 223 92
831 1 4 1 6 0 4 2 5 3 1 58 69
832 0 5 3 4 1 2 0 3 45 95
833 13 5 4 6 3 2 1 4 5 0 77 61
834 0 1 1 4 2 4 3 0 90 70
835 2 4 4 4 0 3 1 2 108 48
836 7 4 2 4 1 2 0 4 14 26
837 3 1 3 3 2 5 0 219 40
38
838 0 12 1 6 3 4 5 0 1 2 19 78
839 0 1 2 5 5 4 3 1 2 199 33
840 13 16 6 5 4 2 5 1 0 110 64
841 6 2 3 3 4 1 3 57 68
842 1 10 1 5 1 2 0 5 4 121 52
843 7 16 1 5 3 5 4 2 0 68 50
844 7 12 2 6 3 1 5 0 2 4 117 70
845 0 9 1 4 4 1 2 0 101 75
846 11 16 1 3 2 3 4 29 17
847 1 15 1 5 2 1 3 0 5 95 67
848 11 5 2 4 4 5 3 2 164 89
849 2 5 2 5 4 0 5 3 1 255 53
850 3 10 2 4 0 4 3 2 214 42
851 13 10 4 3 4 5 3 21 65
852 11 2 1 6 2 4 3 5 1 0 428 42
853 6 12 1 4 0 3 4 1 61 39
854 6 2 3 3 2 3 5 215 32
855 3 1 2 6 2 3 4 5 1 0 30 92
856 12 10 1 6 2 1 3 0 5 4 85 79
857 7 9 1 3 4 3 1 95 33
858 2 1 6 3 3 2 4 301 66
859 11 4 1 5 1 3 0 2 4 48 78
860 11 5 3 5 0 5 4 2 1 38 82
861 11 4 2 5 2 3 5 0 4 70 53
862 6 10 5 3 1 2 0 194 61
863 13 16 2 5 5 1 4 3 2 73 90
864 1 4 2 4 0 4 3 5 60 42
865 7 5 5 6 3 4 1 0 5 2 73 83
866 12 5 2 4 3 1 0 5 42 57
867 13 12 1 4 2 0 3 1 56 75
868 13 1 3 5 4 5 0 3 2 67 21
869 3 15 2 3 1 3 2 171 31
870 2 4 2 3 1 2 5 144 36
871 13 9 2 4 4 2 3 0 88 58
872 1 12 2 3 3 4 2 68 19
873 11 2 3 5 3 5 1 2 4 269 51
874 2 5 3 3 1 2 3 112 39
875 6 5 3 5 3 1 5 0 2 355 17
33
876 7 16 2 5 5 1 3 4 0 61 52
877 12 16 1 3 2 1 3 20 32
878 7 15 1 4 2 5 3 1 149 95
879 6 9 4 4 4 2 3 1 51 15
880 12 16 1 3 5 1 3 80 47
881 2 12 1 4 0 3 4 5 74 99
882 11 5 1 3 1 2 5 215 77
883 3 1 1 4 2 5 0 1 600 35
884 11 5 1 6 0 2 4 3 1 5 131 19
885 6 4 1 3 0 3 4 201 92
886 2 16 2 3 5 2 0 53 90
887 13 5 2 4 0 4 3 5 208 67
888 2 15 5 3 5 0 3 167 81
889 7 9 3 3 4 3 1 95 33
890 13 1 1 6 5 4 3 1 0 2 178 25
891 1 16 5 4 3 0 2 1 141 74
892 1 12 1 4 3 0 2 4 39 60
893 11 5 3 5 0 5 4 2 1 38 82
894 2 4 3 3 3 0 5 71 20
895 12 9 1 5 2 4 5 3 1 61 15
896 6 12 3 5 0 3 4 1 5 54 45
897 12 5 3 5 2 0 5 3 4 82 48
898 6 12 6 6 4 1 2 5 0 3 77 59
899 2 10 5 4 4 3 1 0 301 70
900 1 4 2 5 4 1 0 2 3 191 13
901 11 16 3 4 4 0 2 5 151 49
902 3 16 2 3 5 0 3 91 68
903 2 9 5 3 1 5 0 45 24
904 11 15 2 3 3 4 2 163 91
905 0 12 4 3 0 3 4 46 69
906 7 5 5 5 4 3 0 2 1 116 22
907 7 16 2 5 0 3 5 4 1 101 33
908 0 9 4 5 4 5 3 0 2 110 17
37
909 12 5 1 3 4 5 1 119 14
910 2 16 2 6 0 1 4 5 2 3 105 60
911 0 2 2 4 2 5 0 3 37 68
912 12 4 4 4 2 0 5 4 34 62
913 12 5 2 5 4 2 5 0 3 77 50
914 3 9 2 5 5 3 1 4 0 95 53
915 13 15 2 5 0 5 2 3 4 186 40
916 12 4 1 6 4 1 5 2 3 0 66 80
917 2 10 2 4 1 4 2 3 17 98
918 13 15 2 5 1 4 0 3 5 126 21
919 0 12 6 4 2 5 3 0 87 98
920 7 5 1 5 5 2 4 0 1 65 18
921 1 12 2 3 2 5 1 103 59
922 2 16 1 4 1 3 0 2 237 45
923 1 5 2 5 0 4 3 5 1 111 44
924 12 16 2 6 5 4 3 1 2 0 126 39
925 0 4 2 4 3 2 4 5 54 66
926 7 2 1 4 5 1 2 4 134 12
927 2 9 2 4 4 1 3 2 99 44
928 0 1 3 3 2 1 3 68 88
929 6 5 1 3 4 0 2 190 41
930 13 2 1 3 4 5 1 210 95
931 7 5 2 6 2 3 4 1 5 0 291 40
932 6 5 1 3 4 0 2 190 41
933 7 9 4 6 3 4 2 1 5 0 96 81
934 0 9 4 5 1 2 3 0 4 166 62
935 12 5 1 6 5 3 1 4 2 0 49 18
936 11 1 2 6 4 5 0 2 3 1 75 65
937 13 4 4 4 5 4 0 2 252 56
938 13 1 8 4 1 2 0 3 235 93
939 1 10 4 4 1 4 2 0 80 80
940 11 9 2 3 0 1 4 190 82
941 1 9 1 4 0 5 2 3 72 93
942 11 15 3 3 0 5 1 130 63
943 11 5 4 4 4 1 0 2 100 79
944 6 2 2 3 2 3 5 215 32
945 13 2 2 6 1 4 2 0 3 5 89 54
44
946 1 4 7 4 2 4 1 0 116 85
947 6 9 4 4 1 5 4 0 109 87
948 3 15 1 6 4 1 5 0 3 2 217 13
949 12 2 2 5 0 1 2 4 3 69 35
950 3 5 1 3 3 4 1 58 84
951 3 1 2 4 1 4 5 2 227 56
952 0 5 1 3 0 3 1 182 96
953 2 16 4 6 0 1 4 5 2 3 105 60
954 13 5 1 3 4 3 2 223 60
955 7 9 4 5 2 3 1 0 5 80 76
956 13 5 7 5 4 2 5 1 0 19 16
957 12 15 2 4 2 3 5 0 16 78
958 2 9 3 4 1 0 5 3 42 28
959 12 10 1 6 3 4 2 0 5 1 96 11
960 2 4 2 4 0 3 1 2 108 48
961 11 15 1 5 3 5 2 4 0 163 98
962 13 1 2 6 4 5 1 3 2 0 91 87
963 7 9 3 5 2 3 1 0 5 80 76
964 12 10 3 6 2 1 3 0 5 4 85 79
965 13 2 2 4 3 5 0 1 36 71
966 13 1 2 3 3 2 0 277 20
967 11 16 2 4 1 3 5 4 63 76
968 1 2 1 6 4 5 0 2 1 3 339 38
969 1 4 1 4 3 0 5 4 150 31
970 3 12 2 6 4 1 3 5 2 0 49 20
971 3 4 2 5 2 0 5 3 1 180 64
972 13 5 1 3 3 0 2 196 83
973 1 4 2 6 0 4 2 5 3 1 58 69
974 13 12 7 4 0 1 5 4 34 31
975 3 4 2 4 1 4 3 0 278 89
976 2 1 2 5 3 1 2 5 4 155 67
977 12 1 3 3 2 0 5 21 23
978 2 4 2 5 3 0 2 5 4 146 57
979 6 15 2 3 2 3 4 168 96
980 0 9 2 3 0 2 5 94 59
981 1 2 3 6 4 5 0 2 1 3 339 38
982 11 12 3 6 2 1 4 5 0 3 25 83
983 3 16 3 5 2 4 5 3 1 139 23
984 7 5 3 6 0 4 1 5 3 2 257 93
985 12 15 3 6 2 3 4 0 1 5 89 97
986 12 2 2 6 2 3 5 1 0 4 88 38
987 1 16 3 4 5 4 0 1 110 83
988 3 4 4 6 2 1 0 4 3 5 103 39
989 2 1 2 3 2 4 5 266 48
0
0
0
0
0
0
0
