1636
32
81
0 14 8 3 6 1 3 4 0 2 5 144 14
1 9 2 5 5 5 3 1 4 2 123 29
2 1 3 2 6 1 5 2 3 4 0 56 62
3 14 2 1 6 2 3 4 5 1 0 93 56
4 16 0 2 6 1 3 5 0 2 4 65 76
5 9 2 2 6 3 2 4 1 5 0 50 16
6 7 2 1 5 2 4 0 1 5 163 41
7 9 8 2 4 3 1 4 0 102 93
8 11 6 6 3 1 4 2 66 50
9 6 0 3 3 3 5 0 67 35
10 14 5 2 4 1 4 3 5 101 92
11 14 0 1 4 3 5 4 2 187 97
12 14 0 2 4 5 2 4 3 152 95
13 6 2 1 4 0 1 5 4 175 63
14 16 12 1 6 1 3 4 0 5 2 69 41
15 16 3 1 3 2 3 0 45 20
16 10 8 1 3 3 0 2 211 31
17 1 8 1 5 1 2 3 0 4 155 46
18 10 12 1 3 2 3 4 74 24
19 7 12 3 4 3 4 2 5 54 53
20 11 16 2 6 0 5 2 4 3 1 97 57
21 9 2 2 3 1 0 3 111 95
22 7 5 2 5 4 5 2 3 0 228 52
23 3 8 3 5 3 1 5 4 2 156 73
24 14 6 2 6 1 5 0 4 3 2 162 84
25 3 12 2 6 3 1 5 0 2 4 17 39
26 14 8 1 4 4 0 3 5 67 41
27 10 2 1 3 4 0 1 197 79
28 16 12 1 4 5 0 3 1 54 90
29 3 2 3 6 2 0 5 3 4 1 143 60
30 3 0 4 5 3 5 1 4 0 87 32
31 9 0 1 4 3 1 4 2 112 18
32 1 0 3 3 1 4 3 96 89
33 16 12 2 5 3 2 4 1 0 28 51
34 3 5 2 6 2 5 0 4 3 1 124 24
35 11 0 7 3 2 4 0 28 71
36 10 12 1 3 2 1 0 41 46
37 7 12 6 3 1 4 3 78 24
38 9 2 4 4 0 4 3 1 142 47
39 11 5 2 4 1 5 3 0 83 34
40 11 12 3 6 4 5 0 3 1 2 77 41
41 11 3 2 4 5 4 3 2 139 38
42 16 3 2 4 2 5 4 1 165 73
43 7 12 1 3 2 4 5 62 64
44 10 14 3 4 5 4 0 2 100 95
45 6 0 2 5 1 0 4 2 3 162 71
46 14 3 2 3 2 1 5 105 41
47 3 6 1 6 5 3 1 4 0 2 124 72
48 14 8 2 3 0 1 4 174 73
49 9 2 9 3 1 5 0 85 63
50 16 2 3 6 4 3 1 5 0 2 27 35
51 11 12 2 5 4 1 0 2 5 44 68
52 7 2 8 5 1 0 5 2 4 73 28
53 11 6 3 4 1 3 0 2 197 73
54 3 2 1 5 4 0 3 5 2 140 44
55 7 5 5 3 2 5 4 134 23
56 14 8 2 3 0 3 4 119 62
57 3 14 2 5 4 3 0 5 1 61 53
58 1 14 3 5 5 3 0 2 1 78 63
59 7 8 2 3 0 5 1 81 91
60 7 0 2 5 5 1 4 3 2 62 58
61 1 5 1 5 0 5 1 4 2 121 64
62 16 6 3 3 0 2 5 122 96
63 11 8 3 3 4 3 2 218 90
64 11 8 2 6 3 0 1 4 2 5 146 54
65 16 6 2 6 2 4 5 0 3 1 150 33
66 10 16 1 3 2 5 3 87 10
67 11 16 7 3 0 4 5 65 63
68 14 16 2 3 3 5 0 114 12
69 1 0 2 6 1 2 0 4 3 5 133 22
70 16 6 5 4 0 2 5 1 104 85
71 11 8 2 4 0 4 5 2 129 52
72 11 6 2 6 2 3 4 1 5 0 17 64
73 6 16 2 3 4 0 1 170 10
74 7 8 2 3 2 3 4 59 72
75 16 0 3 5 0 2 3 5 4 133 95
76 16 12 2 4 2 4 5 0 51 55
77 16 14 2 4 4 1 3 0 14 14
78 9 5 2 3 3 4 2 99 13
79 9 14 4 5 0 4 3 2 1 189 38
80 10 8 2 6 0 5 1 3 2 4 147 57
82
81 9 8 5 6 4 5 3 1 2 0 50 41
82 16 14 1 3 5 4 0 61 79
83 7 14 1 5 0 3 5 2 4 68 92
84 16 3 1 4 0 1 4 3 95 60
85 6 5 1 4 4 3 0 2 49 16
86 11 2 1 5 5 0 3 4 2 226 37
87 10 0 1 4 5 0 4 2 97 65
88 11 6 1 6 1 3 5 2 0 4 125 98
89 7 6 3 3 2 1 4 203 35
90 9 5 1 4 0 4 1 3 100 39
91 1 12 1 6 0 5 1 2 3 4 78 57
92 14 0 2 5 2 5 3 1 4 72 85
93 1 12 4 4 1 2 4 3 11 67
94 16 14 1 6 2 1 4 5 3 0 101 19
95 14 6 7 4 2 1 0 4 160 15
96 1 2 5 3 1 0 4 191 92
97 3 6 1 4 4 3 0 5 235 36
98 9 5 2 3 3 4 2 99 13
99 3 5 2 4 4 3 0 2 110 58
100 14 8 2 4 1 3 5 0 59 92
101 1 6 2 3 3 4 5 82 71
102 14 16 4 3 2 5 1 80 94
103 3 16 5 5 1 2 3 5 4 96 78
104 10 5 1 3 3 2 0 89 78
105 9 14 1 6 2 3 0 1 4 5 58 42
106 14 2 1 5 3 2 0 5 4 174 32
107 10 8 2 5 1 2 5 0 4 123 86
108 10 8 6 4 5 3 4 0 90 39
109 14 5 1 6 4 1 0 2 3 5 180 56
110 11 12 1 6 5 0 3 1 4 2 48 15
111 3 16 8 4 4 2 5 0 76 23
112 7 6 7 6 3 1 0 4 5 2 63 39
113 10 12 1 4 3 4 5 0 13 86
114 9 5 1 4 5 4 1 3 73 76
115 7 6 3 5 1 2 4 3 0 57 42
116 9 12 2 6 3 2 5 4 1 0 67 79
117 6 16 2 3 1 0 3 88 28
118 1 2 2 5 1 3 5 2 0 254 84
119 3 8 3 5 5 4 2 1 3 77 32
120 6 14 1 6 5 0 4 3 2 1 120 52
121 11 3 3 6 2 4 3 5 0 1 171 43
122 14 0 1 6 1 4 2 3 0 5 119 37
123 1 16 1 5 5 4 1 3 2 136 51
124 7 6 3 4 5 3 2 1 166 55
125 11 3 3 5 0 2 5 4 3 351 32
126 7 8 4 3 3 5 4 146 80
127 14 0 2 3 5 3 4 45 40
128 6 3 1 5 2 5 0 1 3 24 41
129 3 5 2 3 1 2 0 99 52
130 1 3 1 5 5 4 2 0 1 322 96
131 9 2 1 6 3 2 4 1 5 0 50 16
132 6 3 3 3 0 5 1 87 97
133 16 0 4 4 3 5 1 4 142 67
134 14 0 3 3 4 5 0 128 16
135 10 3 2 3 2 3 5 216 57
136 14 6 1 3 5 3 4 148 16
137 10 0 3 4 3 5 2 0 153 14
138 3 14 4 4 3 2 0 5 46 82
139 6 8 2 4 2 4 0 3 75 75
140 6 14 2 5 2 4 1 5 3 105 72
141 7 5 4 5 1 2 0 5 4 142 45
142 3 16 5 6 4 3 0 5 1 2 79 53
143 3 12 2 3 1 3 5 27 56
144 3 5 2 6 2 5 0 4 3 1 124 24
145 14 8 3 4 1 3 5 0 59 92
146 10 0 2 5 4 0 2 1 3 150 48
147 7 3 4 6 0 2 3 1 5 4 128 38
148 11 14 2 6 2 1 4 5 0 3 214 49
149 7 6 5 5 1 2 4 3 0 57 42
150 3 8 1 4 2 3 1 5 272 23
151 6 5 2 3 0 2 4 225 40
152 9 8 1 6 5 0 1 3 4 2 54 69
153 11 12 2 3 5 3 1 34 63
154 9 6 5 5 0 4 5 2 1 75 63
155 16 14 2 3 2 0 3 109 46
156 9 12 2 3 0 5 4 36 29
157 6 0 2 3 3 1 0 46 11
158 11 12 4 5 0 2 5 1 4 100 23
159 9 0 2 4 5 0 2 4 189 19
160 11 0 2 6 1 3 5 0 4 2 85 78
161 7 8 2 4 0 1 5 4 162 60
162 14 8 5 5 2 1 4 3 0 72 53
54
163 14 5 1 4 5 0 2 3 170 67
164 3 5 4 6 1 0 5 4 2 3 62 63
165 10 16 1 3 0 5 2 151 25
166 11 16 7 5 5 2 0 3 1 93 74
167 3 6 1 6 0 2 3 5 4 1 159 97
168 3 2 3 4 4 0 1 5 71 24
169 1 3 3 3 2 0 4 276 13
170 1 5 1 6 0 2 1 3 4 5 226 53
171 6 5 2 5 4 2 3 0 1 197 19
172 1 8 1 6 2 1 4 3 5 0 298 89
173 7 12 2 4 3 4 2 5 54 53
174 9 14 3 6 2 5 0 4 3 1 156 32
175 3 12 2 4 0 1 3 5 70 94
176 3 16 2 6 2 3 5 0 1 4 130 74
177 14 3 3 4 1 4 3 2 96 81
178 14 5 1 3 5 0 4 61 28
179 1 14 2 5 0 1 4 5 3 231 97
180 3 5 1 3 1 2 0 99 52
181 3 2 10 3 4 3 2 139 57
182 10 2 4 3 0 4 5 121 56
183 3 5 5 3 1 4 2 61 89
184 11 12 4 6 1 0 3 4 2 5 100 37
185 7 14 2 6 4 5 3 0 1 2 185 45
186 9 14 1 5 0 2 4 1 5 43 96
187 7 5 3 6 1 0 2 4 3 5 70 81
188 14 5 2 6 4 1 2 5 0 3 309 21
189 11 8 6 4 3 5 1 0 49 88
190 11 16 4 4 1 0 4 5 139 99
191 11 8 3 6 3 0 4 2 5 1 120 24
192 16 3 6 4 2 1 3 4 80 88
193 3 16 2 4 1 5 0 3 116 83
194 1 12 1 6 0 5 3 1 4 2 32 97
195 14 6 3 4 2 1 0 4 160 15
196 16 0 1 6 0 1 4 5 3 2 126 91
197 10 3 1 3 4 1 5 171 70
198 11 2 1 5 5 0 3 4 2 226 37
199 9 8 2 6 4 5 0 3 2 1 126 69
200 10 2 3 6 2 5 3 0 1 4 90 92
201 10 5 2 3 3 2 0 89 78
202 1 14 3 4 5 4 0 1 51 48
203 14 0 2 3 1 0 4 195 40
204 16 8 2 6 5 3 1 4 0 2 75 47
205 11 2 5 5 4 1 2 5 0 138 87
206 9 3 3 3 1 0 5 96 23
207 16 14 5 3 5 4 1 119 76
208 10 5 2 6 1 3 0 4 5 2 123 32
209 16 8 6 3 2 1 3 47 32
210 1 12 2 6 0 5 3 1 4 2 32 97
211 3 16 5 6 4 3 0 5 1 2 79 53
212 1 8 5 5 4 1 0 3 5 226 81
213 14 6 3 4 3 2 0 4 126 19
214 7 3 5 4 5 1 0 3 70 62
215 9 6 2 5 0 4 5 2 1 75 63
216 7 12 2 5 3 4 5 2 1 111 83
74
217 3 14 1 3 3 0 4 170 52
218 1 14 1 6 4 1 5 2 0 3 49 19
219 3 14 2 5 5 3 1 4 2 180 53
220 14 8 1 4 4 0 3 5 67 41
221 9 8 1 6 5 0 1 3 4 2 124 78
222 1 0 2 6 3 4 1 0 5 2 156 26
223 14 3 2 3 2 0 1 18 80
224 14 5 3 4 5 0 2 3 170 67
225 7 5 2 3 4 3 2 28 96
226 10 12 1 3 3 4 0 62 43
227 9 3 2 5 1 3 2 0 5 10 14
228 14 2 1 3 2 0 3 141 62
229 9 14 2 6 5 1 4 0 2 3 123 52
230 7 6 1 5 0 3 5 1 4 183 16
231 14 16 2 4 2 0 3 4 70 53
232 10 2 2 6 0 5 3 1 4 2 206 75
233 9 0 1 4 5 0 2 4 189 19
234 3 0 1 4 5 1 4 2 92 65
235 14 8 1 4 3 2 5 0 132 51
236 10 8 4 4 0 4 2 5 115 33
237 1 6 1 4 0 5 1 2 161 23
238 7 2 7 3 4 2 1 59 89
239 6 3 2 6 4 2 1 3 5 0 138 12
240 16 2 1 4 2 0 5 3 95 99
241 3 14 4 3 0 4 3 109 64
242 9 8 1 4 4 0 5 3 108 32
243 9 6 3 3 1 0 5 59 99
244 1 12 1 3 3 1 2 87 61
245 16 3 1 5 5 3 1 0 4 46 45
246 3 12 3 4 3 0 5 2 31 38
247 11 8 5 3 4 5 1 104 59
248 14 16 3 5 4 0 3 1 5 102 34
249 14 12 3 6 3 0 2 4 1 5 71 21
250 14 2 3 5 2 3 0 5 4 220 10
251 16 0 2 4 0 5 3 2 182 15
252 7 0 2 5 1 0 5 2 4 67 69
253 11 12 2 3 4 0 3 76 43
254 14 8 1 4 1 3 5 0 59 92
255 10 8 3 4 4 3 2 5 123 83
256 7 16 2 5 3 5 4 2 1 124 29
257 3 2 2 4 0 1 4 5 229 78
258 7 6 3 6 3 4 5 1 2 0 100 86
259 9 5 3 5 1 0 3 2 4 89 34
260 11 8 3 6 3 0 1 4 2 5 146 54
261 3 8 1 4 2 3 1 5 272 23
262 7 12 2 3 1 3 0 90 76
263 6 2 1 3 5 0 2 73 22
264 11 16 2 5 2 3 1 5 4 113 41
265 9 0 1 6 5 4 1 0 3 2 26 69
266 16 12 4 5 3 2 4 1 0 28 51
267 11 0 5 6 3 1 5 0 2 4 92 57
268 6 5 4 6 0 4 1 5 2 3 108 16
269 6 14 3 3 0 5 3 58 17
270 14 16 2 3 4 3 5 122 39
271 1 3 3 4 4 5 1 0 51 71
272 14 8 2 4 4 1 3 0 234 26
273 3 14 12 5 0 1 4 5 2 125 48
274 16 2 3 5 0 3 5 1 4 162 60
275 10 3 3 6 5 1 2 4 3 0 85 42
276 6 0 2 4 4 3 5 2 62 78
277 9 5 2 4 3 0 4 2 73 13
278 1 6 2 6 4 2 5 1 0 3 157 65
279 11 6 3 5 2 5 4 3 1 221 55
280 7 12 6 3 1 4 3 78 24
281 7 16 6 3 4 5 1 123 23
282 1 2 2 5 3 1 0 5 2 11 83
283 1 0 3 4 5 3 4 0 22 93
284 16 3 5 5 0 2 3 5 4 78 14
285 14 2 3 6 5 0 3 2 4 1 13 35
286 11 12 5 6 1 0 3 4 2 5 100 37
287 3 16 3 5 5 3 1 4 2 78 68
288 1 14 2 6 2 4 5 3 1 0 48 97
289 16 6 3 6 5 4 3 1 0 2 58 11
290 14 3 4 6 2 4 5 3 0 1 198 35
54
291 11 0 1 6 0 5 4 1 2 3 200 30
292 1 0 1 4 5 3 4 0 22 93
293 3 0 1 5 3 1 4 5 0 165 34
294 9 14 1 6 4 2 0 1 3 5 94 25
295 9 14 1 6 2 3 0 1 4 5 58 42
296 16 12 1 6 4 2 1 0 5 3 44 75
297 9 6 1 6 2 0 5 3 4 1 152 42
298 9 12 1 5 2 4 0 1 3 11 63
299 9 14 7 6 5 1 2 3 0 4 117 28
300 10 0 5 6 0 4 3 1 5 2 82 83
301 16 8 3 4 4 5 0 3 97 96
302 7 5 2 5 1 2 0 5 4 142 45
303 7 14 2 4 3 1 5 2 57 42
304 6 2 1 3 3 0 5 271 26
305 6 2 2 3 0 5 1 142 55
306 9 6 1 3 1 2 3 45 71
307 10 12 1 3 3 4 5 57 84
308 16 3 7 6 1 3 2 5 4 0 100 69
309 1 12 6 4 1 2 4 3 11 67
310 9 12 3 5 4 2 3 1 0 103 86
311 7 0 1 4 1 2 0 4 179 25
312 9 14 1 4 3 5 1 4 105 69
313 9 8 1 5 4 5 1 3 2 110 12
314 6 16 8 5 1 5 0 2 3 30 25
315 10 16 1 5 3 2 4 5 1 218 87
316 16 6 5 5 1 4 5 3 2 162 35
317 9 3 1 5 5 3 0 2 4 77 21
318 10 16 1 6 3 4 0 2 1 5 104 49
319 9 16 2 5 2 3 0 4 1 99 82
320 9 14 2 4 0 1 5 3 51 78
321 1 3 2 4 3 2 1 4 118 58
322 3 6 7 5 4 3 1 2 0 38 15
323 11 14 1 6 5 3 2 1 4 0 131 81
324 9 8 2 3 0 1 3 60 93
325 16 6 2 5 5 3 4 1 2 146 82
326 7 14 3 3 2 4 5 229 38
327 6 2 3 6 1 5 4 2 3 0 168 18
328 11 12 1 5 1 3 4 0 2 16 70
329 11 0 3 6 1 4 3 0 2 5 133 40
330 3 16 2 3 1 5 3 121 84
331 6 2 2 4 0 1 5 4 175 63
332 16 6 3 6 3 2 1 4 0 5 103 36
333 6 3 2 3 0 5 1 87 97
334 10 16 2 6 2 3 0 5 4 1 77 92
335 7 3 1 3 1 0 5 186 96
336 10 0 6 5 1 3 0 2 4 120 36
337 9 16 2 6 3 1 2 4 0 5 199 97
338 11 8 2 3 4 3 2 218 90
339 3 2 2 5 5 2 3 0 4 111 93
340 7 0 2 5 5 1 4 3 2 62 58
341 3 0 3 5 3 1 4 5 0 165 34
342 11 6 2 6 2 3 4 1 5 0 17 64
343 10 16 2 6 3 4 0 2 1 5 104 49
344 11 12 4 6 5 0 2 3 4 1 64 19
66
345 16 0 1 5 0 2 3 5 4 133 95
346 14 6 4 3 2 3 4 248 78
347 1 14 2 3 4 1 2 218 51
348 16 14 2 3 0 3 5 141 78
349 14 3 1 4 0 4 3 2 144 31
350 6 14 1 6 3 0 1 5 4 2 134 21
351 6 12 1 4 4 2 1 3 71 99
352 16 5 1 3 5 3 0 42 50
353 11 3 1 6 0 2 1 3 5 4 159 81
354 14 3 1 5 3 2 5 0 1 91 79
355 16 6 3 5 2 4 3 0 5 140 69
356 3 16 2 6 2 3 0 5 1 4 127 78
357 1 2 1 3 0 1 4 165 60
358 11 3 1 4 0 4 3 2 199 84
359 9 8 4 3 5 1 4 60 51
360 10 5 3 6 0 2 1 4 5 3 107 88
361 3 6 4 5 1 0 5 3 4 64 48
362 3 16 2 5 5 3 1 4 2 78 68
363 3 12 2 5 5 3 2 1 4 41 76
364 11 8 1 6 1 0 3 5 4 2 28 68
365 14 6 2 6 5 3 1 0 2 4 109 71
366 10 12 1 5 2 0 5 4 3 54 57
367 9 6 2 3 1 0 5 59 99
368 7 12 4 6 0 2 1 5 3 4 99 41
369 10 3 4 4 5 1 3 4 242 63
370 7 2 2 5 2 0 1 3 4 99 98
371 11 6 5 6 5 2 3 4 1 0 173 77
372 3 12 2 5 5 4 1 3 2 23 97
373 3 6 2 5 2 4 5 1 0 155 38
374 3 2 4 5 5 1 2 0 4 65 50
375 9 16 2 6 0 1 2 3 5 4 114 30
376 6 16 1 6 5 0 2 4 3 1 30 72
377 6 14 1 3 2 3 5 176 16
378 11 6 3 5 5 4 2 0 1 175 76
379 7 3 2 4 3 1 2 5 161 52
380 9 16 1 6 0 1 2 3 5 4 114 30
381 11 3 4 4 3 5 2 0 187 56
382 11 16 2 5 4 3 1 2 5 35 30
383 16 12 1 6 5 3 4 0 1 2 36 80
384 11 8 2 6 1 0 3 5 4 2 28 68
385 14 3 5 6 3 0 1 4 5 2 52 77
386 3 12 2 5 4 2 5 3 1 36 51
387 10 5 2 6 0 3 5 1 2 4 123 62
388 10 3 2 5 0 2 1 4 5 89 29
389 14 6 11 3 5 4 3 113 31
390 10 3 3 5 4 0 2 1 5 195 29
391 11 2 3 5 1 5 3 0 2 27 82
392 6 8 2 3 2 3 4 106 93
393 9 16 3 4 3 5 4 0 69 17
394 11 3 1 6 1 4 5 3 2 0 116 61
395 7 2 1 5 1 0 5 2 4 73 28
396 10 0 2 4 3 5 2 0 153 14
397 10 6 2 6 0 3 2 1 4 5 157 27
398 14 12 2 6 2 4 3 5 0 1 41 68
399 11 12 7 6 2 1 3 4 5 0 84 55
400 11 6 1 4 1 3 0 2 197 73
401 6 12 2 6 3 4 1 2 0 5 72 99
402 1 0 2 6 1 2 0 4 3 5 133 22
403 16 12 3 6 1 4 5 2 3 0 36 37
404 7 8 3 4 3 2 5 0 82 41
405 14 16 9 6 2 0 5 1 3 4 42 17
406 14 6 2 5 3 5 0 2 1 122 64
407 7 12 2 4 4 5 1 2 83 58
408 6 2 2 6 0 3 1 5 4 2 100 49
409 3 16 3 4 4 2 0 1 149 83
410 9 5 7 3 0 1 5 62 38
68
411 10 3 4 4 5 1 3 4 242 63
412 14 12 4 6 2 3 5 4 0 1 69 18
413 11 2 1 5 4 1 2 5 0 138 87
414 6 16 2 4 1 5 4 2 139 83
415 11 2 1 4 2 0 3 1 324 60
416 10 12 4 6 4 0 3 5 1 2 81 22
417 10 5 2 6 0 2 1 4 5 3 107 88
418 14 12 3 6 1 0 4 5 3 2 51 26
419 14 16 3 4 5 0 3 1 102 59
420 1 3 1 5 4 5 2 1 3 295 91
421 10 5 2 5 1 3 4 5 2 83 63
422 1 14 1 5 4 2 1 0 5 204 31
423 9 5 1 4 2 5 1 4 117 89
424 3 6 1 3 2 4 0 217 67
425 1 16 4 6 5 1 0 3 4 2 70 66
426 9 14 1 6 2 5 3 4 1 0 120 26
427 9 6 3 4 1 2 5 0 48 72
428 11 12 4 5 1 3 4 0 2 16 70
429 10 16 1 3 0 5 2 151 25
430 9 0 2 5 3 2 0 1 4 152 12
431 1 12 2 4 5 3 4 0 53 100
432 9 3 1 3 4 1 3 78 37
433 11 3 5 6 2 4 1 3 5 0 194 44
434 6 8 1 6 2 1 5 3 0 4 98 49
435 11 14 1 4 3 2 0 1 16 14
436 16 0 2 3 3 2 1 186 27
437 1 3 1 4 4 5 1 0 51 71
438 14 0 4 4 2 4 3 5 59 66
439 10 5 6 5 1 3 4 5 2 83 63
440 7 2 2 5 2 0 1 3 4 99 98
441 1 12 2 3 0 2 4 78 52
442 16 3 3 6 5 1 3 0 2 4 86 84
443 6 0 2 3 5 0 1 78 95
444 14 3 3 6 3 0 5 2 1 4 144 16
445 14 0 1 5 1 3 4 0 2 87 90
446 3 8 2 5 5 4 2 0 3 346 90
447 3 12 3 5 5 1 3 2 4 50 29
448 1 3 2 6 1 5 2 3 4 0 56 62
449 10 14 2 3 5 2 3 93 64
450 6 12 2 5 3 4 0 5 1 61 73
451 6 16 2 6 5 4 0 3 2 1 127 57
452 16 14 2 6 2 1 4 5 3 0 101 19
453 1 3 2 4 2 3 0 1 210 33
454 6 3 5 5 1 2 4 3 0 41 88
455 11 12 1 5 4 0 5 3 1 47 34
456 9 5 2 5 1 0 2 5 4 60 27
457 14 16 2 4 3 2 4 1 50 83
458 1 8 1 3 1 5 0 289 94
459 11 14 7 5 3 5 2 1 0 196 86
460 11 16 2 4 4 2 0 3 124 81
461 7 6 2 5 0 3 5 1 4 183 16
462 14 0 2 3 4 5 0 128 16
463 10 5 2 6 5 4 3 2 1 0 221 14
464 9 5 1 6 0 4 1 2 5 3 61 55
465 10 2 2 6 0 3 2 4 5 1 136 56
466 9 0 2 5 3 2 0 1 4 152 12
467 7 8 1 6 0 3 4 5 1 2 35 13
468 10 14 3 6 5 3 4 0 1 2 191 80
469 9 0 2 4 5 0 2 4 189 19
470 16 0 2 6 1 3 5 0 2 4 65 76
471 3 12 2 5 5 4 1 3 2 23 97
472 3 8 2 5 5 4 2 1 3 77 32
473 7 14 2 4 3 1 5 2 57 42
474 11 5 2 3 5 1 2 337 79
475 10 0 2 4 1 0 4 2 99 73
476 6 12 3 3 0 1 4 23 88
477 16 14 2 4 4 0 5 1 34 41
478 10 16 3 6 2 3 0 5 4 1 77 92
68
479 7 12 6 4 4 5 1 2 83 58
480 6 14 1 4 0 1 3 5 302 76
481 16 2 1 6 3 5 4 2 1 0 25 21
482 7 14 4 6 2 4 5 3 0 1 147 64
483 9 2 1 5 5 1 2 4 0 38 62
484 1 3 2 4 2 1 3 4 180 68
485 10 5 2 6 0 2 1 4 5 3 107 88
486 7 3 1 6 4 2 5 1 3 0 85 44
487 3 8 2 3 0 1 2 188 69
488 3 8 3 5 5 4 2 0 3 346 90
489 1 5 1 6 3 1 5 4 0 2 123 13
490 10 3 4 3 4 5 1 41 14
491 10 14 1 4 4 5 0 3 156 12
492 7 3 1 4 5 1 0 3 70 62
493 16 12 3 6 5 0 2 4 3 1 61 14
494 10 2 1 4 3 2 0 5 156 30
495 16 8 1 6 4 5 0 2 3 1 23 96
496 3 16 1 6 2 3 5 4 0 1 24 82
497 14 6 3 5 5 2 3 0 1 217 34
498 10 3 2 5 0 2 1 4 5 89 29
499 6 3 1 3 2 5 3 72 96
500 7 5 2 6 2 4 0 3 5 1 69 39
501 14 2 3 5 5 1 3 0 4 14 91
502 1 6 2 4 2 0 5 4 87 29
503 6 3 1 3 3 5 4 160 26
504 6 16 2 4 1 5 4 2 139 83
505 11 2 2 6 1 5 0 3 4 2 70 37
506 1 14 2 3 3 2 1 83 55
507 6 16 1 4 4 0 5 3 21 18
508 14 6 2 5 4 2 0 5 1 12 66
509 9 3 1 3 3 5 0 87 59
510 7 6 1 5 3 0 1 4 5 79 23
511 10 0 2 4 5 0 4 2 97 65
512 1 3 2 4 5 3 4 0 95 20
513 11 16 4 3 3 5 4 44 43
514 3 2 1 5 4 0 3 5 2 140 44
515 11 14 3 5 1 4 0 2 5 181 63
516 3 12 4 5 2 1 0 3 4 87 13
517 6 0 3 4 2 5 3 1 164 98
518 10 2 2 3 0 1 4 132 16
519 7 12 2 3 5 4 2 72 70
520 10 5 2 6 1 0 3 4 5 2 135 15
521 3 5 4 3 1 0 3 118 50
522 7 2 1 4 2 4 0 1 258 71
523 1 3 6 3 4 2 0 55 63
524 1 6 2 6 1 4 5 2 3 0 197 87
525 14 2 1 6 1 4 5 0 3 2 140 68
526 14 8 4 3 0 3 5 161 87
527 9 0 3 6 5 4 1 0 3 2 26 69
528 7 0 2 4 1 2 0 4 179 25
529 7 3 3 6 3 1 4 5 2 0 215 77
530 3 0 5 4 1 4 5 0 99 39
531 3 0 3 4 4 5 3 0 49 71
532 14 2 4 5 5 1 3 0 4 14 91
533 7 14 3 5 3 0 4 1 5 131 56
534 7 0 2 5 1 0 4 2 3 195 23
535 10 6 4 6 0 3 2 1 4 5 157 27
536 11 12 2 4 3 5 2 1 87 46
537 7 16 2 3 1 3 2 127 56
538 3 2 4 3 5 2 4 33 69
539 7 2 3 5 0 4 5 1 3 102 17
540 1 12 6 4 1 2 4 3 11 67
541 10 16 3 5 0 1 5 2 3 47 55
542 16 0 2 6 1 0 3 2 5 4 230 67
543 9 14 4 6 4 1 5 2 0 3 152 86
544 6 3 2 5 4 1 5 0 3 39 41
545 14 6 4 5 4 2 0 5 1 12 66
546 6 2 3 5 0 3 2 5 4 168 64
69
547 1 12 5 3 2 0 1 104 87
548 7 16 1 3 4 5 3 186 66
549 9 5 3 4 3 0 4 2 73 13
550 9 0 2 6 3 2 5 1 0 4 57 71
551 3 8 1 6 2 0 5 1 3 4 69 63
552 3 16 3 6 2 3 0 5 1 4 127 78
553 9 14 2 5 5 2 4 0 3 87 93
554 10 2 2 3 0 3 4 94 77
555 1 14 3 3 1 0 2 102 13
556 7 12 1 3 1 4 3 78 24
557 11 2 7 5 2 0 1 3 4 98 39
558 9 12 2 3 0 4 5 80 94
559 16 0 2 5 3 0 5 2 4 178 22
560 10 2 2 6 0 5 3 1 4 2 206 75
561 1 0 6 4 0 5 3 2 18 81
562 9 5 5 3 4 1 2 146 48
563 6 3 1 5 2 5 0 1 3 24 41
564 10 8 4 6 1 3 4 5 0 2 85 24
565 6 5 2 5 4 2 3 0 1 197 19
566 14 16 2 5 0 4 5 3 1 85 85
567 3 8 3 6 2 3 1 4 5 0 174 97
568 1 5 1 4 5 0 1 4 124 28
569 14 12 1 3 4 5 1 50 88
570 9 3 3 3 2 1 5 49 50
571 10 16 3 3 3 5 0 152 33
572 11 3 1 4 3 5 2 0 187 56
573 7 0 5 5 1 0 5 2 4 67 69
574 7 14 1 6 4 3 0 2 5 1 211 70
575 14 12 2 4 4 2 5 1 59 11
576 11 16 3 4 1 0 4 5 139 99
577 1 16 2 3 1 4 5 106 22
578 16 5 5 5 4 5 1 3 2 70 39
579 7 16 1 5 5 1 2 4 0 112 86
580 7 8 3 4 0 1 5 4 162 60
581 7 16 3 3 2 5 1 91 46
582 6 16 2 6 3 1 0 2 4 5 105 74
583 7 5 3 3 3 2 1 50 72
584 1 16 1 3 1 4 5 106 22
585 9 16 2 4 1 3 4 5 139 29
586 6 12 9 3 3 2 5 51 49
587 9 12 2 4 3 0 4 2 64 83
588 1 2 1 6 5 3 0 1 4 2 118 12
589 1 12 1 4 5 3 4 0 53 100
590 7 12 4 3 3 1 2 129 16
591 7 2 1 5 2 4 0 1 5 163 41
592 9 0 1 4 0 1 2 4 148 38
593 7 16 1 3 4 5 1 123 23
594 16 8 1 6 5 3 1 4 0 2 75 47
595 11 5 2 5 0 2 3 1 4 130 86
596 6 14 1 4 4 5 2 0 113 83
597 3 2 1 4 3 0 2 5 172 80
598 11 6 2 4 1 3 0 2 197 73
599 14 16 1 4 3 2 4 1 50 83
600 10 6 1 6 0 3 2 1 4 5 157 27
601 16 0 2 5 3 5 2 4 1 69 87
602 11 2 2 3 1 4 0 247 76
603 1 14 2 4 0 5 3 2 69 24
604 11 3 4 6 0 2 1 3 5 4 159 81
605 11 0 4 5 0 5 2 4 1 74 94
606 1 16 1 3 5 0 4 97 21
607 6 5 3 3 4 3 1 11 59
608 10 8 3 6 1 3 4 5 0 2 85 24
609 6 14 3 5 2 1 3 5 4 106 11
610 9 5 1 4 0 4 2 5 152 16
611 6 0 2 4 2 5 3 1 164 98
612 11 6 3 5 3 4 2 0 1 166 48
613 16 14 2 3 2 0 3 109 46
614 9 3 4 6 1 4 2 3 5 0 26 53
615 16 14 2 3 4 3 1 107 32
77
616 1 6 3 3 3 4 5 82 71
617 9 16 1 4 3 5 4 0 69 17
618 16 6 2 5 5 3 4 1 2 146 82
619 16 0 2 6 1 3 5 0 2 4 65 76
620 11 3 1 6 4 3 1 2 5 0 40 93
621 3 16 1 4 4 3 5 2 110 21
622 11 14 1 4 5 2 1 0 103 18
623 16 5 1 3 1 0 4 11 52
624 3 0 2 3 0 2 5 89 62
625 1 3 1 3 2 0 4 276 13
626 1 0 2 6 3 4 1 0 5 2 156 26
627 6 8 2 5 2 1 4 3 5 85 23
628 16 14 1 6 2 5 4 0 3 1 114 42
629 1 16 5 3 2 0 5 85 88
630 16 6 4 6 2 4 1 5 3 0 81 25
631 11 0 1 5 4 3 5 0 1 145 32
632 6 2 2 4 3 2 4 5 220 46
633 1 6 1 6 4 2 5 1 3 0 97 33
634 6 16 3 6 3 1 0 2 4 5 105 74
635 6 3 1 4 2 1 5 3 58 58
636 10 12 2 4 5 2 0 1 46 98
637 7 5 1 5 4 5 2 3 0 228 52
638 10 3 1 5 4 0 2 1 5 195 29
639 1 6 3 3 2 4 1 230 63
640 6 16 1 6 5 0 2 4 3 1 30 72
641 1 6 1 6 4 2 5 1 0 3 157 65
642 11 12 3 4 1 2 3 0 35 16
643 6 16 3 6 3 5 0 4 2 1 83 59
644 9 2 4 3 1 0 3 111 95
645 14 5 2 4 1 5 0 3 178 96
646 14 3 1 4 1 4 3 2 96 81
647 11 3 1 3 5 4 2 188 37
648 1 2 4 4 0 1 4 5 137 40
649 16 14 1 4 4 2 1 5 53 89
650 6 0 2 5 5 0 2 4 3 77 61
651 11 16 6 6 0 2 3 5 1 4 117 89
652 1 12 3 5 4 5 3 2 0 82 29
653 3 16 4 6 4 3 0 5 1 2 79 53
654 9 8 4 4 4 0 5 3 108 32
655 7 14 3 5 3 0 1 4 2 53 95
656 3 12 3 3 5 1 4 86 69
657 14 16 4 3 3 1 0 48 74
658 3 0 4 5 3 5 1 4 0 87 32
659 9 14 2 4 3 1 5 0 144 58
660 3 16 2 4 2 3 0 4 125 15
661 11 5 3 5 0 2 3 1 4 130 86
662 7 3 4 4 3 4 0 5 151 54
663 3 8 2 5 3 5 2 1 4 277 37
664 6 16 2 3 4 0 1 170 10
665 7 16 2 4 1 3 2 4 129 98
666 14 3 2 6 3 0 4 5 1 2 24 27
667 7 2 2 6 5 2 1 4 0 3 208 36
668 14 6 2 3 4 0 3 117 94
669 9 2 3 6 4 1 0 5 2 3 50 72
670 16 8 2 3 2 3 5 73 82
671 6 8 4 3 5 1 3 28 54
672 16 6 1 5 5 3 4 1 2 146 82
673 7 16 6 5 5 1 2 4 0 112 86
674 6 16 3 3 4 3 1 132 53
675 11 2 3 3 1 4 0 247 76
676 6 12 3 4 4 2 1 3 71 99
677 9 5 4 6 0 1 3 4 2 5 32 43
678 7 8 1 3 3 1 2 113 98
679 16 2 4 6 3 5 4 2 1 0 25 21
680 1 14 5 3 1 0 2 102 13
681 10 12 2 5 1 5 0 4 2 30 94
682 11 5 1 4 1 5 3 0 83 34
683 11 5 2 6 4 2 5 1 0 3 207 47
684 6 2 2 3 1 0 5 52 97
685 7 6 4 6 3 4 5 1 2 0 100 86
686 10 12 6 3 3 4 2 30 39
687 14 3 2 4 1 4 3 2 96 81
688 1 16 3 5 4 2 5 0 3 58 40
689 9 12 2 5 0 3 5 1 2 136 44
690 10 16 3 3 1 5 0 91 18
691 11 12 6 5 4 0 5 3 1 47 34
692 7 16 3 3 2 5 1 91 46
67
693 7 8 1 3 2 3 4 59 72
694 10 12 1 3 0 4 1 123 88
695 11 3 1 6 2 4 3 5 0 1 171 43
696 11 8 3 6 3 1 5 0 4 2 69 31
697 7 6 1 5 4 1 2 0 5 218 77
698 1 14 2 4 3 5 2 1 221 37
699 10 5 2 6 1 2 0 5 4 3 87 46
700 3 14 1 6 0 1 3 5 4 2 170 83
701 16 3 1 3 2 0 1 96 46
702 3 8 1 4 2 3 1 5 272 23
703 14 2 2 6 2 3 4 5 1 0 93 56
704 10 0 2 3 0 1 5 43 21
705 6 5 1 5 2 1 3 4 0 124 51
706 1 6 1 3 2 4 1 230 63
707 7 12 6 4 4 5 1 2 83 58
708 7 3 1 3 1 5 4 76 80
709 11 2 3 5 5 0 3 4 2 226 37
710 14 0 2 5 1 3 4 0 2 87 90
711 6 5 6 4 4 3 0 2 49 16
712 1 5 2 5 1 0 2 5 3 243 100
713 10 12 10 3 3 4 2 30 39
714 1 14 2 6 0 1 4 5 2 3 88 79
715 9 3 2 4 0 2 3 4 71 53
716 9 14 4 6 5 1 4 0 2 3 123 52
717 14 2 1 5 5 1 3 0 4 14 91
718 7 8 6 3 3 5 4 146 80
719 6 14 2 5 1 4 0 5 3 149 58
720 16 12 7 4 2 4 5 0 51 55
721 9 6 1 3 1 3 4 70 60
722 1 12 4 6 2 5 3 4 0 1 92 72
723 7 16 1 5 0 1 5 4 2 130 67
724 7 14 3 6 4 5 3 0 1 2 185 45
725 7 16 7 6 5 3 2 0 1 4 89 45
726 6 3 5 5 0 5 4 1 2 177 98
727 14 0 1 4 5 3 4 2 65 76
728 16 14 2 6 3 5 2 4 1 0 164 39
729 1 0 2 4 1 2 4 0 93 88
730 9 5 5 3 4 1 2 146 48
731 1 2 1 5 5 1 2 3 4 275 42
732 1 16 2 3 3 4 5 111 57
733 6 8 2 3 5 2 4 101 100
734 11 16 2 6 0 2 3 5 1 4 117 89
735 6 3 2 5 1 2 4 3 0 41 88
736 9 16 7 5 0 3 4 1 5 72 60
737 11 12 4 5 0 2 4 1 5 66 73
738 1 3 3 3 4 2 0 55 63
739 1 5 2 5 5 2 0 1 4 114 74
740 11 14 2 6 2 0 4 1 3 5 142 23
741 10 12 1 5 2 5 1 4 0 105 65
742 1 8 2 4 5 0 2 1 117 84
743 7 12 4 6 0 2 1 5 3 4 99 41
744 6 14 2 5 1 0 2 4 3 216 68
745 1 14 7 6 0 1 4 5 2 3 88 79
746 3 0 2 3 2 5 1 116 61
747 1 2 2 5 4 2 1 0 5 69 75
748 16 8 3 4 4 3 2 5 63 68
749 7 8 5 4 1 0 4 3 95 89
750 3 14 5 4 0 1 4 3 222 63
751 9 0 1 3 2 1 4 63 92
752 10 3 2 3 3 0 5 66 33
753 7 14 2 3 2 4 5 229 38
754 3 8 3 5 3 0 5 1 2 137 86
755 9 3 2 4 1 5 4 2 81 16
756 16 12 2 4 0 3 4 5 139 14
757 11 5 2 6 3 5 1 4 0 2 105 58
758 14 12 2 6 3 0 2 4 1 5 71 21
759 1 0 2 3 3 5 0 124 58
65
760 16 12 3 6 4 2 1 0 5 3 44 75
761 6 5 1 5 5 3 4 1 2 82 94
762 1 2 1 6 0 3 1 2 5 4 139 72
763 6 3 1 3 3 5 4 160 26
764 6 14 1 3 5 0 1 178 14
765 9 5 4 3 0 4 2 137 60
766 11 8 2 5 1 0 2 5 3 199 20
767 1 6 3 6 4 2 5 1 0 3 157 65
768 10 5 2 4 1 3 5 0 110 83
769 6 5 1 4 2 3 4 0 167 40
770 9 12 1 3 3 1 4 101 42
771 10 12 2 3 2 3 4 74 24
772 16 6 3 5 5 0 3 4 1 154 51
773 7 0 4 6 4 1 5 0 3 2 170 45
774 11 0 4 3 3 0 5 139 81
775 9 3 1 3 4 5 0 86 87
776 9 5 2 4 0 4 1 3 100 39
777 11 16 5 6 2 1 0 3 4 5 68 18
778 9 8 4 6 5 0 1 3 4 2 124 78
779 1 6 2 5 2 3 0 5 4 175 98
780 7 5 2 4 1 2 5 4 49 40
781 14 5 1 5 2 1 4 0 5 209 24
782 1 16 1 3 5 1 3 117 28
783 14 8 2 6 2 5 0 4 3 1 76 25
784 3 0 3 3 3 4 1 130 27
785 14 6 1 3 4 0 3 117 94
786 10 6 2 5 3 1 0 2 4 12 82
787 9 14 2 6 3 5 1 2 4 0 58 19
788 7 0 1 5 2 0 3 5 4 113 65
789 9 5 3 6 0 4 1 2 5 3 61 55
790 14 2 5 6 2 3 4 5 1 0 93 56
791 10 5 1 6 1 3 0 4 5 2 123 32
792 10 0 1 6 0 4 3 1 5 2 82 83
793 16 3 1 5 0 1 5 3 2 136 27
794 11 5 5 5 0 4 1 3 2 143 16
795 9 5 1 3 3 4 2 99 13
796 1 5 4 4 3 5 2 0 111 18
797 11 8 1 3 2 3 5 163 60
798 14 5 2 6 5 1 4 0 2 3 178 25
799 16 12 4 6 1 3 4 0 5 2 69 41
800 10 2 3 4 2 4 3 1 251 37
801 14 16 4 3 4 1 5 45 91
802 1 2 3 4 4 3 1 0 31 22
803 16 12 2 6 5 3 2 1 0 4 59 98
804 9 2 2 4 5 0 4 1 124 76
805 1 5 2 3 4 2 0 163 46
806 9 3 2 3 4 5 2 48 99
807 7 5 2 3 4 3 2 28 96
808 3 2 4 5 0 4 5 2 1 255 97
809 16 14 3 4 2 0 3 4 80 73
810 7 2 2 5 2 3 5 4 1 37 89
811 9 16 2 5 0 3 4 1 5 72 60
812 1 2 4 5 5 1 2 3 4 275 42
813 11 12 2 6 2 1 3 4 5 0 84 55
814 14 16 6 3 4 5 2 193 18
815 10 0 3 4 1 2 3 5 147 79
816 6 2 3 6 0 3 1 5 4 2 100 49
817 3 14 3 5 4 3 0 5 1 61 53
818 14 6 1 4 3 2 0 4 126 19
819 16 14 2 6 2 1 4 5 3 0 101 19
820 3 0 2 3 0 2 5 89 62
821 11 2 5 6 4 3 2 0 5 1 205 62
822 7 0 2 3 2 4 1 29 74
823 9 16 4 3 2 4 1 106 82
824 1 16 7 3 2 0 5 85 88
68
825 10 12 1 3 2 3 4 74 24
826 9 12 2 6 5 3 4 1 0 2 137 97
827 16 6 1 4 0 2 5 1 104 85
828 10 2 1 6 5 3 2 0 1 4 213 60
829 16 5 4 3 1 4 3 116 63
830 10 12 3 3 5 4 0 40 99
831 9 6 7 3 2 5 3 164 81
832 9 12 3 4 4 5 0 2 75 87
833 11 14 4 5 3 2 5 1 4 134 47
834 14 0 1 5 2 5 3 1 4 72 85
835 9 2 1 6 4 1 0 5 2 3 50 72
836 11 12 1 6 4 2 5 3 0 1 83 14
837 1 6 2 6 4 2 5 1 3 0 97 33
838 7 5 2 3 4 3 2 28 96
839 10 6 2 4 4 5 1 0 209 63
840 7 16 1 6 0 4 1 2 3 5 134 27
841 14 0 2 5 1 3 4 0 2 87 90
842 1 3 1 6 4 3 0 5 1 2 355 36
843 1 3 3 4 3 2 1 4 118 58
844 11 6 1 3 1 2 0 194 51
845 9 2 1 5 5 1 2 4 0 38 62
846 9 6 3 3 2 3 5 75 26
847 6 14 2 6 2 0 3 4 1 5 134 24
848 9 2 1 4 4 2 5 0 168 40
849 11 16 4 3 0 4 5 65 63
850 1 14 2 5 5 3 0 2 1 78 63
851 14 2 3 5 3 2 0 5 4 174 32
852 10 12 3 4 4 1 3 5 57 40
853 10 2 2 5 5 0 3 2 1 126 19
854 7 2 2 3 2 3 0 154 58
855 7 14 1 5 0 3 5 2 4 68 92
856 10 2 1 4 2 4 3 1 251 37
857 3 16 2 4 0 5 1 4 109 23
858 6 3 3 5 1 2 4 3 0 41 88
859 6 5 3 5 1 0 5 2 3 189 76
860 7 6 4 5 0 3 5 1 4 183 16
861 10 6 1 3 5 1 4 17 38
862 11 0 2 3 0 3 2 104 68
863 11 0 1 6 0 4 3 2 5 1 50 99
864 7 2 1 3 5 4 2 113 82
865 3 14 1 5 4 3 0 5 1 61 53
866 14 2 3 6 4 2 3 5 0 1 13 41
867 3 16 2 4 4 2 0 1 149 83
868 10 2 4 6 0 3 2 4 5 1 136 56
869 6 12 1 5 2 4 0 3 1 154 51
870 9 2 3 3 5 2 1 95 93
871 1 5 5 3 2 1 4 164 57
872 3 0 3 4 2 5 4 1 121 49
873 16 12 2 6 5 3 4 0 1 2 36 80
874 1 0 1 5 0 4 5 1 2 126 38
875 10 8 7 4 5 4 3 1 214 58
876 16 3 1 6 1 3 2 5 0 4 78 97
877 7 3 4 4 3 1 2 5 161 52
878 14 3 1 6 0 3 1 2 5 4 150 19
879 10 14 1 4 4 5 0 3 156 12
880 7 0 3 6 4 1 5 0 3 2 170 45
881 6 3 4 6 3 4 2 0 1 5 64 58
882 16 3 1 3 0 5 4 56 47
883 3 16 4 4 2 3 0 4 125 15
884 3 14 4 3 4 5 0 107 19
885 7 0 3 3 0 1 5 35 44
886 9 6 9 3 2 5 3 164 81
887 10 5 6 3 3 2 0 89 78
888 3 8 2 4 2 3 1 5 272 23
889 6 0 5 4 4 3 5 2 62 78
890 6 2 3 3 1 3 5 159 83
891 3 8 3 3 0 3 5 129 34
892 7 3 2 6 5 1 4 3 2 0 22 56
69
893 11 6 4 5 4 2 3 0 1 190 27
894 1 2 2 5 5 2 4 3 0 20 26
895 6 5 2 6 0 4 1 5 2 3 108 16
896 10 3 2 4 1 4 0 3 122 41
897 16 8 9 3 2 1 3 47 32
898 1 0 4 6 3 4 1 0 5 2 156 26
899 14 6 2 6 5 3 1 0 2 4 109 71
900 9 16 1 5 5 0 3 2 4 119 14
901 1 3 1 4 2 1 3 4 180 68
902 14 2 1 5 5 3 0 4 1 65 34
903 6 2 1 6 1 5 4 2 3 0 168 18
904 10 6 3 5 5 0 1 4 2 48 46
905 10 16 1 6 3 4 0 2 1 5 104 49
906 16 6 1 4 2 5 3 0 141 16
907 1 3 3 5 5 3 2 4 0 304 83
908 16 0 2 6 0 3 1 4 5 2 63 32
909 10 5 1 4 2 4 3 0 81 74
910 10 0 1 4 1 0 4 2 99 73
911 10 8 3 5 1 2 5 0 4 123 86
912 7 6 1 4 5 3 2 1 166 55
913 3 16 2 6 2 3 5 4 0 1 24 82
914 6 0 1 6 1 2 3 5 4 0 104 63
915 3 16 2 4 3 4 2 0 44 76
916 7 3 3 4 1 2 0 5 143 17
917 11 5 1 5 1 5 0 2 3 304 83
918 7 6 3 3 5 2 0 58 47
919 3 2 1 3 4 2 0 310 51
920 9 2 2 6 4 5 3 1 2 0 49 72
921 11 8 2 3 4 5 1 104 59
922 3 5 3 4 5 1 3 2 139 19
923 10 6 2 4 3 1 0 4 70 26
924 6 2 2 4 0 1 5 4 175 63
925 11 14 2 4 0 5 2 1 15 98
926 7 6 2 3 5 2 4 119 71
927 6 14 4 5 1 4 3 0 2 127 14
928 16 14 1 4 3 0 2 1 69 69
929 11 14 5 6 2 1 4 5 0 3 214 49
930 6 2 3 6 0 3 1 5 4 2 100 49
931 10 16 4 3 0 1 5 151 76
932 11 3 2 6 4 3 1 2 5 0 40 93
933 10 2 2 3 0 2 3 20 83
934 9 8 2 3 0 4 5 50 67
935 11 14 1 5 3 1 2 5 0 136 41
936 9 0 2 6 4 2 0 3 5 1 80 84
937 9 12 6 6 5 3 4 1 0 2 137 97
938 6 0 2 4 4 3 5 2 62 78
939 11 16 1 6 0 4 1 5 3 2 94 64
940 1 6 1 6 0 4 1 3 2 5 243 69
941 3 14 5 4 2 5 1 0 78 78
942 16 12 2 4 5 0 3 1 54 90
943 9 2 2 3 1 3 5 83 55
944 9 12 1 4 3 0 4 2 64 83
945 16 14 2 4 0 2 1 3 53 77
946 7 0 2 5 1 0 4 2 3 195 23
947 10 8 3 6 1 5 4 3 2 0 243 91
948 11 0 2 3 2 4 1 134 41
949 9 6 4 4 2 0 4 1 150 59
950 6 16 2 5 3 1 4 0 5 102 34
951 11 14 2 3 1 3 0 124 60
952 10 14 3 3 2 4 0 145 21
953 6 8 2 3 1 5 2 136 77
954 9 0 3 5 2 0 4 1 3 78 18
955 9 6 8 5 3 5 0 2 4 89 85
956 9 2 2 6 5 4 2 1 0 3 108 46
957 7 14 4 5 0 3 5 2 4 68 92
958 11 5 2 5 1 5 0 2 3 304 83
959 3 14 2 3 3 0 4 170 52
960 7 5 2 6 2 1 3 0 5 4 15 32
961 10 5 2 4 2 3 4 0 299 79
74
962 16 6 1 5 0 5 2 1 4 165 45
963 10 3 3 3 0 5 2 39 40
964 6 0 1 6 4 5 3 0 1 2 79 21
965 6 5 3 5 2 1 0 4 3 105 81
966 10 6 2 5 1 5 3 4 2 160 12
967 9 6 1 3 1 3 4 70 60
968 11 2 5 3 3 4 2 144 75
969 6 5 3 4 4 3 1 2 177 41
970 6 0 1 3 3 5 0 111 74
971 16 14 1 4 2 0 3 4 80 73
972 16 5 2 3 1 4 3 116 63
973 3 14 2 5 0 1 2 4 5 191 80
974 14 3 1 6 3 0 1 4 5 2 52 77
975 14 6 3 5 2 1 3 4 0 60 92
976 6 2 2 6 2 5 0 1 3 4 253 33
977 3 6 1 4 4 3 0 5 235 36
978 7 0 5 5 4 1 0 3 5 21 71
979 1 3 3 4 3 2 1 4 118 58
980 7 6 2 6 1 2 5 0 4 3 175 78
981 11 16 1 6 0 3 2 4 5 1 163 74
982 1 12 1 3 0 2 1 94 84
983 9 5 3 6 0 1 4 3 2 5 102 30
984 10 0 2 5 1 4 2 5 0 201 49
985 3 5 1 6 3 0 5 4 1 2 200 78
986 14 6 2 3 3 1 0 49 84
987 9 14 2 5 2 1 0 3 5 93 29
988 11 6 1 5 5 3 0 2 4 111 29
989 10 3 1 3 3 0 5 66 33
990 7 14 3 5 5 0 2 1 4 171 82
991 10 3 2 5 4 0 2 1 5 195 29
992 1 3 2 5 5 3 2 4 0 304 83
993 16 12 2 6 1 2 3 5 0 4 94 90
994 6 14 1 5 5 0 4 1 3 286 50
995 9 12 2 6 3 2 5 4 1 0 67 79
996 3 2 1 6 2 0 5 3 4 1 143 60
997 14 8 4 6 5 4 0 1 3 2 240 84
998 9 16 5 6 3 1 2 4 0 5 199 97
999 9 6 6 3 2 5 3 164 81
1000 10 12 3 3 3 4 2 30 39
1001 7 8 3 4 0 1 5 4 162 60
1002 14 0 2 3 5 3 4 45 40
1003 11 14 1 6 2 1 4 5 0 3 214 49
1004 10 2 2 5 5 0 3 2 1 126 19
1005 9 6 1 3 2 3 5 75 26
1006 16 5 1 5 0 2 5 4 1 159 30
1007 6 0 2 6 2 4 3 5 1 0 31 64
1008 3 16 2 5 1 2 3 5 4 96 78
1009 3 16 2 4 3 0 1 5 51 14
1010 14 8 1 4 1 3 5 4 219 48
1011 14 8 5 5 2 1 4 3 0 72 53
1012 14 16 5 6 1 0 5 4 3 2 41 61
1013 16 6 3 3 0 1 3 83 69
1014 6 14 1 3 3 4 1 106 61
1015 9 12 2 6 3 2 1 0 4 5 74 17
1016 9 5 3 3 0 1 5 62 38
1017 6 2 4 3 1 0 5 52 97
1018 1 16 2 3 1 4 5 106 22
1019 9 3 1 3 0 2 5 36 50
1020 10 6 2 4 4 5 1 0 209 63
1021 10 16 2 3 5 4 0 19 81
1022 16 2 3 6 3 5 4 2 1 0 25 21
1023 16 6 3 3 0 1 3 82 77
1024 10 6 2 3 5 1 4 17 38
1025 9 2 3 3 1 3 5 83 55
1026 6 14 2 6 2 0 3 4 1 5 134 24
1027 14 16 2 3 2 5 1 80 94
1028 9 5 3 3 0 4 2 137 60
1029 6 0 5 4 4 3 5 2 62 78
1030 11 3 2 6 2 4 1 3 5 0 194 44
1031 7 2 1 3 4 2 1 59 89
1032 9 12 6 5 2 4 3 1 5 130 56
1033 7 3 3 6 0 2 3 1 5 4 128 38
1034 1 14 4 5 5 3 0 2 1 78 63
1035 1 14 2 3 1 4 5 110 55
62
1036 16 14 2 4 4 0 5 1 34 41
1037 3 0 3 3 5 2 3 103 66
1038 10 6 3 3 5 1 4 17 38
1039 3 8 3 3 4 0 2 26 29
1040 14 12 5 5 0 4 1 3 2 90 20
1041 14 2 7 4 2 1 3 0 94 66
1042 14 2 1 5 3 5 2 0 4 132 70
1043 7 8 1 6 2 4 3 5 1 0 93 47
1044 9 14 3 3 2 3 4 116 83
1045 3 8 2 5 4 3 5 0 2 137 70
1046 16 12 1 6 1 2 3 5 0 4 94 90
1047 10 3 1 5 0 2 1 4 5 89 29
1048 9 12 3 3 0 4 5 80 94
1049 16 8 1 3 2 4 5 124 77
1050 7 5 1 4 0 3 4 1 49 28
1051 9 8 1 4 3 1 4 0 102 93
1052 9 8 1 3 0 4 5 50 67
1053 7 8 2 6 2 4 3 5 1 0 93 47
1054 16 8 3 4 4 1 0 3 72 86
1055 10 0 2 6 0 4 3 1 5 2 82 83
1056 11 8 4 4 0 4 5 2 129 52
1057 11 2 3 4 3 5 0 2 282 44
1058 7 12 4 3 4 3 0 117 93
1059 14 3 2 6 0 3 1 2 5 4 150 19
1060 9 5 3 5 2 3 4 5 1 103 77
1061 14 8 1 6 1 3 4 0 2 5 144 14
1062 11 6 2 3 1 2 4 146 90
1063 11 16 4 3 3 5 4 44 43
1064 7 5 3 3 2 1 0 38 11
1065 1 2 4 6 4 1 2 5 3 0 134 49
1066 16 5 1 3 5 3 0 42 50
1067 3 5 3 3 2 4 3 147 78
1068 6 8 1 5 2 3 4 0 1 307 84
1069 16 3 3 3 2 3 0 45 20
1070 14 6 3 3 3 1 0 49 84
1071 14 0 2 5 4 2 1 5 0 155 39
1072 6 2 2 5 3 5 4 0 2 159 72
1073 6 14 3 3 5 0 1 178 14
1074 9 2 2 6 4 3 1 5 0 2 65 82
1075 3 2 2 4 1 5 0 4 200 53
1076 14 2 6 6 1 4 5 0 3 2 140 68
1077 3 2 2 3 1 3 2 179 74
1078 14 6 5 6 5 3 1 0 2 4 109 71
1079 11 16 3 3 3 5 4 44 43
1080 1 0 1 6 4 3 5 0 2 1 133 83
1081 7 14 2 3 5 1 2 15 43
1082 10 8 2 6 1 3 4 5 0 2 85 24
1083 16 8 2 5 0 5 3 4 2 73 13
1084 7 16 4 5 3 5 4 2 1 124 29
1085 9 12 2 3 3 1 4 101 42
1086 6 0 8 6 2 4 3 5 1 0 31 64
1087 7 6 3 4 1 5 2 0 238 16
1088 14 6 3 3 3 1 0 49 84
1089 9 16 3 4 1 3 4 5 139 29
1090 3 5 2 5 5 3 2 0 1 82 15
1091 9 2 4 6 4 5 3 1 2 0 49 72
1092 7 0 5 6 3 5 4 2 0 1 143 90
1093 11 12 3 6 5 1 3 0 2 4 51 25
1094 10 6 1 4 0 3 5 4 249 82
1095 1 5 2 3 4 2 0 163 46
1096 7 12 2 5 3 4 5 2 1 111 83
1097 3 2 4 3 3 5 2 258 97
71
1098 16 14 1 5 1 3 5 0 4 73 13
1099 6 14 1 6 3 0 1 5 4 2 134 21
1100 10 12 2 4 4 2 3 5 117 13
1101 14 12 2 4 3 4 5 1 93 96
1102 16 3 2 4 1 0 4 2 52 54
1103 11 6 1 3 2 4 1 64 97
1104 16 14 4 3 3 5 2 76 12
1105 1 2 2 3 1 0 4 191 92
1106 11 16 1 5 5 2 0 3 1 93 74
1107 16 5 1 5 4 1 2 5 0 161 60
1108 9 12 6 6 5 3 4 1 0 2 137 97
1109 9 2 1 3 1 5 0 85 63
1110 3 12 1 6 2 4 1 3 5 0 19 68
1111 7 2 3 6 2 0 4 5 1 3 149 22
1112 11 5 1 5 3 2 1 4 5 183 98
1113 9 2 1 6 1 0 2 4 3 5 27 70
1114 16 12 1 6 1 2 3 5 0 4 94 90
1115 3 16 4 4 4 2 5 0 76 23
1116 9 6 1 4 3 1 5 2 121 65
1117 6 14 3 5 1 4 0 5 3 149 58
1118 7 12 5 3 4 0 1 65 80
1119 1 6 2 4 3 2 1 4 106 95
1120 11 2 1 4 3 2 4 0 255 20
1121 11 0 4 4 1 3 0 5 100 27
1122 3 2 1 4 0 1 4 5 229 78
1123 11 8 2 5 3 1 0 5 2 164 57
1124 14 2 3 6 1 4 5 0 3 2 140 68
1125 10 3 2 5 1 5 3 2 4 142 100
1126 6 8 1 6 5 1 2 3 4 0 169 37
1127 11 12 1 6 5 0 3 1 4 2 48 15
1128 3 2 6 4 3 0 2 5 172 80
1129 1 6 1 3 1 0 2 161 98
1130 9 14 4 6 2 5 0 4 3 1 156 32
1131 11 5 1 6 3 5 1 4 0 2 105 58
1132 7 0 7 5 5 1 4 3 2 62 58
1133 1 5 2 4 3 5 2 0 111 18
1134 6 12 4 3 2 3 0 32 65
1135 16 14 2 3 0 3 5 141 78
1136 7 12 2 6 0 2 1 5 3 4 99 41
1137 14 2 1 6 2 3 4 5 1 0 93 56
1138 1 0 1 4 1 3 5 2 123 94
1139 16 0 2 4 5 3 0 2 57 90
1140 7 6 2 3 5 2 4 119 71
1141 11 0 2 6 3 0 1 5 4 2 55 22
1142 14 3 5 4 2 3 0 5 61 24
1143 6 14 2 5 1 4 3 0 2 127 14
1144 9 8 2 4 3 5 1 2 94 89
1145 16 14 3 6 2 4 3 5 0 1 59 22
1146 10 0 2 5 1 5 2 4 0 33 27
1147 10 2 3 6 0 5 3 1 4 2 206 75
1148 3 8 3 5 3 0 5 1 2 137 86
1149 1 3 4 6 5 4 0 2 1 3 107 98
1150 1 12 2 6 0 5 3 1 4 2 32 97
1151 11 2 2 6 4 3 2 0 5 1 205 62
1152 3 16 3 5 0 5 1 3 2 87 76
1153 1 14 12 5 3 0 2 5 4 147 43
1154 9 5 2 4 1 4 3 2 53 78
1155 16 0 9 6 3 4 5 0 2 1 184 16
1156 10 6 5 3 5 1 4 17 38
1157 14 2 3 4 1 2 5 3 135 31
1158 16 6 3 5 5 1 3 4 0 117 97
1159 14 6 4 6 0 4 1 5 2 3 40 78
1160 3 2 3 4 1 2 4 0 46 76
1161 3 2 2 5 0 4 5 2 1 255 97
1162 9 14 3 6 5 2 0 3 4 1 106 83
1163 11 0 2 6 1 4 3 0 2 5 133 40
1164 1 8 3 6 3 4 5 0 2 1 321 71
1165 1 0 3 3 3 5 0 124 58
1166 9 0 3 4 1 3 0 5 85 64
1167 7 3 2 6 0 2 3 1 5 4 128 38
1168 7 8 2 6 2 4 3 5 1 0 93 47
57
1169 14 5 2 5 1 2 3 4 5 110 36
1170 16 2 2 5 5 3 2 1 0 65 70
1171 1 14 3 4 5 4 0 1 51 48
1172 1 14 1 3 4 2 1 92 81
1173 6 3 3 5 2 5 0 3 4 78 86
1174 9 6 2 5 3 5 0 2 4 89 85
1175 9 6 2 4 1 5 0 2 134 11
1176 11 16 3 6 2 5 0 4 3 1 26 97
1177 10 2 1 6 5 3 2 0 1 4 213 60
1178 7 12 4 6 5 3 4 0 1 2 94 19
1179 1 8 1 3 0 2 4 276 34
1180 11 0 2 3 5 1 0 111 72
1181 7 16 2 3 2 0 3 145 81
1182 9 8 10 4 3 5 1 2 94 89
1183 9 6 1 3 4 0 1 60 50
1184 16 6 1 6 5 4 3 1 0 2 58 11
1185 9 0 1 4 3 1 4 2 112 18
1186 11 5 2 4 1 5 3 0 83 34
1187 7 6 1 3 5 2 4 119 71
1188 7 6 4 3 4 5 1 37 10
1189 1 2 3 6 0 3 1 2 5 4 139 72
1190 11 2 2 4 4 2 0 1 113 87
1191 16 5 2 3 3 2 0 62 91
1192 14 16 3 6 2 5 4 1 3 0 132 58
1193 16 5 3 3 1 4 3 116 63
1194 3 8 3 5 5 4 1 2 0 374 23
1195 10 2 3 4 2 4 3 1 251 37
1196 16 5 1 5 4 1 2 5 0 161 60
1197 14 5 2 5 1 2 3 4 5 110 36
1198 3 14 2 4 2 5 1 0 78 78
1199 16 8 3 6 4 1 0 5 3 2 69 83
1200 1 14 1 3 1 2 4 119 68
1201 7 8 2 3 0 5 1 81 91
1202 16 0 1 3 3 2 5 187 50
1203 9 8 5 5 4 5 1 3 2 110 12
1204 3 0 2 4 1 2 3 0 94 87
1205 7 0 2 5 2 0 3 5 4 113 65
1206 14 12 2 3 5 1 4 116 37
1207 14 6 2 6 3 2 1 4 0 5 235 66
1208 10 12 2 3 5 4 0 40 99
1209 7 2 2 3 5 2 1 112 41
1210 14 5 3 4 2 4 5 3 223 69
1211 9 14 2 5 2 1 0 3 5 93 29
1212 1 2 2 3 0 5 2 100 99
1213 10 0 2 4 1 0 4 2 99 73
1214 10 14 3 4 2 1 3 4 112 34
1215 3 6 3 4 2 3 4 0 125 41
1216 9 14 2 6 2 5 3 4 1 0 120 26
1217 9 2 2 6 4 1 0 5 2 3 50 72
1218 10 0 1 6 0 4 3 1 5 2 82 83
1219 11 16 2 5 2 3 1 4 0 56 22
1220 7 5 6 4 1 2 5 4 49 40
1221 11 5 1 6 2 1 0 4 3 5 197 16
1222 10 0 3 6 4 2 1 5 3 0 137 97
1223 10 16 2 3 2 5 3 41 35
1224 9 2 3 4 0 3 5 2 39 84
1225 9 5 8 5 2 3 4 5 1 103 77
71
1226 3 8 1 6 2 5 1 0 4 3 109 58
1227 9 5 1 6 0 1 4 3 2 5 102 30
1228 3 16 2 5 5 3 1 4 2 78 68
1229 16 3 1 6 1 5 4 2 3 0 75 49
1230 11 5 2 5 3 2 1 4 5 183 98
1231 9 6 3 4 0 2 1 5 180 35
1232 3 12 2 6 2 1 0 5 3 4 78 87
1233 1 8 5 6 3 4 5 0 2 1 321 71
1234 6 14 3 5 5 0 1 3 2 173 100
1235 6 8 3 3 3 5 1 181 40
1236 9 6 1 3 2 3 5 75 26
1237 9 3 1 6 1 4 2 3 5 0 26 53
1238 6 14 2 3 2 3 5 176 16
1239 3 16 1 6 2 3 5 4 0 1 24 82
1240 6 5 6 5 0 4 3 5 2 151 64
1241 11 14 1 4 3 1 2 5 152 86
1242 1 2 3 6 0 4 5 3 2 1 243 73
1243 9 16 1 3 2 4 1 106 82
1244 3 14 1 6 0 3 1 4 5 2 75 75
1245 16 0 3 5 0 2 5 4 3 111 54
1246 10 5 2 6 1 3 0 4 5 2 123 32
1247 6 5 2 3 4 3 1 11 59
1248 7 3 1 4 1 2 0 5 143 17
1249 1 0 1 5 0 4 5 1 2 126 38
1250 11 14 7 5 1 4 0 2 5 181 63
1251 3 8 3 5 3 0 5 1 2 137 86
1252 1 12 2 4 1 4 0 5 62 86
1253 11 0 2 3 2 4 1 134 41
1254 6 8 3 3 0 1 3 84 19
1255 3 0 3 4 4 5 3 0 49 71
1256 1 8 1 6 0 3 5 4 2 1 160 93
1257 16 12 1 4 2 4 5 0 51 55
1258 9 16 1 4 2 5 4 3 86 15
1259 3 6 1 3 2 4 0 217 67
1260 6 0 2 5 4 1 3 0 2 105 93
1261 11 12 3 5 4 0 5 3 1 47 34
1262 10 5 3 3 2 1 3 188 12
1263 3 6 3 4 4 3 0 5 235 36
1264 1 16 1 5 4 2 5 0 3 58 40
1265 14 8 2 4 3 2 5 0 152 60
1266 16 8 2 6 5 3 1 4 0 2 75 47
1267 10 12 1 4 2 4 5 0 42 94
1268 9 12 6 3 2 3 4 117 90
1269 11 12 2 5 0 2 5 3 4 51 76
1270 9 3 5 5 0 1 4 2 5 67 41
1271 9 3 3 4 1 5 4 2 81 16
1272 14 8 2 5 0 1 2 5 3 216 70
1273 7 3 3 3 1 4 2 98 14
1274 6 5 3 5 5 3 4 1 2 82 94
1275 10 16 6 3 3 5 0 152 33
1276 3 8 3 5 5 4 2 1 3 77 32
1277 7 0 2 5 4 1 0 3 5 21 71
1278 1 14 2 3 1 0 2 102 13
1279 10 8 3 3 3 0 2 211 31
1280 7 14 4 5 3 0 1 4 2 53 95
1281 6 16 1 3 5 4 3 87 98
1282 6 12 1 6 2 5 0 4 3 1 85 65
1283 7 12 3 5 3 4 2 0 1 134 81
1284 10 6 3 4 2 0 1 3 114 85
1285 6 16 5 5 1 5 0 2 3 30 25
1286 7 12 3 5 3 4 5 2 1 111 83
1287 9 0 3 5 3 2 0 1 4 152 12
1288 7 0 2 5 5 1 4 3 2 62 58
1289 11 3 2 3 2 0 1 148 39
1290 9 14 3 3 2 3 4 116 83
1291 6 2 7 3 5 3 0 86 98
1292 1 0 4 4 1 2 4 0 93 88
1293 14 2 2 4 2 3 0 5 67 40
1294 6 5 2 5 4 2 5 0 3 214 64
1295 10 14 2 5 4 0 3 1 5 132 68
1296 14 2 6 4 2 3 0 5 67 40
75
1297 14 5 1 5 2 1 4 0 5 209 24
1298 3 16 2 4 4 2 1 3 72 33
1299 3 16 1 4 3 0 1 5 51 14
1300 14 2 5 5 3 2 0 5 4 174 32
1301 7 2 3 3 5 4 2 113 82
1302 9 14 1 5 0 4 3 2 1 189 38
1303 7 0 2 5 4 1 0 3 5 21 71
1304 7 8 2 3 0 5 1 81 91
1305 9 2 2 4 0 3 5 2 39 84
1306 9 6 2 3 2 5 3 164 81
1307 6 2 1 3 5 3 0 86 98
1308 16 2 1 6 1 2 4 5 0 3 50 83
1309 7 6 3 6 3 4 5 1 2 0 100 86
1310 3 8 1 3 4 0 2 26 29
1311 9 0 5 6 5 2 0 3 4 1 76 35
1312 6 0 2 3 5 0 1 78 95
1313 11 16 3 5 1 4 5 2 0 99 67
1314 3 14 4 3 3 2 5 120 76
1315 14 8 1 4 3 2 1 5 234 54
1316 9 8 1 3 0 1 3 60 93
1317 9 6 3 3 4 0 1 60 50
1318 3 5 1 5 4 5 0 1 3 87 62
1319 1 12 1 3 0 2 1 94 84
1320 1 14 1 3 1 0 2 102 13
1321 1 3 1 5 5 4 2 0 1 322 96
1322 9 0 3 6 3 2 5 1 0 4 57 71
1323 9 6 2 6 2 0 5 3 4 1 152 42
1324 11 0 2 6 1 3 5 0 4 2 85 78
1325 3 5 4 5 5 3 2 0 1 82 15
1326 6 5 3 4 0 5 2 4 351 59
1327 10 14 2 6 5 3 4 0 1 2 191 80
1328 9 0 1 3 5 0 4 216 84
1329 14 12 1 3 5 1 4 116 37
1330 9 8 2 4 0 4 5 3 81 59
1331 10 0 1 5 1 3 0 2 4 120 36
1332 9 0 1 4 3 2 5 0 180 82
1333 11 14 2 3 4 5 0 115 43
1334 16 2 2 6 3 2 4 1 5 0 74 55
1335 9 5 4 5 1 0 3 2 4 89 34
1336 10 5 4 4 1 2 0 4 256 42
1337 1 16 2 4 3 5 2 4 23 65
1338 14 2 2 4 5 2 0 4 110 35
1339 9 3 3 3 3 5 0 87 59
1340 1 16 2 6 3 2 4 0 1 5 55 89
1341 10 14 3 3 5 2 3 93 64
1342 11 8 4 3 0 2 3 93 98
1343 14 0 3 5 1 3 4 0 2 87 90
1344 11 5 2 3 3 0 4 166 51
1345 1 0 3 3 1 4 3 96 89
1346 9 3 2 3 2 0 4 49 23
1347 14 8 1 6 1 3 4 0 2 5 144 14
1348 11 0 2 4 0 3 2 5 11 66
1349 3 16 2 4 4 2 1 3 72 33
1350 11 2 4 6 3 4 2 5 1 0 79 28
1351 11 3 2 6 1 4 5 3 2 0 116 61
1352 10 6 3 4 2 5 3 0 94 90
1353 7 5 8 4 1 3 2 4 155 95
1354 6 8 8 5 2 4 0 1 5 177 50
1355 7 12 2 3 0 3 4 112 36
1356 11 12 2 3 4 1 5 61 83
1357 6 14 4 5 5 0 4 1 3 286 50
1358 9 8 2 4 4 0 5 3 108 32
1359 9 2 4 6 4 1 0 5 2 3 50 72
1360 6 14 3 4 0 1 3 5 302 76
1361 1 14 2 3 1 2 4 119 68
1362 3 6 2 5 4 3 1 2 0 38 15
1363 14 8 3 4 3 2 5 0 132 51
1364 1 8 2 5 4 1 0 3 5 226 81
1365 16 2 2 6 3 2 4 1 5 0 74 55
1366 16 8 1 6 4 5 1 0 3 2 32 98
1367 16 6 7 4 2 5 3 0 141 16
1368 9 5 2 4 5 4 1 3 73 76
1369 6 2 3 6 0 3 1 5 4 2 100 49
1370 1 0 3 4 4 1 3 5 50 62
1371 6 14 2 4 0 3 2 1 217 81
69
1372 1 2 1 6 4 1 2 5 3 0 134 49
1373 7 5 1 5 4 5 2 3 0 228 52
1374 1 6 1 5 0 4 5 2 3 161 63
1375 6 2 1 3 3 5 4 137 52
1376 7 5 1 4 1 3 2 4 155 95
1377 3 5 2 3 5 1 4 103 95
1378 14 0 1 3 1 4 5 171 45
1379 14 0 2 6 5 0 4 3 2 1 181 66
1380 14 5 3 6 4 1 2 5 0 3 309 21
1381 11 12 1 4 1 2 3 0 35 16
1382 1 12 2 5 4 5 3 2 0 82 29
1383 16 2 2 5 5 1 4 2 0 130 24
1384 1 3 4 4 4 5 1 0 51 71
1385 14 12 1 5 0 4 1 3 2 90 20
1386 6 2 2 6 0 3 1 5 4 2 100 49
1387 1 14 1 5 3 0 2 5 4 147 43
1388 16 2 3 6 3 5 4 2 1 0 25 21
1389 7 3 1 5 3 1 2 4 0 84 75
1390 11 5 1 6 3 5 1 4 0 2 105 58
1391 11 3 1 5 0 2 5 4 3 351 32
1392 1 3 2 5 5 4 2 0 1 322 96
1393 7 3 2 3 1 0 2 68 42
1394 1 12 3 4 1 2 4 3 11 67
1395 10 6 2 4 4 5 1 0 209 63
1396 14 5 5 4 5 0 2 3 170 67
1397 7 3 3 3 2 1 0 114 17
1398 10 0 2 3 0 1 5 43 21
1399 3 16 2 4 3 4 2 0 44 76
1400 1 8 2 6 0 4 5 2 3 1 90 79
1401 3 14 1 3 3 5 1 110 89
1402 9 2 2 6 4 3 1 5 0 2 65 82
1403 11 8 1 4 4 3 5 2 194 78
1404 14 8 1 3 2 3 0 113 14
1405 16 12 4 6 1 2 3 5 0 4 94 90
1406 6 14 1 5 5 3 2 0 1 110 77
1407 7 6 2 3 4 5 1 37 10
1408 10 14 3 4 1 0 2 4 152 62
1409 1 12 1 3 0 2 1 94 84
1410 10 5 2 4 1 3 5 0 110 83
1411 16 8 2 3 2 3 5 73 82
1412 11 14 2 5 1 4 0 2 5 181 63
1413 14 0 1 5 2 5 3 1 4 72 85
1414 14 16 2 3 3 4 1 129 23
1415 7 16 3 6 1 3 0 4 5 2 111 76
1416 1 14 2 6 0 1 4 5 2 3 88 79
1417 7 12 2 3 3 5 2 38 99
1418 6 5 1 4 4 3 0 2 49 16
1419 16 14 8 3 2 0 3 109 46
1420 14 0 3 6 5 0 4 3 2 1 181 66
1421 16 2 3 6 3 2 4 1 5 0 74 55
1422 7 6 1 4 3 4 5 2 162 95
1423 10 3 2 4 2 1 4 3 100 61
1424 11 5 1 4 2 1 4 3 207 53
1425 3 14 4 5 0 1 4 5 2 125 48
1426 9 8 6 4 3 5 2 0 69 27
1427 1 6 4 4 2 0 5 4 87 29
1428 9 6 1 3 1 0 5 59 99
1429 11 6 3 3 2 4 1 64 97
1430 11 0 3 4 4 3 0 1 175 53
1431 6 3 5 4 2 1 4 0 55 59
1432 10 0 6 4 1 2 3 5 147 79
1433 6 14 3 5 2 4 1 5 3 105 72
1434 3 12 5 5 2 1 0 3 4 87 13
1435 16 12 2 6 1 2 3 5 0 4 94 90
1436 7 6 2 6 3 4 5 1 2 0 100 86
1437 14 3 2 6 2 4 5 3 0 1 198 35
1438 14 8 2 6 5 4 0 1 3 2 240 84
1439 14 0 2 6 3 0 1 2 4 5 47 45
1440 16 5 7 5 3 5 4 0 2 176 55
61
1441 11 0 1 3 3 0 5 139 81
1442 10 5 1 5 1 3 4 5 2 83 63
1443 10 5 2 4 0 3 1 2 301 86
1444 1 12 2 6 0 5 1 2 3 4 78 57
1445 14 12 3 6 1 0 4 5 3 2 51 26
1446 3 5 7 3 1 2 0 99 52
1447 9 8 1 3 0 4 5 50 67
1448 6 2 2 4 5 2 0 4 43 61
1449 10 16 1 3 1 5 0 91 18
1450 14 16 1 4 2 1 3 0 200 20
1451 16 5 1 5 1 3 2 0 5 59 35
1452 10 8 1 4 4 3 2 5 123 83
1453 11 5 1 4 2 1 4 3 207 53
1454 6 16 1 5 2 1 4 0 5 29 99
1455 6 3 2 4 2 1 4 0 55 59
1456 16 14 3 5 1 3 5 0 4 73 13
1457 7 2 4 5 3 5 4 0 2 154 76
1458 7 3 1 6 5 1 4 3 2 0 22 56
1459 11 12 2 4 1 2 3 0 35 16
1460 11 6 2 4 3 2 1 0 41 13
1461 7 8 2 3 4 1 0 63 26
1462 14 16 2 6 3 5 4 2 1 0 112 62
1463 7 6 2 4 1 5 2 0 238 16
1464 16 12 4 5 4 3 1 2 5 86 51
1465 3 5 2 5 4 5 0 1 3 87 62
1466 10 14 1 3 0 2 3 92 15
1467 16 2 2 6 4 3 1 5 0 2 27 35
1468 9 14 3 5 0 4 3 2 1 189 38
1469 3 5 2 3 1 2 0 99 52
1470 7 12 3 3 2 4 3 92 34
1471 7 6 3 5 3 0 1 4 5 79 23
1472 11 16 2 4 1 0 4 5 139 99
1473 16 3 1 3 2 3 0 45 20
1474 9 16 1 3 1 5 2 92 58
1475 11 8 2 3 4 3 2 218 90
1476 1 12 2 4 2 5 0 1 58 52
1477 6 3 3 3 5 4 1 257 54
1478 14 3 2 3 4 1 0 136 97
1479 6 2 1 3 5 0 2 73 22
1480 9 12 2 5 0 5 2 4 3 62 42
1481 7 6 5 5 0 3 5 1 4 183 16
1482 16 12 2 6 5 3 4 0 1 2 36 80
1483 11 14 3 3 2 0 1 70 25
1484 1 0 3 4 2 3 1 4 124 47
1485 11 16 4 5 2 3 1 4 0 56 22
1486 3 5 2 5 4 5 0 1 3 87 62
1487 1 3 2 3 4 2 0 55 63
1488 6 16 3 6 3 5 0 4 2 1 83 59
1489 7 6 1 4 3 4 5 2 162 95
1490 3 14 2 3 3 5 1 110 89
1491 7 14 5 3 3 1 5 57 48
1492 3 5 2 4 4 3 2 0 156 57
1493 1 8 2 5 1 2 3 0 4 155 46
1494 3 16 2 6 2 3 5 4 0 1 24 82
1495 11 12 5 4 3 5 2 1 87 46
1496 16 3 3 4 5 3 0 2 116 76
1497 14 0 2 6 5 0 4 3 2 1 181 66
1498 10 0 2 4 5 3 2 4 58 85
1499 9 8 2 6 4 5 0 3 2 1 126 69
1500 14 2 2 3 5 1 4 143 56
1501 16 14 2 5 1 3 5 0 4 73 13
64
1502 3 14 2 6 2 0 3 1 4 5 82 92
1503 11 3 7 4 1 2 0 4 191 97
1504 11 8 1 3 0 2 3 93 98
1505 6 8 1 3 1 5 2 136 77
1506 9 12 5 5 0 5 2 4 3 62 42
1507 6 5 5 6 2 4 5 1 0 3 171 82
1508 9 3 1 6 1 4 2 3 5 0 26 53
1509 9 8 1 6 5 0 1 3 4 2 124 78
1510 11 8 6 6 3 0 5 2 4 1 237 55
1511 1 3 2 6 4 3 0 5 1 2 355 36
1512 6 0 1 5 1 2 4 0 5 63 26
1513 7 2 2 3 5 4 2 113 82
1514 14 2 3 4 2 3 1 5 152 63
1515 11 0 1 3 2 4 0 28 71
1516 3 5 2 3 1 4 2 61 89
1517 9 14 2 5 2 1 0 3 5 93 29
1518 16 8 4 5 1 2 0 5 3 89 97
1519 9 5 6 3 5 0 3 75 79
1520 14 3 1 6 0 3 1 2 5 4 150 19
1521 11 3 1 3 0 2 3 11 58
1522 1 16 1 6 0 1 3 2 4 5 84 85
1523 14 0 3 4 0 4 3 5 141 79
1524 11 8 1 3 2 5 3 236 56
1525 6 5 3 3 0 2 4 183 64
1526 10 3 2 4 1 0 2 4 118 57
1527 10 14 3 4 5 4 0 2 100 95
1528 3 8 2 5 0 1 5 2 3 261 72
1529 16 12 2 6 1 2 3 5 0 4 71 22
1530 10 0 4 5 1 4 2 5 0 201 49
1531 6 3 3 6 3 4 2 0 1 5 64 58
1532 10 3 2 3 0 3 1 178 34
1533 7 5 2 4 1 3 2 4 155 95
1534 3 16 2 4 4 2 1 3 72 33
1535 11 2 1 6 0 4 3 1 5 2 117 91
1536 6 14 9 6 3 0 1 5 4 2 134 21
1537 9 6 1 3 1 3 4 70 60
1538 10 0 1 6 0 1 2 4 3 5 188 28
1539 7 0 2 6 3 5 4 2 0 1 143 90
1540 16 3 3 4 2 1 3 4 80 88
1541 7 3 3 6 3 1 4 5 2 0 215 77
1542 10 12 6 3 2 1 0 41 46
1543 16 2 3 4 0 5 2 1 119 45
1544 11 6 3 6 1 3 5 2 0 4 125 98
1545 1 6 2 3 1 0 2 161 98
1546 1 16 1 5 4 2 5 0 3 58 40
1547 14 0 2 3 3 2 4 114 28
1548 14 0 3 6 1 4 2 3 0 5 119 37
1549 3 14 2 3 4 5 0 107 19
1550 1 5 1 6 3 1 4 5 2 0 130 37
1551 11 6 3 3 1 2 4 146 90
1552 7 3 1 5 0 1 3 5 2 55 40
1553 9 6 2 3 2 4 0 45 32
1554 16 0 5 5 0 2 3 5 4 133 95
1555 16 6 2 6 2 4 5 0 3 1 150 33
1556 7 2 3 3 5 1 2 161 15
1557 10 16 3 6 2 3 0 5 4 1 77 92
1558 11 6 2 6 1 3 5 2 0 4 125 98
1559 3 14 6 3 3 2 5 120 76
1560 6 0 5 3 3 5 0 111 74
1561 16 0 4 4 3 5 1 4 142 67
1562 9 14 2 6 5 1 2 3 0 4 117 28
1563 3 6 2 5 4 3 1 2 0 38 15
1564 10 16 3 5 3 2 4 5 1 218 87
1565 3 14 3 5 5 3 1 4 2 180 53
70
1566 6 5 2 4 4 3 1 2 177 41
1567 11 16 1 5 2 3 1 4 0 56 22
1568 1 14 2 3 1 0 2 102 13
1569 6 0 2 6 2 4 3 5 1 0 31 64
1570 11 14 3 6 3 4 0 5 2 1 223 23
1571 1 5 2 6 0 2 1 3 4 5 226 53
1572 14 2 3 4 5 1 0 2 146 45
1573 16 8 1 4 3 5 4 0 47 11
1574 9 8 2 4 0 4 5 3 81 59
1575 7 6 1 6 3 1 0 4 5 2 63 39
1576 16 12 2 4 5 2 3 4 30 18
1577 14 5 3 4 0 5 3 2 123 73
1578 10 5 3 5 1 3 4 5 2 83 63
1579 10 14 2 4 1 0 2 4 152 62
1580 14 3 1 5 2 5 3 0 1 138 49
1581 6 14 2 5 2 1 3 5 4 106 11
1582 1 8 2 6 4 3 1 2 0 5 168 16
1583 14 12 2 5 2 1 3 5 0 114 48
1584 1 2 1 4 0 1 4 5 137 40
1585 9 6 2 4 1 5 3 4 107 26
1586 7 16 1 4 1 5 0 2 150 12
1587 1 14 2 3 1 4 5 163 70
1588 3 12 1 4 5 3 1 2 29 61
1589 11 12 2 3 0 2 4 26 82
1590 7 2 3 6 2 0 4 5 1 3 149 22
1591 10 12 1 5 2 0 5 4 3 54 57
1592 1 5 2 4 3 5 2 0 111 18
1593 16 12 2 6 1 2 3 5 0 4 71 22
1594 10 6 4 5 4 0 2 3 5 120 45
1595 9 5 6 5 4 3 2 5 1 53 17
1596 7 6 2 5 1 3 0 5 2 64 70
1597 9 5 2 5 2 3 4 5 1 103 77
1598 3 12 2 4 0 1 3 5 70 94
1599 9 2 3 4 2 4 0 1 128 93
1600 14 0 2 3 1 0 2 55 67
1601 1 5 2 6 3 1 5 4 0 2 123 13
1602 9 8 3 4 0 4 5 3 81 59
1603 14 2 2 6 2 3 4 5 1 0 93 56
1604 7 3 6 4 1 2 0 5 143 17
1605 11 5 1 5 3 1 4 5 0 102 53
1606 14 0 1 5 3 0 4 5 2 76 26
1607 9 2 2 6 4 5 3 1 2 0 49 72
1608 10 2 3 6 2 5 3 0 1 4 197 87
1609 14 0 2 6 3 0 1 2 4 5 47 45
1610 7 16 2 6 3 0 4 2 5 1 126 74
1611 3 2 3 4 0 1 4 5 229 78
1612 11 16 4 5 4 3 1 2 5 35 30
1613 10 6 2 6 5 2 1 4 3 0 175 21
1614 16 5 1 3 1 2 0 134 74
1615 3 8 1 5 5 4 1 2 0 374 23
1616 16 14 2 3 3 5 2 76 12
1617 7 14 4 3 2 4 5 229 38
1618 14 6 1 4 1 4 2 0 217 74
1619 10 0 2 4 5 3 2 4 58 85
1620 1 14 2 4 0 5 3 2 69 24
1621 16 12 5 3 1 3 2 63 43
1622 9 3 2 3 4 5 2 48 99
1623 16 14 1 5 4 3 5 1 2 137 59
1624 14 6 3 6 0 2 1 4 3 5 148 78
1625 10 12 1 3 2 3 0 54 61
1626 11 3 2 4 1 5 4 3 22 94
1627 1 5 2 6 2 3 5 0 1 4 146 64
1628 3 8 2 5 0 1 5 2 3 261 72
1629 10 0 1 3 4 0 1 152 45
1630 9 5 6 6 0 4 1 2 5 3 61 55
1631 16 5 3 6 1 5 2 4 0 3 103 53
1632 16 3 2 6 5 1 3 0 2 4 86 84
1633 11 16 3 5 3 2 1 0 5 119 93
1634 16 0 2 4 0 5 3 2 182 15
1635 3 0 2 3 0 3 4 116 60
0
0
0
0
0
0
0
0
