749
30
28
0 13 4 3 3 2 4 1 325 76
1 3 13 1 6 3 5 4 0 1 2 94 99
2 3 6 1 6 0 4 2 5 3 1 225 68
3 10 5 1 4 2 1 4 3 12 44
4 9 4 5 6 5 2 3 0 4 1 81 22
5 3 10 3 4 5 4 3 0 201 71
6 1 13 1 5 1 4 3 2 0 215 68
7 9 2 2 5 2 3 0 4 1 85 58
8 9 7 1 6 2 4 5 1 3 0 132 96
9 6 12 2 4 2 1 4 3 48 26
10 6 10 2 6 3 2 0 4 1 5 133 99
11 12 10 1 4 4 0 5 3 126 19
12 2 12 3 6 1 4 5 3 0 2 84 34
13 9 10 2 5 5 4 3 0 1 107 47
14 9 4 1 5 5 0 4 3 1 29 90
15 13 7 2 3 4 1 2 93 40
16 10 6 2 6 3 4 0 2 5 1 55 69
17 3 6 2 3 3 1 0 90 24
18 2 13 4 4 5 0 4 2 153 62
19 10 12 2 6 1 3 4 0 2 5 60 62
20 10 2 3 5 4 1 0 3 5 188 93
21 3 2 4 5 4 0 2 3 1 111 42
22 2 10 6 3 5 1 2 194 23
23 0 13 3 4 2 5 0 4 252 62
24 12 6 4 6 4 5 2 3 0 1 84 41
25 0 7 4 5 0 3 5 1 4 154 78
26 6 9 2 3 1 0 3 198 95
27 0 13 3 5 2 0 4 5 3 255 84
38
28 10 12 2 4 2 4 5 1 79 38
29 13 2 2 3 3 1 4 18 61
30 0 7 1 3 2 0 4 197 57
31 13 6 1 5 3 2 4 0 5 183 53
32 0 2 1 5 2 3 0 4 5 161 66
33 12 10 1 4 1 4 5 3 123 87
34 9 12 1 6 2 1 0 3 4 5 122 41
35 2 7 2 3 1 5 3 41 53
36 1 13 2 6 4 1 3 0 2 5 218 89
37 13 5 3 3 3 1 5 276 52
38 1 10 1 4 2 5 3 1 316 19
39 13 10 2 4 0 2 3 1 78 72
40 12 13 1 6 3 0 4 5 2 1 126 35
41 9 10 2 3 0 3 1 149 92
42 13 4 2 6 3 1 2 5 4 0 76 13
43 0 13 2 4 1 4 0 5 26 65
44 2 10 3 4 3 4 2 1 173 77
45 3 4 3 4 3 2 1 5 66 89
46 2 7 3 4 5 3 4 1 240 72
47 1 12 1 5 2 0 3 1 5 72 53
48 6 13 2 4 3 0 2 1 129 40
49 13 7 2 6 0 4 2 5 1 3 150 35
50 12 10 2 4 5 3 4 2 128 60
51 3 13 4 6 1 3 2 0 5 4 124 78
52 13 7 2 5 0 5 1 4 2 188 31
53 1 9 3 3 4 2 5 165 47
54 3 6 4 3 0 3 1 164 98
55 3 2 2 3 2 1 3 63 12
56 0 13 2 4 1 4 3 2 217 40
57 1 4 7 6 3 2 0 1 5 4 167 74
58 10 7 2 5 2 0 1 4 5 198 38
59 10 12 3 5 0 5 2 1 3 24 47
60 2 9 2 3 0 5 3 50 40
61 9 7 2 4 5 4 2 0 121 47
62 0 7 3 6 2 4 5 1 0 3 165 48
63 6 5 2 3 5 1 2 201 39
64 0 7 2 5 4 0 3 5 2 157 56
65 2 13 6 5 5 4 1 2 3 88 76
30
66 12 2 3 5 1 3 2 4 5 92 11
67 0 2 1 6 2 0 3 1 5 4 150 55
68 10 13 4 5 2 4 1 3 0 304 65
69 0 10 1 6 4 0 3 1 5 2 46 89
70 0 4 1 4 3 2 0 1 117 68
71 1 9 4 6 2 4 5 3 1 0 212 58
72 1 9 4 6 1 5 4 3 2 0 141 36
73 3 2 1 3 1 4 0 86 15
74 0 10 1 3 1 3 4 167 44
75 1 4 5 5 2 4 3 1 5 130 69
76 12 13 2 6 2 4 5 1 0 3 207 16
77 10 6 2 3 2 5 3 40 58
78 12 6 4 6 1 2 0 3 5 4 83 99
79 0 7 1 6 5 1 4 3 2 0 216 93
80 12 7 5 3 5 4 0 89 90
81 6 5 2 5 3 2 5 0 4 57 86
82 10 4 4 3 2 0 4 367 23
83 10 6 1 5 1 0 4 3 2 204 48
84 1 12 7 6 2 3 5 1 0 4 69 93
85 12 10 3 3 0 3 2 122 69
86 2 6 4 4 4 3 2 1 227 74
87 6 7 2 6 4 2 1 0 3 5 320 44
88 12 6 3 6 0 2 4 5 3 1 135 21
89 2 7 2 3 1 5 3 41 53
90 2 12 5 6 2 5 1 4 0 3 37 85
91 9 10 2 6 1 0 4 3 2 5 123 76
92 12 9 1 6 4 0 1 2 3 5 136 46
93 2 4 3 3 3 4 2 115 25
94 2 6 4 5 0 1 4 3 5 172 37
95 9 4 2 6 2 0 1 5 4 3 31 24
35
96 0 9 5 3 5 4 1 66 55
97 10 13 5 3 2 5 3 47 35
98 1 7 5 5 1 4 5 0 3 153 26
99 12 7 3 5 2 4 5 3 1 31 40
100 2 13 1 4 1 4 0 2 173 71
101 2 13 2 5 4 3 2 5 1 108 47
102 6 12 2 5 3 2 5 1 0 171 53
103 12 7 2 5 2 3 5 1 0 88 86
104 10 9 1 4 5 3 2 0 210 41
105 9 5 1 4 4 1 5 3 103 30
106 1 12 1 5 4 0 5 3 2 65 94
107 1 9 3 3 1 5 4 190 46
108 1 2 2 4 1 4 0 3 321 98
109 13 10 1 6 1 2 0 5 4 3 152 56
110 2 9 1 4 5 4 2 0 132 11
111 13 5 2 5 1 0 3 4 5 237 73
112 0 6 1 6 2 0 4 1 3 5 188 68
113 12 2 1 6 3 5 1 4 2 0 117 17
114 12 7 1 6 4 0 1 5 3 2 104 27
115 2 10 2 3 0 5 4 15 61
116 12 7 1 6 1 2 5 4 3 0 75 36
117 10 4 2 5 1 5 4 2 3 79 19
118 1 13 3 3 4 1 5 111 71
119 12 10 2 5 5 1 0 2 4 39 71
120 2 4 3 3 4 1 0 122 28
121 12 4 2 4 0 4 5 1 113 51
122 1 7 3 6 4 0 3 1 2 5 132 63
123 0 5 2 3 4 5 2 129 94
124 6 7 2 3 1 2 3 178 29
125 12 6 3 6 4 3 0 2 5 1 95 98
126 3 9 2 6 4 1 0 2 5 3 94 68
127 9 4 4 4 4 3 5 1 77 76
128 13 4 2 6 2 1 3 5 4 0 351 53
129 6 5 2 6 0 4 3 5 2 1 96 75
130 3 2 2 4 5 3 0 2 306 98
26
131 3 7 1 5 4 0 3 2 5 189 99
132 6 12 5 3 0 4 3 78 40
133 12 4 3 3 4 5 0 74 11
134 13 12 1 4 1 0 5 3 98 87
135 3 6 4 3 3 2 4 247 47
136 3 2 1 6 5 3 4 2 1 0 164 92
137 6 9 4 5 4 5 3 0 1 137 89
138 3 13 3 6 2 5 4 0 3 1 90 83
139 13 5 2 5 1 0 3 4 5 237 73
140 12 6 1 5 3 4 2 5 1 94 43
141 1 12 3 4 3 1 5 4 26 36
142 13 4 3 5 5 3 2 4 0 289 76
143 0 9 1 5 3 2 1 0 4 133 72
144 10 2 1 5 4 2 5 3 1 239 56
145 13 10 3 6 3 5 4 0 2 1 192 71
146 3 13 2 3 5 4 1 161 69
147 2 13 5 6 2 3 4 5 1 0 191 44
148 3 4 2 6 5 1 4 0 2 3 238 53
149 12 10 2 4 5 1 0 2 142 93
150 0 2 1 5 1 3 2 0 5 72 27
151 13 10 2 4 4 3 5 2 90 90
152 6 9 3 3 1 3 5 106 40
153 3 13 2 3 0 2 3 246 38
154 3 4 2 5 4 1 0 3 2 77 57
155 0 7 2 3 2 0 4 197 57
156 10 12 2 5 2 0 1 4 5 115 10
23
157 3 12 1 5 0 3 2 1 4 72 78
158 6 13 1 4 2 0 5 1 56 98
159 13 12 3 4 5 1 4 3 66 98
160 3 5 4 4 5 2 1 3 219 46
161 10 12 3 6 1 3 4 0 2 5 60 62
162 10 13 1 6 0 3 4 1 5 2 209 97
163 1 12 5 4 0 2 3 4 116 39
164 9 10 1 6 0 5 3 2 4 1 120 78
165 2 12 1 6 4 2 0 1 5 3 113 90
166 1 10 2 6 1 0 4 3 5 2 109 96
167 12 6 2 3 0 2 3 101 81
168 2 4 3 6 0 3 5 1 2 4 245 90
169 3 12 5 5 2 4 5 3 1 84 20
170 0 4 5 3 2 4 0 245 41
171 0 13 3 4 1 2 0 3 34 40
172 9 12 2 3 1 4 3 85 100
173 13 6 3 5 5 1 2 3 4 312 30
174 9 7 3 4 1 2 4 5 83 37
175 1 4 2 3 0 3 5 174 79
176 1 13 3 6 3 1 0 4 5 2 156 65
177 3 7 2 3 0 5 3 178 61
178 2 9 1 4 1 3 2 5 117 66
179 6 5 2 6 4 5 3 0 2 1 82 80
32
180 6 5 1 4 0 3 5 1 327 24
181 13 7 3 6 4 1 2 5 0 3 190 80
182 10 9 6 4 3 2 1 0 155 94
183 12 5 2 6 4 2 3 0 1 5 144 32
184 13 7 2 3 5 1 2 206 100
185 1 9 1 3 5 1 2 146 61
186 3 12 2 3 0 3 2 79 60
187 9 4 2 5 0 2 4 3 1 90 84
188 3 7 3 3 4 5 3 139 15
189 13 5 2 3 5 4 3 234 63
190 6 13 1 3 5 2 3 149 27
191 10 7 1 3 1 3 2 233 96
192 6 13 1 6 0 1 3 4 5 2 137 59
193 2 9 3 4 2 3 4 5 102 51
194 1 9 2 6 4 1 0 2 5 3 74 92
195 1 12 1 5 3 1 2 5 0 73 93
196 1 9 2 3 2 0 1 105 51
197 0 13 2 4 3 5 0 1 127 65
198 13 7 2 3 2 5 3 205 46
199 9 7 2 6 3 4 1 2 0 5 61 96
200 1 7 4 3 5 3 1 50 18
201 0 10 1 5 0 3 2 4 5 55 89
202 1 2 2 5 5 2 3 1 4 226 23
203 1 12 5 4 3 1 5 4 26 36
204 0 2 2 4 5 2 0 1 87 73
205 12 2 5 6 1 3 5 0 4 2 34 45
206 10 13 4 4 0 5 1 3 292 26
207 10 13 7 3 1 4 0 244 70
208 0 5 3 5 2 4 1 0 5 117 94
209 0 2 4 3 2 4 3 162 61
210 9 7 2 5 2 4 3 5 0 51 95
211 0 7 3 3 3 2 0 210 14
31
212 1 6 1 3 0 1 2 111 100
213 2 12 4 6 1 4 5 3 0 2 84 34
214 6 5 2 6 0 4 3 5 2 1 96 75
215 12 10 2 3 4 5 3 111 29
216 13 12 1 3 0 1 5 158 92
217 0 6 2 3 4 0 1 140 98
218 6 13 1 6 4 5 0 3 2 1 196 26
219 9 4 2 5 5 0 4 3 1 29 90
220 1 12 3 6 1 2 4 3 0 5 46 63
221 6 4 1 3 0 4 5 14 43
222 10 13 1 4 3 5 4 0 253 49
223 6 10 2 3 1 4 2 191 62
224 12 7 1 5 2 3 5 1 0 88 86
225 13 5 1 6 5 0 3 4 1 2 220 69
226 10 7 1 5 2 0 1 4 5 198 38
227 1 4 1 3 0 3 5 174 79
228 10 7 2 5 1 4 3 2 0 53 38
229 0 4 4 4 2 5 0 4 25 60
230 13 5 1 3 3 4 1 221 68
231 13 2 4 6 2 0 1 3 4 5 281 55
232 0 2 2 6 3 2 4 1 0 5 224 30
233 3 9 2 4 4 1 3 5 96 10
234 0 12 2 5 0 2 4 1 5 84 83
235 3 7 2 3 4 5 3 139 15
236 3 4 3 6 1 5 3 4 2 0 327 31
237 3 13 2 6 0 5 1 3 2 4 203 98
238 13 9 1 3 5 4 1 99 16
239 3 2 5 3 2 1 3 63 12
240 1 9 2 6 2 0 1 5 4 3 141 25
241 2 6 3 4 1 2 4 5 293 22
242 2 10 2 3 0 5 4 15 61
30
243 3 9 1 6 4 2 1 0 5 3 209 13
244 0 2 1 6 1 2 5 0 4 3 216 94
245 12 6 2 5 1 3 4 5 2 104 61
246 12 2 1 5 5 1 0 3 4 58 66
247 0 9 1 6 2 1 4 0 5 3 216 63
248 6 12 2 4 2 1 4 3 48 26
249 2 5 2 4 5 4 2 1 111 24
250 9 13 2 6 3 0 1 4 5 2 140 21
251 3 6 2 4 3 0 5 2 200 51
252 2 13 4 4 5 0 4 2 153 62
253 1 2 2 6 3 5 2 0 1 4 228 15
254 0 10 3 6 4 0 3 1 5 2 46 89
255 13 4 1 6 3 1 2 5 4 0 76 13
256 0 7 2 4 5 3 0 2 35 45
257 2 4 2 5 3 2 5 0 1 32 60
258 13 5 1 4 1 3 0 2 181 64
259 6 10 1 5 2 1 3 5 4 130 41
260 6 12 4 4 2 1 3 5 69 68
261 10 13 3 5 0 3 1 4 5 148 85
262 9 7 2 6 4 1 3 2 5 0 115 85
263 0 9 3 3 5 1 4 32 11
264 2 12 3 5 1 3 2 4 0 174 89
265 3 5 4 5 1 0 2 4 5 45 60
266 10 4 3 5 3 5 2 0 1 194 42
267 6 10 2 5 1 3 5 0 4 267 74
268 6 7 9 3 3 4 5 224 89
269 10 4 7 5 2 5 4 0 3 194 86
270 13 7 2 5 1 2 3 4 5 166 79
271 0 4 2 3 4 5 0 244 65
272 0 6 2 4 1 2 3 0 190 63
36
273 1 13 2 6 5 2 3 4 0 1 152 95
274 10 7 1 4 3 0 5 4 205 70
275 6 7 2 5 5 2 1 4 0 82 33
276 9 6 2 3 5 2 4 204 57
277 10 5 2 4 3 4 1 2 436 56
278 1 6 6 4 4 3 1 5 319 98
279 3 9 1 4 1 5 0 2 165 94
280 9 5 3 4 4 5 1 2 82 36
281 1 12 1 4 3 1 5 4 26 36
282 6 5 1 3 4 1 3 148 77
283 3 12 3 5 0 3 2 1 4 72 78
284 13 4 1 3 1 4 3 258 47
285 10 2 1 3 5 2 1 189 68
286 2 4 2 6 1 3 2 4 5 0 322 72
287 10 4 2 3 0 1 2 286 87
288 1 2 2 6 2 0 4 5 1 3 61 22
289 9 10 5 4 1 5 2 4 25 19
290 9 7 3 4 3 4 0 5 110 84
291 1 13 2 6 3 1 0 4 5 2 156 65
292 10 13 2 4 0 5 1 3 292 26
293 0 4 1 6 2 4 3 1 5 0 191 35
294 10 9 3 6 1 4 3 2 0 5 131 31
295 2 7 9 3 4 3 1 111 51
296 0 4 2 6 0 1 3 2 4 5 97 47
297 9 6 1 5 3 2 4 5 0 249 47
298 6 7 3 3 3 4 5 224 89
299 6 12 2 4 2 1 3 5 69 68
300 10 12 4 3 1 3 0 43 32
301 9 2 4 4 5 1 4 2 79 13
302 6 2 5 5 0 5 1 3 2 432 75
303 10 13 1 4 3 4 0 5 341 87
304 1 10 2 4 2 0 3 5 25 47
305 9 7 1 6 4 0 3 2 1 5 65 81
306 6 4 3 4 3 4 0 2 96 54
307 3 12 2 4 5 0 2 3 147 79
308 1 5 2 4 2 1 3 0 159 68
21
309 13 7 3 4 0 2 1 4 199 96
310 1 5 1 4 1 2 3 5 98 29
311 3 13 5 6 1 3 2 0 5 4 124 78
312 2 7 3 3 1 5 3 41 53
313 3 9 1 3 4 1 0 56 53
314 2 4 2 3 5 1 2 337 18
315 0 10 2 4 3 2 5 0 70 20
316 6 13 2 3 5 2 3 149 27
317 1 5 3 4 2 1 3 0 159 68
318 12 6 5 4 3 5 1 2 66 56
319 1 10 2 6 2 0 3 5 4 1 134 10
320 10 6 3 4 0 5 1 2 127 36
321 13 12 1 3 1 3 0 89 57
322 9 10 3 5 0 1 3 2 4 167 39
323 12 9 4 6 4 0 3 5 1 2 165 21
324 3 9 4 4 2 0 3 1 122 49
325 13 7 4 4 4 5 1 2 411 43
326 9 5 3 3 4 5 1 92 15
327 6 12 2 6 2 4 3 1 0 5 68 33
328 6 13 5 3 5 3 2 113 57
329 13 4 2 3 1 0 3 124 15
36
330 1 4 2 3 5 1 0 119 28
331 6 10 1 5 5 3 1 4 0 403 67
332 12 10 2 3 0 2 3 72 87
333 9 5 4 6 1 5 0 2 4 3 195 89
334 2 7 1 4 5 0 4 1 55 43
335 13 6 2 5 3 2 4 0 5 183 53
336 12 9 3 5 2 3 0 1 5 143 54
337 9 7 5 6 2 4 5 1 3 0 132 96
338 13 4 1 6 1 3 5 0 2 4 251 98
339 1 2 4 5 3 5 0 4 2 308 100
340 9 2 2 4 0 5 1 4 70 65
341 2 13 1 4 0 5 4 3 131 27
342 10 6 1 3 1 3 5 169 91
343 0 6 2 4 0 5 2 1 182 39
344 1 7 1 5 1 4 2 0 5 182 37
345 2 4 2 4 4 1 5 0 77 14
346 6 10 5 4 3 4 5 1 291 24
347 3 13 6 6 4 2 3 0 5 1 238 41
348 9 7 1 5 4 1 3 5 0 86 90
349 12 10 1 5 4 5 3 2 1 49 11
350 9 2 1 4 0 5 1 4 70 65
351 6 13 1 4 4 1 3 2 137 31
352 10 12 4 5 0 5 2 1 3 24 47
353 6 9 3 5 3 4 1 5 0 27 27
354 1 9 2 6 1 5 0 4 2 3 214 87
355 9 5 4 5 3 1 2 0 5 120 100
356 0 2 3 5 1 2 3 0 4 202 49
357 6 12 4 6 4 3 1 2 5 0 20 67
358 3 2 4 4 1 5 0 4 223 20
359 9 10 4 6 0 5 3 2 4 1 120 78
360 10 13 3 3 5 0 2 117 53
361 0 4 2 6 2 1 5 3 0 4 157 17
362 10 7 3 4 3 0 5 4 205 70
363 10 6 2 5 4 3 0 2 5 279 64
364 0 10 3 5 1 0 2 4 3 150 97
365 13 10 3 6 0 2 4 1 5 3 282 59
38
366 0 6 1 6 2 0 4 1 3 5 188 68
367 3 10 3 5 1 2 5 0 3 273 82
368 13 7 5 4 0 1 2 4 259 17
369 3 5 1 5 0 1 2 5 4 245 19
370 3 9 2 6 4 2 5 1 3 0 17 86
371 13 12 3 6 3 4 5 1 0 2 166 39
372 9 12 2 3 3 0 4 160 78
373 10 4 1 5 3 5 2 0 1 194 42
374 0 6 1 6 3 0 2 4 5 1 199 13
375 9 13 2 3 2 1 4 162 85
376 12 13 1 3 5 0 4 131 67
377 9 5 1 5 1 5 3 0 2 132 68
378 1 13 1 4 1 2 0 3 106 21
379 3 10 1 5 1 3 0 4 2 139 42
380 3 13 3 3 0 2 3 246 38
381 3 2 9 4 1 5 0 4 223 20
382 1 4 3 5 1 0 3 5 2 116 22
383 9 13 1 6 0 2 4 1 5 3 104 78
384 6 5 3 5 0 5 2 4 1 379 19
385 9 5 1 3 5 2 0 203 34
386 12 10 2 5 4 5 2 1 3 148 42
387 9 6 3 4 3 1 5 0 163 69
388 1 10 2 6 2 0 3 5 4 1 134 10
389 3 10 3 5 1 3 0 5 2 21 14
390 12 6 3 6 1 2 0 3 5 4 83 99
391 2 7 2 3 0 1 2 202 18
392 2 6 3 3 0 2 1 354 18
393 0 12 2 6 1 5 3 4 0 2 234 78
394 1 13 4 5 1 0 5 2 3 133 43
395 10 13 3 5 0 1 4 5 2 141 21
396 6 7 4 3 5 1 4 190 96
397 3 12 2 4 0 1 5 3 58 27
398 10 13 5 5 0 3 1 4 5 148 85
399 6 4 1 3 4 2 5 44 24
400 9 2 2 5 2 3 0 4 1 85 58
401 0 4 2 6 0 1 3 5 4 2 168 29
402 10 9 2 3 1 0 4 169 45
403 13 12 2 6 1 0 3 4 5 2 135 55
34
404 12 13 2 4 4 5 2 1 151 14
405 2 4 2 5 5 1 3 2 0 237 72
406 2 10 8 3 0 5 4 15 61
407 0 13 1 4 1 2 0 3 34 40
408 12 10 1 5 4 5 2 1 3 148 42
409 0 4 4 3 4 2 5 33 12
410 0 10 4 4 0 5 2 1 42 86
411 1 7 2 5 1 4 2 0 5 182 37
412 12 6 2 3 4 0 2 83 94
413 2 6 1 4 1 2 4 5 293 22
414 6 10 3 3 1 4 2 191 62
415 2 13 1 6 3 2 1 4 5 0 96 80
416 0 5 1 3 2 0 5 47 32
417 3 10 1 5 1 3 0 5 2 21 14
418 1 9 1 3 2 0 1 105 51
419 12 6 2 4 4 5 0 2 97 16
420 3 4 5 5 4 1 0 3 2 77 57
421 10 2 2 4 2 1 0 5 31 46
422 2 5 2 6 5 1 0 3 2 4 155 14
423 6 4 2 3 4 2 5 44 24
424 1 7 2 4 2 5 1 3 171 12
425 6 10 2 6 3 2 0 4 1 5 133 99
426 6 12 1 5 2 5 4 1 3 94 47
427 12 2 4 5 5 1 0 3 4 58 66
428 0 4 2 4 1 5 2 4 69 72
429 0 12 2 3 3 0 1 140 99
430 6 9 2 5 0 5 3 1 2 129 11
431 9 2 3 4 5 0 4 1 80 48
432 0 7 3 5 4 0 3 5 2 157 56
433 9 12 2 3 3 0 4 160 78
434 10 9 2 4 3 1 2 4 67 23
435 3 13 1 5 4 1 5 2 0 125 21
436 0 12 3 3 2 4 0 119 30
437 13 7 2 3 4 2 3 320 38
38
438 12 7 6 6 1 2 5 0 4 3 137 46
439 6 7 6 6 3 5 1 2 0 4 101 66
440 12 13 1 6 0 3 1 5 4 2 114 73
441 1 5 1 3 4 2 1 90 85
442 6 5 4 3 3 1 2 130 82
443 9 5 1 5 3 2 1 4 5 98 65
444 10 12 1 3 3 1 2 134 18
445 9 4 2 6 3 5 0 1 4 2 160 40
446 10 2 1 5 1 0 3 5 4 221 75
447 10 4 1 3 5 1 2 178 12
448 2 4 2 6 1 3 5 0 4 2 341 35
449 9 4 2 3 4 1 3 160 96
450 10 4 2 3 5 4 3 53 94
451 6 12 4 4 5 3 1 0 24 73
452 2 7 3 3 4 3 1 111 51
453 10 7 3 5 1 4 3 2 0 53 38
454 9 2 1 5 2 3 0 4 1 85 58
455 2 13 5 5 1 4 5 2 3 270 96
456 1 5 2 4 5 4 3 0 105 97
457 1 7 2 6 1 0 3 4 2 5 127 47
458 0 12 2 4 4 3 0 1 121 89
459 2 7 3 5 3 4 0 2 5 219 75
460 9 13 1 3 3 5 2 45 81
461 6 9 2 3 1 3 5 106 40
462 6 13 3 3 5 2 3 149 27
463 6 10 2 6 2 5 1 3 0 4 418 75
464 6 5 3 6 4 5 3 0 2 1 82 80
465 10 6 2 4 5 1 0 2 52 57
466 2 4 2 4 3 4 2 0 277 42
467 3 6 2 6 5 1 0 3 4 2 125 36
468 2 4 3 4 2 0 5 4 302 36
469 2 5 2 5 3 5 1 0 2 274 29
470 0 6 6 5 2 5 4 0 3 148 28
471 1 13 3 3 2 4 3 95 72
472 9 4 2 6 4 0 1 5 3 2 194 92
473 2 7 2 6 1 2 0 5 3 4 216 93
474 1 9 3 5 1 0 3 5 4 87 53
475 2 6 2 3 2 5 4 372 65
32
476 12 7 2 3 5 4 0 89 90
477 13 9 3 4 3 1 2 5 22 59
478 2 9 2 3 0 4 3 183 12
479 3 6 1 6 2 0 1 4 3 5 102 51
480 13 4 1 3 5 3 0 345 76
481 3 13 2 3 3 5 0 196 21
482 0 5 1 3 2 5 0 210 50
483 6 12 3 3 4 2 1 131 67
484 13 7 7 5 0 5 1 4 2 188 31
485 6 12 2 5 0 2 4 5 1 20 90
486 9 6 2 6 0 2 4 1 3 5 77 64
487 9 7 2 6 2 4 5 1 3 0 132 96
488 9 5 5 5 3 1 2 0 5 120 100
489 2 9 7 4 1 3 0 4 80 32
490 1 7 3 4 1 4 0 5 141 42
491 1 7 2 5 1 4 2 0 5 182 37
492 2 7 3 6 2 4 3 1 0 5 72 25
493 9 7 3 6 4 0 3 2 1 5 65 81
494 2 5 1 5 4 0 1 3 5 190 92
495 0 13 1 4 1 3 5 4 220 98
496 3 7 2 5 1 5 4 3 0 228 26
497 9 2 1 5 5 1 0 4 2 150 43
498 0 5 2 4 1 5 2 0 137 47
499 0 4 3 6 2 4 1 5 3 0 188 94
500 0 12 2 4 1 4 5 3 187 93
501 6 13 4 6 4 5 0 3 2 1 196 26
502 12 5 6 4 5 3 0 2 104 93
503 6 5 2 3 5 1 2 201 39
504 13 2 4 3 2 1 3 21 20
505 13 10 3 6 2 1 5 4 3 0 215 23
506 0 7 3 6 3 5 1 2 4 0 175 45
507 9 10 3 5 0 1 4 5 3 81 78
32
508 13 7 3 4 4 5 1 2 411 43
509 2 9 1 3 0 5 3 50 40
510 3 7 5 5 1 3 4 5 2 96 80
511 0 7 2 6 3 5 1 2 4 0 175 45
512 0 6 1 4 2 5 0 1 98 71
513 6 12 3 6 0 1 3 5 2 4 101 68
514 13 10 1 5 3 1 5 0 2 68 99
515 10 9 2 4 3 5 2 1 146 91
516 6 5 3 4 1 0 3 4 136 89
517 1 9 1 4 2 1 0 4 123 61
518 6 5 1 4 3 2 4 1 246 87
519 2 7 3 5 3 5 1 4 2 166 25
520 10 2 9 3 1 2 4 243 12
521 10 6 1 3 2 1 4 152 98
522 13 2 2 6 0 5 4 3 2 1 217 84
523 10 12 5 5 0 1 2 4 5 143 71
524 2 12 2 3 4 3 2 99 46
525 10 6 3 5 1 0 4 3 2 204 48
526 3 10 1 3 4 1 0 152 47
527 10 9 2 6 0 5 3 4 1 2 77 79
528 10 4 4 5 5 3 2 0 4 134 52
529 9 12 3 6 3 1 4 0 2 5 38 58
530 13 7 2 6 4 0 2 3 1 5 111 28
531 1 9 2 6 4 5 3 0 1 2 54 48
532 2 6 1 4 4 3 2 1 227 74
533 1 2 2 3 4 2 1 389 46
534 6 2 3 3 2 0 5 137 37
535 0 7 2 6 5 1 4 2 0 3 119 96
536 2 6 2 3 3 1 5 107 78
537 9 7 4 6 4 0 3 2 1 5 65 81
538 3 9 2 6 3 2 5 0 4 1 76 85
539 10 2 3 6 3 4 0 5 2 1 239 87
23
540 13 9 2 6 3 2 1 4 5 0 223 91
541 0 2 1 5 2 3 0 4 5 161 66
542 0 4 2 5 5 0 2 1 4 142 36
543 0 10 2 6 3 5 0 1 4 2 216 18
544 10 6 1 4 0 5 1 2 127 36
545 6 5 1 6 1 3 4 0 5 2 275 52
546 1 7 2 4 5 3 0 4 162 16
547 10 5 4 3 1 4 2 143 67
548 2 5 3 3 0 3 2 175 92
549 13 7 3 5 5 4 2 3 1 139 27
550 2 7 2 3 5 3 1 57 13
551 0 2 4 3 3 4 0 136 29
552 0 5 2 3 3 2 5 267 70
553 10 12 4 6 0 4 5 3 2 1 102 40
554 3 12 2 4 2 0 5 1 69 73
555 6 5 2 3 5 1 2 201 39
556 13 12 1 5 5 4 1 0 3 101 22
557 12 9 2 4 1 2 4 3 158 18
558 1 5 2 3 4 3 1 194 42
559 1 7 7 4 2 5 1 3 171 12
560 3 12 3 5 5 1 3 2 0 80 43
561 10 6 6 5 1 0 4 3 2 204 48
562 13 2 4 4 4 1 2 0 254 49
35
563 10 4 1 6 0 1 5 2 3 4 100 89
564 1 6 4 6 4 1 2 0 5 3 136 11
565 13 4 1 5 5 4 1 3 2 306 80
566 2 9 2 4 0 5 3 1 187 96
567 12 6 1 5 1 5 2 0 4 95 13
568 9 13 2 6 3 0 1 4 5 2 140 21
569 6 5 3 5 0 5 2 4 1 379 19
570 9 12 1 4 0 5 3 1 126 11
571 2 10 1 4 2 4 1 0 229 89
572 9 5 1 5 1 5 3 0 2 132 68
573 12 9 1 4 2 1 0 4 127 13
574 10 6 3 5 4 3 0 2 5 279 64
575 2 5 2 6 5 2 1 0 3 4 285 13
576 9 12 5 6 2 1 0 3 4 5 122 41
577 1 13 1 5 1 0 5 2 3 133 43
578 2 4 9 6 0 3 5 1 2 4 245 90
579 12 5 3 3 2 0 4 84 66
580 1 4 4 3 0 3 5 174 79
581 0 9 3 5 5 3 1 2 4 132 10
582 13 5 1 3 1 5 3 15 21
583 9 13 2 4 3 2 0 5 128 52
584 10 13 2 3 2 5 4 138 44
585 10 2 2 5 4 1 0 3 5 188 93
586 2 7 3 5 1 5 4 2 3 284 17
587 2 10 2 4 4 1 3 2 404 36
588 3 6 1 6 0 4 2 5 3 1 225 68
589 1 13 2 3 0 5 3 254 94
590 1 4 2 5 1 0 3 5 2 116 22
591 2 4 2 5 2 3 5 1 0 117 97
592 1 2 2 3 1 2 0 501 39
593 10 5 3 3 1 5 2 193 76
594 9 13 3 5 4 1 5 0 3 140 23
595 3 10 2 6 0 3 4 5 1 2 194 10
596 0 9 2 4 5 4 0 3 225 82
597 2 10 2 6 1 2 4 5 0 3 162 30
28
598 3 10 2 6 0 5 1 4 3 2 123 43
599 13 6 2 4 4 1 3 2 156 97
600 10 4 3 5 2 5 4 0 3 194 86
601 9 4 1 4 0 1 5 4 34 25
602 9 13 1 6 4 1 2 5 0 3 117 88
603 6 10 2 5 5 1 3 2 4 158 65
604 1 9 2 6 1 5 4 3 2 0 141 36
605 12 9 3 5 2 1 5 0 4 130 32
606 3 6 1 5 3 4 2 5 0 214 17
607 1 7 1 4 1 4 0 5 141 42
608 2 4 3 5 3 2 5 0 1 32 60
609 12 7 1 3 5 4 0 89 90
610 3 5 2 3 4 3 5 172 44
611 1 7 2 4 1 4 5 3 78 33
612 0 6 5 5 1 5 0 2 4 71 47
613 10 2 4 6 3 4 0 5 2 1 239 87
614 12 4 2 4 1 4 3 5 50 36
615 1 4 3 3 0 5 1 182 58
616 12 9 2 6 2 4 0 5 3 1 30 77
617 3 7 1 3 0 4 1 29 77
618 12 5 4 3 4 2 3 97 65
619 10 4 2 3 5 4 3 53 94
620 13 6 2 6 3 1 5 4 2 0 140 85
621 0 9 5 5 3 2 1 0 4 133 72
622 6 4 2 5 4 1 2 3 5 286 64
623 6 13 3 5 0 2 1 3 5 115 52
624 13 10 2 5 3 1 5 0 2 68 99
625 12 6 3 6 4 5 2 3 0 1 84 41
26
626 6 12 5 5 2 5 4 1 3 94 47
627 13 7 1 4 5 4 1 2 223 51
628 0 9 1 3 1 3 0 195 63
629 0 7 1 6 5 1 4 2 0 3 119 96
630 6 4 1 3 0 4 5 14 43
631 10 12 2 4 2 3 4 1 130 49
632 9 7 4 6 4 0 3 2 1 5 65 81
633 13 7 2 6 0 5 1 3 4 2 203 44
634 0 13 2 4 5 2 3 1 47 92
635 1 10 3 6 5 0 3 2 1 4 292 72
636 0 4 1 6 2 4 3 1 5 0 191 35
637 10 6 6 4 5 1 0 2 52 57
638 2 7 1 4 5 0 4 1 55 43
639 3 2 1 5 3 1 0 5 2 366 99
640 6 2 2 3 4 5 2 105 33
641 0 13 6 4 2 5 0 4 252 62
642 6 2 1 4 5 0 1 4 115 19
643 2 12 2 6 5 2 3 0 4 1 85 36
644 3 4 2 6 0 3 4 1 2 5 158 53
645 12 2 1 4 0 2 5 4 39 98
646 9 10 2 6 1 0 4 3 2 5 123 76
647 12 10 3 3 0 2 3 72 87
648 12 4 3 4 0 4 5 1 113 51
649 2 13 4 4 1 4 0 2 173 71
650 2 6 2 3 0 2 1 354 18
651 9 5 2 5 3 1 2 0 5 120 100
32
652 13 5 2 6 5 0 3 4 1 2 220 69
653 9 6 3 4 3 0 1 4 102 41
654 13 5 3 5 4 3 0 1 5 82 18
655 1 12 1 5 2 0 3 1 5 72 53
656 9 4 1 3 4 2 3 140 61
657 12 13 6 3 3 4 0 56 78
658 12 2 1 4 0 5 3 1 68 88
659 10 4 2 5 3 5 2 0 1 194 42
660 2 13 1 6 2 3 4 5 1 0 191 44
661 13 6 1 4 4 1 3 2 138 77
662 12 4 1 4 0 3 4 5 110 40
663 3 6 3 4 4 5 1 3 269 29
664 1 9 2 5 5 2 3 1 4 191 73
665 10 2 2 6 1 3 2 5 4 0 97 27
666 1 7 4 5 1 4 5 0 3 153 26
667 3 6 1 3 3 2 4 247 47
668 2 10 3 5 0 1 3 2 4 341 54
669 6 5 2 6 0 2 3 5 1 4 378 32
670 10 9 2 6 1 4 3 2 0 5 131 31
671 2 5 2 4 1 2 5 4 110 33
672 10 5 2 6 5 2 0 3 4 1 443 65
673 12 2 2 4 3 1 4 0 43 30
674 10 7 3 4 2 5 1 3 249 18
675 12 6 4 3 5 2 0 30 60
676 9 6 2 6 0 3 1 2 5 4 45 73
677 9 13 2 5 1 2 4 0 3 150 18
678 2 9 2 3 4 5 0 107 96
679 3 12 2 4 3 5 1 4 95 63
680 2 6 4 3 1 3 0 184 76
681 3 4 2 6 0 3 4 1 2 5 158 53
682 3 6 5 3 3 2 4 247 47
683 1 13 3 3 0 5 3 254 94
31
684 9 7 1 6 3 4 1 2 0 5 61 96
685 6 9 1 3 2 3 0 158 38
686 12 10 1 3 0 2 3 72 87
687 0 5 2 3 0 4 3 198 40
688 0 10 2 6 1 4 2 5 0 3 139 17
689 13 9 1 4 1 2 5 4 200 88
690 0 13 2 3 4 3 5 184 35
691 3 10 4 6 0 5 1 4 3 2 123 43
692 2 10 1 4 2 4 1 0 229 89
693 6 9 1 6 5 4 0 2 3 1 124 89
694 0 13 2 4 1 4 0 5 26 65
695 6 9 2 3 3 4 0 51 10
696 9 4 4 6 4 0 1 5 3 2 194 92
697 9 4 2 6 4 3 0 1 5 2 92 74
698 2 6 7 4 5 0 2 1 100 44
699 12 10 1 4 4 0 5 3 126 19
700 13 5 3 5 2 0 5 3 1 195 97
701 13 4 3 5 5 4 1 3 2 306 80
702 6 10 1 4 0 2 1 3 295 22
703 9 5 1 6 3 5 4 0 1 2 147 39
704 6 10 2 4 3 5 0 1 190 91
705 3 12 3 3 5 4 1 34 20
706 10 6 2 3 1 3 5 169 91
707 1 9 2 3 1 5 4 190 46
708 9 2 2 6 2 5 4 0 1 3 109 82
709 0 4 5 6 3 5 4 1 2 0 250 85
710 1 5 3 5 4 3 1 5 2 110 50
711 13 12 2 6 1 0 4 2 5 3 67 26
712 10 6 2 3 1 3 5 169 91
713 1 9 3 5 5 2 3 1 4 191 73
714 13 5 3 4 4 2 3 0 274 68
34
715 3 5 4 5 1 3 2 5 4 299 69
716 10 13 2 5 3 1 4 0 2 340 14
717 12 2 1 6 3 5 1 4 2 0 117 17
718 1 9 2 6 2 0 1 5 4 3 141 25
719 12 2 1 5 4 3 0 5 1 24 13
720 1 13 1 3 2 1 5 187 98
721 12 6 2 4 5 0 1 2 163 35
722 13 9 1 3 3 5 2 166 75
723 13 5 1 4 0 2 1 5 94 94
724 0 13 1 5 0 4 5 3 2 143 84
725 13 5 1 3 1 5 3 15 21
726 0 6 4 4 2 5 0 1 98 71
727 13 10 1 3 5 0 2 82 29
728 12 4 5 5 2 4 1 0 3 139 11
729 6 4 1 5 1 2 3 0 4 180 65
730 0 5 2 5 4 0 3 2 5 104 32
731 3 9 2 3 4 1 0 56 53
732 12 7 4 3 1 3 5 99 41
733 3 12 1 3 2 1 3 29 80
734 3 4 2 3 4 1 5 87 20
735 0 7 1 3 3 2 0 210 14
736 13 7 2 4 4 5 1 2 411 43
737 12 10 3 4 0 1 3 4 101 36
738 1 6 4 3 4 3 5 225 68
739 6 13 2 5 5 3 0 2 1 285 32
740 0 4 3 6 0 1 3 2 4 5 97 47
741 3 2 2 6 5 3 4 2 1 0 164 92
742 0 7 4 5 4 0 1 3 5 41 84
743 13 7 2 3 4 2 0 213 72
744 10 6 4 3 2 5 3 40 58
745 9 2 2 4 3 4 1 0 108 33
746 3 9 6 4 5 2 4 0 98 24
747 9 12 2 6 4 5 1 0 3 2 110 17
748 9 5 4 4 4 5 1 2 82 36
0
0
0
0
0
0
