2038
34
84
0 13 9 2 5 2 5 1 0 4 65 85
1 9 14 3 5 5 0 3 4 1 59 11
2 2 10 3 6 0 3 2 1 5 4 279 64
3 10 0 1 6 4 2 5 3 1 0 106 54
4 15 7 4 4 2 0 5 4 129 87
5 5 1 1 6 4 0 1 3 2 5 221 39
6 15 9 2 3 0 2 1 87 67
7 6 7 1 4 0 5 1 4 77 69
8 14 1 3 4 1 0 2 5 47 56
9 9 13 1 5 2 1 3 0 5 66 46
10 10 1 3 5 1 3 5 4 2 291 41
11 10 15 2 5 2 3 5 4 1 67 83
12 10 15 1 5 5 3 2 1 0 138 46
13 6 1 2 3 2 5 3 25 38
14 5 7 1 6 5 2 1 0 3 4 184 42
15 2 0 2 6 3 1 4 5 0 2 102 43
16 15 0 2 3 1 0 2 55 52
17 10 0 3 6 3 0 2 1 5 4 85 39
18 15 13 4 4 4 1 0 3 130 61
19 10 15 6 4 3 5 0 1 12 70
20 13 0 5 6 4 3 5 0 2 1 73 54
21 15 14 6 4 3 4 1 2 31 44
22 14 10 1 4 5 2 0 3 107 37
23 9 4 8 4 5 3 1 4 37 47
24 14 4 2 3 0 4 2 165 81
25 13 7 3 4 2 0 1 3 173 78
26 15 7 2 5 1 3 2 5 4 190 86
27 9 13 3 5 5 1 3 2 4 111 46
28 5 14 1 5 1 0 3 4 5 166 33
29 4 9 4 6 3 2 1 4 5 0 84 16
30 13 4 2 4 0 2 3 5 161 82
31 5 13 1 6 1 5 3 4 0 2 197 35
32 14 13 3 4 1 5 3 2 100 97
33 9 14 3 6 0 1 4 5 2 3 132 56
34 15 14 1 3 5 2 0 136 22
35 15 1 1 4 3 2 0 4 109 17
36 6 14 2 4 3 2 1 0 45 22
37 9 0 1 4 2 0 5 4 77 79
38 14 1 1 5 2 1 4 3 5 128 87
39 13 0 2 4 4 3 0 2 142 44
40 9 13 2 5 5 2 3 1 4 159 91
41 6 13 2 5 4 2 5 3 1 137 75
42 15 0 1 6 0 3 5 4 2 1 123 33
43 6 1 1 4 1 2 0 5 203 86
44 5 15 3 5 2 5 4 3 0 107 55
45 13 15 4 5 0 1 4 5 2 118 89
46 13 10 1 5 5 1 0 4 2 124 27
47 6 1 3 3 0 4 5 372 87
48 5 9 1 4 3 1 4 5 24 92
49 5 1 2 5 5 4 0 3 1 188 44
50 5 13 2 5 4 3 5 0 1 163 90
51 14 4 4 3 3 2 0 163 17
52 10 9 3 5 3 4 0 1 2 79 58
53 4 1 9 5 4 0 1 3 2 142 83
54 15 1 2 5 0 1 2 3 4 115 71
55 13 14 2 3 5 0 2 140 19
56 6 1 1 3 3 5 2 199 100
57 5 9 4 3 2 3 1 96 81
58 6 0 5 5 1 4 0 5 2 110 62
59 6 14 2 3 2 5 4 135 17
60 4 14 2 3 0 4 2 54 53
61 13 4 2 5 0 3 4 1 2 31 51
62 13 1 6 4 1 4 5 0 49 27
63 15 13 2 5 2 0 3 1 4 99 53
64 5 14 7 4 0 2 5 3 149 33
65 6 15 1 4 3 2 5 4 84 48
66 6 9 2 4 0 1 4 5 109 99
67 13 0 4 5 5 0 3 4 2 56 90
68 9 14 5 6 4 1 3 2 0 5 30 37
69 6 4 2 4 5 4 2 3 127 95
70 2 14 5 5 4 1 3 0 5 49 52
71 6 7 2 5 4 3 5 2 0 134 48
72 14 15 7 3 4 0 5 158 64
73 5 13 2 3 3 2 0 110 72
74 9 7 2 3 5 3 0 75 97
75 6 9 4 5 3 1 2 5 4 71 99
76 4 1 3 6 1 3 0 4 2 5 105 74
77 4 13 2 6 3 0 5 1 4 2 152 32
78 14 4 3 4 0 1 4 2 122 52
79 15 13 3 4 3 0 4 1 203 84
80 6 14 2 4 4 3 1 2 116 46
81 13 14 2 6 2 1 3 0 5 4 45 50
82 13 4 6 6 4 3 2 0 1 5 158 38
83 10 4 3 5 4 1 2 5 0 71 21
83
84 14 9 2 6 3 2 4 5 0 1 102 35
85 10 15 3 5 2 3 5 4 1 67 83
86 9 14 2 3 2 5 4 51 82
87 13 7 1 6 2 5 3 0 1 4 10 46
88 13 15 2 4 2 5 3 0 291 29
89 9 7 2 6 3 1 5 2 0 4 120 35
90 4 13 2 4 0 2 1 4 235 26
91 14 13 5 3 1 4 2 60 64
92 6 13 1 5 1 3 4 2 5 124 31
93 9 1 1 5 1 5 3 4 0 78 24
94 2 14 2 3 5 1 4 129 60
95 2 9 2 6 0 3 5 2 1 4 42 82
96 2 15 1 6 0 4 1 5 2 3 118 53
97 13 1 3 5 5 0 2 3 4 69 33
98 2 1 1 3 3 2 4 217 95
99 9 13 1 3 2 5 1 78 63
100 4 14 2 3 1 3 4 60 79
101 4 9 1 4 1 2 0 5 11 73
102 10 7 6 6 0 2 3 5 1 4 29 17
103 5 14 1 4 1 3 2 4 117 91
104 9 15 2 3 3 4 5 34 24
105 15 13 5 6 4 5 3 2 0 1 42 100
106 2 7 3 5 4 3 1 5 2 112 14
107 6 7 2 4 5 2 0 1 149 25
108 5 1 4 4 1 3 4 0 97 16
109 13 7 2 4 2 0 1 3 173 78
110 6 14 3 5 4 5 1 0 2 256 95
111 15 13 1 3 1 4 0 50 98
112 6 13 1 6 1 0 4 2 3 5 65 39
113 13 14 1 5 2 4 3 5 1 154 18
114 5 7 1 6 1 2 4 0 5 3 80 59
115 13 10 4 5 0 1 3 5 2 94 95
116 4 10 2 5 0 3 2 1 4 59 71
117 13 1 1 4 2 4 3 5 125 32
118 4 1 1 4 4 3 1 0 26 76
119 6 15 1 4 4 5 3 1 141 76
120 9 0 2 4 1 0 2 5 39 91
121 4 13 2 4 5 3 1 2 105 81
122 14 1 2 3 0 3 4 153 99
123 14 9 1 3 3 1 2 94 58
124 4 0 7 6 4 3 0 1 2 5 80 41
125 6 0 2 4 1 3 5 4 33 54
126 6 4 2 5 3 2 4 5 1 126 95
127 6 0 2 5 1 4 0 5 2 110 62
128 15 14 1 5 1 3 4 2 5 105 12
129 10 9 2 5 4 5 0 2 1 69 19
130 13 1 2 4 1 5 0 4 54 36
131 15 7 6 3 3 1 0 115 60
132 2 10 2 5 2 3 1 5 0 139 16
133 4 1 3 3 3 4 5 67 94
134 14 0 1 5 2 4 0 5 3 74 57
135 4 10 5 5 0 3 2 1 4 59 71
136 13 0 1 6 4 3 5 0 2 1 73 54
137 2 0 3 6 5 3 0 1 4 2 69 84
138 13 15 3 5 1 5 4 3 0 96 84
139 2 1 2 6 4 0 5 3 2 1 387 57
140 13 14 2 3 4 1 2 209 54
141 13 9 2 5 0 5 4 1 2 74 99
142 9 0 2 3 2 5 0 111 66
143 2 0 3 3 3 0 1 69 54
144 5 13 1 4 1 3 2 0 163 31
145 9 4 1 6 4 2 0 3 5 1 104 59
146 4 0 3 5 3 5 2 1 0 87 20
147 4 10 2 6 2 3 4 5 0 1 117 83
148 6 15 2 4 4 5 3 1 141 76
149 14 13 4 5 2 5 3 1 4 110 31
150 10 4 1 4 1 3 0 5 135 76
151 6 9 3 4 0 3 4 1 58 60
152 5 0 2 5 3 4 2 1 5 89 30
153 13 0 4 3 2 3 5 96 47
154 2 4 3 6 5 1 3 2 0 4 218 25
155 5 1 2 5 2 4 5 1 0 148 86
156 9 10 2 4 1 4 0 3 84 38
157 2 0 2 5 1 2 0 4 5 98 85
158 5 4 7 4 0 3 1 4 167 98
159 6 7 2 6 3 0 4 5 2 1 178 54
160 6 13 4 3 1 2 5 105 44
161 13 10 2 6 4 2 5 1 0 3 168 30
162 14 13 4 4 1 5 3 2 100 97
163 6 10 3 4 2 1 0 4 113 91
164 15 14 6 4 2 5 1 4 95 35
165 5 10 3 3 4 1 5 128 48
166 10 13 2 6 3 1 2 0 4 5 10 77
87
167 10 9 1 6 3 2 0 5 1 4 57 98
168 5 15 1 4 2 1 3 0 93 32
169 4 7 4 4 0 2 1 3 91 35
170 14 0 2 6 5 0 1 3 2 4 58 61
171 15 13 5 3 3 2 0 136 67
172 15 4 1 6 4 3 1 0 5 2 135 72
173 13 14 3 6 0 1 2 4 3 5 193 87
174 6 13 1 3 1 2 5 105 44
175 9 13 2 6 3 4 0 2 5 1 68 67
176 13 7 1 4 2 3 5 0 119 30
177 5 13 4 3 3 4 5 13 29
178 10 1 1 6 5 0 2 3 4 1 121 30
179 9 1 1 3 5 3 2 54 43
180 10 0 1 6 0 2 3 4 1 5 97 15
181 4 9 1 3 5 3 2 126 26
182 6 10 1 4 2 5 4 3 297 42
183 10 15 3 6 2 5 1 3 4 0 213 44
184 14 4 1 6 0 5 1 2 3 4 161 39
185 15 9 2 6 4 3 5 2 1 0 39 75
186 2 0 2 6 4 1 2 5 3 0 42 75
187 9 10 1 3 5 3 2 91 39
188 9 13 1 6 2 4 3 5 1 0 176 87
189 2 7 1 3 3 4 2 99 50
190 5 1 1 5 4 2 3 5 1 171 45
191 15 4 1 4 5 0 1 3 259 80
192 15 4 1 5 3 4 5 1 2 25 82
193 13 10 2 5 0 1 2 4 3 181 89
194 2 0 1 6 0 5 1 4 2 3 57 50
195 14 10 1 5 2 0 4 5 1 119 85
196 6 13 2 3 0 4 2 136 45
197 10 15 1 5 2 3 5 4 1 67 83
198 5 14 2 4 4 1 2 0 157 28
199 2 13 1 4 3 4 2 5 171 57
200 9 1 2 4 3 5 0 1 76 91
201 15 9 2 5 3 2 1 4 0 149 39
202 13 7 1 6 5 2 1 0 3 4 24 76
203 6 7 2 5 0 3 1 5 4 160 100
204 13 14 6 3 5 3 1 147 39
205 5 13 1 5 0 1 4 2 5 110 64
206 6 0 4 3 4 3 0 97 78
207 2 15 1 5 3 0 1 2 4 33 81
208 15 0 6 4 4 0 5 3 118 84
209 6 4 5 3 1 4 2 157 58
210 15 13 4 5 5 1 4 0 2 213 20
211 2 15 4 4 3 1 4 0 160 49
212 6 15 2 3 0 4 5 40 27
213 4 9 3 5 5 1 3 2 0 51 26
214 14 10 1 6 4 3 1 2 0 5 121 28
215 15 13 2 4 5 2 4 1 94 97
216 5 1 2 3 2 3 0 298 93
217 2 0 3 4 5 2 4 1 69 75
218 13 1 3 4 1 5 0 4 54 36
219 9 13 6 6 3 4 0 2 5 1 68 67
220 13 14 1 4 3 0 5 4 84 10
221 14 7 2 5 1 0 3 5 4 147 96
222 9 13 2 5 1 0 3 4 2 20 60
223 2 14 1 3 5 1 4 129 60
224 13 0 1 5 5 0 4 1 3 126 67
225 9 0 4 4 1 3 4 2 110 39
226 5 1 5 5 5 4 0 3 1 188 44
227 5 10 5 3 3 5 0 512 91
228 9 0 1 4 4 5 2 1 96 62
229 9 14 2 5 5 1 2 4 0 87 66
230 13 9 5 4 2 0 4 3 49 98
231 15 14 6 4 3 0 2 5 76 37
232 9 15 2 5 4 5 2 1 3 57 45
233 5 10 1 5 4 1 3 5 2 353 41
234 6 10 3 3 2 0 4 198 56
235 6 9 3 6 5 2 0 3 4 1 35 42
236 4 0 3 5 4 1 0 2 5 50 51
237 13 7 2 4 2 3 5 0 119 30
238 6 15 2 5 4 3 2 1 5 173 45
239 6 4 3 4 3 4 1 2 71 47
240 6 4 4 3 1 4 5 122 12
241 9 4 6 4 5 3 1 4 37 47
242 9 15 4 6 2 0 4 1 5 3 58 63
243 5 0 2 3 1 4 5 58 57
244 5 4 2 5 1 5 2 0 3 40 54
245 5 4 2 6 0 1 4 2 5 3 40 92
246 10 13 2 4 2 0 3 5 107 21
247 9 0 5 5 4 3 1 5 0 123 61
248 9 0 2 4 5 2 0 3 129 23
249 6 15 2 5 3 0 4 5 2 175 72
250 2 14 3 3 1 4 0 249 94
251 6 13 3 4 2 1 4 5 180 20
252 15 0 2 5 4 3 0 2 1 19 91
253 2 7 2 5 0 5 1 3 2 98 11
86
254 2 13 1 4 5 2 0 3 23 27
255 4 15 3 5 1 5 3 4 2 76 34
256 5 9 1 3 4 0 1 75 100
257 2 9 1 5 3 0 1 4 5 85 65
258 13 7 2 4 2 5 0 4 104 64
259 15 7 3 5 1 3 2 5 4 190 86
260 9 4 3 5 3 4 0 5 1 80 59
261 5 9 1 4 5 0 1 4 61 39
262 6 7 1 6 1 3 2 4 5 0 107 52
263 2 9 1 6 1 2 0 5 4 3 83 39
264 2 7 3 3 1 3 0 12 16
265 15 1 1 5 3 1 2 4 5 168 80
266 2 1 2 4 4 1 3 2 135 83
267 2 0 1 3 3 0 1 69 54
268 9 7 5 5 2 1 3 5 0 124 29
269 5 1 1 6 0 4 5 3 2 1 133 42
270 9 13 1 6 2 4 3 5 1 0 176 87
271 13 0 1 5 4 0 5 2 1 129 35
272 14 7 3 5 0 1 2 5 3 139 72
273 9 13 2 5 5 2 3 1 4 159 91
274 10 15 3 5 4 3 5 0 2 32 94
275 10 0 1 6 2 3 5 0 1 4 36 54
276 13 0 2 6 2 4 1 0 5 3 42 37
277 2 9 8 5 0 3 5 2 1 80 32
278 6 9 3 5 3 5 1 0 4 117 42
279 6 15 2 6 0 1 2 5 4 3 85 99
280 14 7 4 5 4 3 5 2 0 53 42
281 6 1 3 5 2 0 4 1 3 362 43
282 15 0 2 4 0 1 2 5 123 39
283 2 10 2 4 4 3 2 0 220 34
284 5 0 2 5 2 3 4 1 5 89 59
285 15 9 2 3 5 2 0 78 48
286 6 9 1 6 3 0 5 4 2 1 91 20
287 6 7 6 6 3 0 4 5 2 1 178 54
288 5 0 1 6 1 2 0 4 3 5 14 28
289 15 4 2 4 2 1 0 4 68 25
290 10 7 3 4 0 2 3 4 113 48
291 9 1 1 3 0 1 5 14 66
292 6 13 1 6 3 4 0 1 5 2 68 57
293 2 10 2 3 4 0 5 39 68
294 4 15 2 6 0 1 2 4 3 5 200 64
295 10 14 2 4 4 1 5 0 137 73
296 9 4 2 3 5 1 4 61 76
297 9 10 8 4 3 1 0 4 46 74
298 5 4 1 6 2 0 4 3 5 1 108 50
299 13 15 2 5 3 5 2 0 4 60 20
300 6 0 4 3 2 5 3 96 29
301 5 7 3 6 3 1 0 4 5 2 90 39
302 13 4 3 4 0 5 3 1 10 60
303 15 10 1 3 3 5 1 116 83
304 15 7 1 5 0 4 1 5 3 243 20
305 4 7 2 5 3 1 5 2 0 119 66
306 9 7 2 6 2 4 0 5 1 3 32 94
307 2 1 1 4 4 1 3 2 135 83
308 6 7 7 4 0 5 1 4 77 69
309 4 13 1 3 3 0 2 226 64
310 6 4 1 4 1 5 3 4 53 22
311 4 9 8 5 4 1 0 3 2 172 95
312 5 0 2 6 1 0 4 2 5 3 73 96
313 5 15 3 5 2 5 4 3 0 107 55
314 5 15 5 3 0 5 3 91 77
315 5 1 1 4 1 3 4 0 97 16
316 13 7 5 5 0 4 2 5 3 84 77
317 9 7 2 6 2 4 0 5 1 3 32 94
318 4 9 2 3 2 5 4 70 69
319 2 1 1 4 0 3 1 4 154 68
320 13 9 3 6 2 5 3 1 4 0 116 12
321 13 14 2 4 0 2 1 3 75 63
322 2 13 1 4 3 5 2 1 36 15
323 10 1 1 5 4 2 5 0 3 108 60
324 4 7 3 6 0 4 3 2 1 5 97 17
325 2 1 6 4 0 1 2 5 331 29
326 5 9 3 4 5 0 1 4 61 39
327 10 9 2 6 2 4 5 3 0 1 53 84
328 13 9 2 4 0 1 2 5 69 21
329 14 7 2 4 1 3 4 5 166 16
330 2 7 4 3 1 3 0 12 16
331 13 14 2 5 2 1 3 0 4 179 21
332 4 7 1 4 2 4 0 1 219 17
333 4 14 2 4 5 2 0 4 119 71
334 6 1 4 6 5 4 0 2 1 3 35 12
335 13 15 1 5 1 3 0 4 2 118 94
336 6 1 2 5 1 2 4 0 5 237 52
337 9 1 3 6 1 4 2 5 3 0 71 39
338 4 1 2 4 3 0 2 4 66 81
339 5 7 2 6 4 5 2 1 0 3 51 20
97
340 15 1 3 4 0 1 3 4 178 13
341 9 0 1 5 1 3 4 2 5 110 39
342 13 15 1 3 2 3 0 182 95
343 2 13 2 6 4 0 1 3 5 2 93 37
344 13 0 3 4 2 1 4 5 141 97
345 6 9 3 3 5 3 1 16 25
346 15 4 1 4 2 1 0 4 68 25
347 9 10 3 3 4 0 1 121 85
348 10 1 6 5 0 1 5 4 3 394 63
349 6 14 2 3 0 4 3 238 81
350 14 9 1 3 3 0 1 84 44
351 14 9 2 4 1 4 3 5 68 87
352 9 15 2 5 0 1 2 4 3 108 28
353 10 0 2 6 0 5 1 2 4 3 138 42
354 13 9 4 3 4 1 3 50 20
355 15 9 5 5 4 0 5 3 1 74 90
356 10 7 1 4 0 2 3 4 113 48
357 9 1 1 3 4 3 2 54 80
358 9 14 2 4 0 4 5 2 126 41
359 13 15 1 6 2 3 5 0 1 4 202 72
360 15 14 3 3 2 5 0 87 76
361 13 10 1 6 0 4 2 3 1 5 127 21
362 6 14 1 6 3 5 2 4 0 1 110 58
363 2 10 1 4 5 2 3 0 243 48
364 10 4 3 4 3 4 0 2 91 83
365 6 0 4 5 0 3 5 1 2 62 10
366 10 9 2 6 5 3 1 2 0 4 36 52
367 4 7 1 4 3 5 4 1 85 85
368 6 10 1 5 3 1 4 0 5 308 73
369 10 1 1 5 4 2 5 0 3 108 60
370 6 10 1 3 4 1 5 101 49
371 10 7 1 5 4 2 5 0 1 14 21
372 9 4 4 6 2 1 3 4 5 0 72 39
373 13 0 3 3 5 3 4 137 52
374 5 10 2 6 5 2 4 1 0 3 171 17
375 4 1 1 6 3 1 0 4 2 5 58 42
376 9 10 6 3 2 0 3 76 49
377 15 4 2 6 4 3 0 2 1 5 235 85
378 15 13 1 3 3 2 0 136 67
379 9 15 1 5 0 3 1 4 5 91 87
380 10 14 1 5 2 1 0 5 3 161 82
381 10 13 2 4 4 0 2 5 79 50
382 14 10 4 4 3 2 0 1 19 26
383 4 1 1 6 5 0 1 2 4 3 65 75
384 6 9 1 4 0 3 4 1 58 60
385 10 15 2 5 4 3 5 0 2 32 94
386 14 7 2 4 4 5 1 3 215 84
387 13 7 4 4 2 5 0 4 104 64
388 13 1 7 4 1 2 5 0 103 47
389 15 0 5 4 4 0 5 1 60 86
390 9 7 2 3 0 5 1 41 25
391 9 4 2 3 1 0 4 111 77
392 2 14 1 6 1 0 3 5 2 4 237 60
393 2 1 2 5 4 2 0 1 5 119 47
394 10 14 4 6 3 4 5 1 2 0 211 61
395 6 13 5 6 2 5 1 0 4 3 109 48
396 10 0 2 3 1 2 5 123 14
397 5 1 2 5 4 0 2 5 1 137 91
398 14 13 5 3 4 0 5 208 24
399 15 10 2 6 4 3 2 0 1 5 102 15
400 4 15 3 3 0 2 3 94 39
401 9 1 2 3 4 3 2 54 80
402 4 0 5 6 3 1 4 2 5 0 106 26
403 13 9 2 4 0 3 5 4 80 20
404 10 9 3 4 5 4 3 1 44 43
405 15 4 2 5 4 1 5 2 0 231 54
406 4 0 3 6 5 4 2 1 3 0 107 57
407 13 15 2 3 5 2 1 164 34
408 15 0 2 4 4 0 5 3 118 84
409 14 13 6 3 2 4 5 108 29
410 2 0 2 6 3 1 4 5 0 2 102 43
411 10 1 2 3 1 0 4 221 53
412 14 0 3 4 2 3 0 4 82 49
413 5 7 2 3 1 0 4 99 30
414 6 9 2 4 1 2 3 0 71 92
415 6 4 2 6 0 4 5 3 2 1 198 49
416 6 0 2 6 4 3 0 2 1 5 57 67
417 2 15 4 6 5 1 4 2 3 0 117 43
418 6 9 2 5 3 5 1 0 4 117 42
419 9 13 3 6 4 1 2 0 5 3 43 65
420 15 0 4 5 4 0 5 2 1 62 68
421 6 10 2 6 2 4 1 5 3 0 33 32
422 6 7 2 4 4 0 5 2 158 16
423 15 10 2 6 2 4 1 0 5 3 143 48
424 5 10 2 5 3 0 2 5 4 55 27
425 14 15 4 3 5 3 4 100 36
426 15 1 2 6 0 1 3 4 5 2 124 27
427 9 14 5 5 1 3 2 4 0 118 65
428 2 13 4 5 2 0 1 4 5 68 70
429 13 0 2 5 5 3 2 1 4 47 71
430 14 1 4 5 4 2 5 1 3 75 54
431 13 9 2 6 2 5 3 1 4 0 116 12
432 6 15 5 6 2 3 0 4 1 5 118 12
433 5 9 3 6 1 5 0 3 2 4 64 57
434 9 7 2 6 5 0 3 1 2 4 21 55
435 13 9 2 6 1 5 0 4 3 2 137 57
436 10 4 2 5 4 1 2 5 0 71 21
100
437 10 9 2 6 4 2 5 1 0 3 120 72
438 5 0 1 3 3 4 0 162 66
439 5 4 1 3 1 0 4 132 52
440 9 1 5 6 1 3 2 0 5 4 92 78
441 13 15 2 5 0 1 4 5 2 118 89
442 2 9 1 3 1 0 5 83 76
443 5 10 2 3 2 4 1 611 79
444 6 1 1 5 1 2 4 0 5 237 52
445 9 13 1 6 4 1 2 0 5 3 43 65
446 2 15 3 4 3 1 4 0 160 49
447 6 1 1 6 4 3 1 5 2 0 181 24
448 4 13 2 4 3 5 0 1 157 50
449 10 13 2 6 5 1 4 3 0 2 119 43
450 6 13 1 4 1 4 2 3 104 94
451 13 14 6 3 5 3 1 147 39
452 4 7 9 4 2 4 0 1 219 17
453 15 0 1 4 1 2 3 4 81 35
454 5 0 1 5 0 5 4 3 2 79 76
455 2 7 4 5 1 5 4 3 2 34 28
456 4 13 1 4 5 3 1 2 105 81
457 4 10 2 6 2 3 4 5 0 1 117 83
458 10 13 1 6 4 1 5 3 2 0 117 29
459 14 13 1 3 1 4 2 60 64
460 13 4 1 3 0 5 2 77 53
461 5 1 3 4 1 2 5 3 12 51
462 2 14 4 6 3 5 4 1 2 0 97 81
463 6 13 1 4 4 3 1 2 20 55
464 13 7 3 6 0 1 5 4 3 2 227 29
465 13 0 4 5 2 0 3 1 5 80 11
466 9 7 1 6 2 4 0 5 1 3 32 94
467 13 9 4 4 2 0 4 3 49 98
468 15 13 4 5 2 0 3 1 4 99 53
469 2 15 5 5 3 0 1 2 4 33 81
470 9 1 4 3 5 3 2 54 43
471 2 7 2 5 0 2 1 3 4 148 57
472 6 7 3 4 3 2 0 4 16 18
473 6 4 2 3 4 1 3 104 31
474 10 4 2 5 2 4 5 0 1 104 75
475 4 15 3 3 4 2 5 32 96
476 6 4 2 5 3 2 4 5 1 126 95
477 2 14 4 4 3 1 2 0 351 37
478 14 15 4 3 2 0 4 143 32
479 5 15 2 6 3 5 2 0 4 1 92 13
480 2 14 2 4 3 1 0 5 178 98
481 6 14 2 4 5 2 0 4 267 53
482 6 0 4 4 2 4 0 1 27 94
483 15 4 3 5 5 0 2 4 1 126 11
484 4 1 2 4 4 2 3 5 64 86
485 15 1 4 4 3 2 0 4 109 17
486 5 10 1 5 5 4 2 0 3 467 36
487 6 9 4 4 0 2 4 3 124 19
488 2 15 3 4 2 4 1 5 45 48
489 10 9 3 5 4 5 0 2 1 69 19
490 6 7 3 4 0 5 1 4 77 69
491 10 15 1 5 4 3 5 0 2 32 94
492 10 4 1 5 0 5 3 2 1 92 27
493 14 13 1 3 2 1 4 145 45
494 14 15 1 6 1 3 0 4 5 2 66 70
495 14 1 1 5 5 1 0 2 3 167 71
496 10 7 2 6 3 4 5 1 0 2 149 22
497 2 0 3 6 4 1 2 5 3 0 42 75
498 5 9 3 4 5 0 1 4 61 39
499 5 0 1 5 0 5 4 3 2 79 76
500 15 14 4 3 1 0 2 48 76
501 2 15 4 3 3 0 1 65 60
502 2 9 2 5 4 0 1 3 5 59 53
503 4 1 2 4 3 0 2 4 66 81
504 2 9 1 5 5 0 2 3 1 85 75
505 14 1 4 4 4 3 2 1 170 38
506 2 10 5 4 5 3 2 0 109 16
507 5 13 5 3 3 4 2 60 93
508 10 7 3 4 4 2 0 1 40 93
509 5 15 6 6 2 3 4 5 0 1 57 39
510 15 7 1 3 3 1 0 115 60
511 2 14 5 3 1 2 3 165 60
512 14 15 3 6 4 3 2 5 0 1 201 27
513 10 13 2 5 0 1 2 4 5 98 74
514 13 4 2 3 4 3 5 89 54
515 2 9 8 5 0 3 5 2 1 80 32
516 14 7 2 6 1 0 4 2 3 5 122 80
517 2 14 5 5 4 1 3 0 5 49 52
518 9 13 4 4 3 0 4 1 131 41
519 4 7 3 4 2 4 0 3 84 16
520 4 9 2 4 1 2 0 5 11 73
521 6 9 2 5 0 4 3 2 1 73 86
522 6 9 5 6 2 1 3 0 5 4 129 85
523 10 9 4 6 3 2 0 5 1 4 57 98
524 6 9 7 3 5 1 2 48 57
525 14 15 3 3 5 0 1 100 20
526 14 15 6 3 2 0 4 143 32
527 2 1 3 5 1 2 0 3 5 297 38
528 13 14 3 5 2 1 3 0 4 179 21
529 6 7 2 5 2 5 0 4 1 36 36
530 10 7 3 6 1 5 2 0 3 4 81 58
531 14 13 2 3 1 4 2 60 64
532 6 4 2 4 1 5 0 4 120 84
533 4 15 3 3 4 3 5 144 54
534 5 0 2 6 1 0 4 2 5 3 73 96
535 14 0 2 6 5 0 1 3 2 4 58 61
536 5 0 5 4 1 2 5 3 122 44
80
537 9 10 1 6 5 3 4 1 2 0 41 80
538 5 13 1 4 1 3 2 0 163 31
539 15 0 4 4 5 1 3 4 92 16
540 13 10 3 3 0 5 4 131 36
541 5 7 1 5 0 5 3 4 2 97 71
542 15 7 2 3 5 4 2 116 99
543 9 13 3 4 3 5 1 0 127 53
544 10 0 12 5 3 1 4 5 2 78 69
545 5 9 2 3 0 3 4 71 90
546 13 15 1 4 2 5 3 0 291 29
547 6 0 1 5 5 4 0 3 2 32 49
548 5 13 1 6 2 0 3 4 1 5 109 50
549 2 15 3 4 5 3 4 0 76 34
550 10 7 2 4 5 3 1 2 173 17
551 10 7 6 4 4 2 0 1 40 93
552 6 13 1 6 1 2 5 0 4 3 156 98
553 6 13 1 4 1 4 2 3 104 94
554 10 7 1 6 1 5 2 0 3 4 81 58
555 15 10 1 3 2 3 4 229 80
556 4 10 3 6 2 5 4 1 3 0 107 15
557 5 13 2 3 3 4 5 13 29
558 4 9 1 6 5 4 2 0 3 1 24 82
559 10 4 1 6 1 3 4 5 2 0 155 62
560 15 14 2 4 2 5 0 3 176 23
561 15 9 4 3 0 1 3 86 41
562 15 7 3 3 3 1 0 115 60
563 2 9 1 4 2 0 3 4 62 91
564 4 0 1 5 3 1 0 5 2 152 47
565 9 0 2 4 4 5 2 1 96 62
566 2 0 1 5 4 5 0 3 2 51 99
567 9 4 1 5 1 3 0 4 5 74 100
568 14 15 2 3 4 0 5 158 64
569 10 13 3 5 0 1 2 4 5 98 74
570 10 0 3 3 3 1 2 104 46
571 10 4 5 4 3 4 0 2 91 83
572 9 0 2 4 5 3 1 2 116 31
573 6 4 1 4 5 4 2 3 127 95
574 9 4 1 5 2 0 4 1 3 57 57
575 4 10 1 5 4 3 1 2 5 67 70
576 15 7 2 5 4 1 2 0 3 101 14
577 4 13 1 6 3 0 5 1 4 2 152 32
578 4 13 4 4 3 2 1 4 137 44
579 13 0 2 3 2 3 5 96 47
580 4 13 3 4 5 3 1 2 105 81
581 14 10 3 6 3 0 2 4 5 1 217 71
582 9 13 4 6 2 4 3 5 1 0 176 87
583 10 13 2 5 2 0 1 4 3 52 26
584 6 7 2 3 1 3 0 98 41
585 4 10 4 6 3 4 0 1 2 5 124 71
586 9 15 3 6 0 1 4 3 5 2 46 91
587 6 7 6 5 2 5 0 4 1 36 36
588 6 7 3 4 5 0 3 4 77 30
589 2 13 1 4 3 5 2 1 36 15
590 5 0 3 4 5 3 0 1 166 51
591 6 13 1 6 1 2 5 0 4 3 156 98
592 10 13 1 5 4 2 3 1 5 111 84
593 14 9 3 4 2 4 0 5 23 39
594 10 15 4 3 3 4 2 83 78
595 6 13 2 6 5 0 1 4 3 2 173 84
596 6 10 1 3 0 3 4 93 33
597 6 14 2 4 5 2 0 4 267 53
598 5 7 2 4 5 0 1 4 101 75
599 14 4 3 4 3 5 0 2 95 63
600 9 15 2 5 4 5 2 1 3 57 45
601 15 0 2 6 0 3 5 4 2 1 123 33
602 10 15 2 3 3 4 2 83 78
603 5 0 2 6 3 0 4 2 5 1 67 27
604 13 0 5 5 2 0 3 1 5 80 11
605 10 13 2 6 4 1 3 2 0 5 38 97
606 5 4 2 4 0 3 1 4 167 98
607 10 1 2 5 0 5 4 1 2 71 12
608 15 0 3 6 2 4 5 1 0 3 82 69
609 4 10 3 5 0 3 2 1 4 59 71
610 5 13 3 4 1 0 3 2 45 40
611 15 14 3 4 2 5 0 3 176 23
612 6 4 2 4 3 5 4 1 100 93
613 6 1 2 3 2 5 4 189 44
614 10 7 4 3 4 1 0 28 95
615 6 1 3 6 4 3 1 5 2 0 181 24
616 14 9 4 5 5 1 4 3 0 52 31
85
617 5 14 2 4 4 1 2 0 157 28
618 9 14 3 4 0 4 3 2 135 45
619 10 15 1 3 3 5 2 75 75
620 6 7 1 6 5 1 2 3 0 4 132 18
621 9 10 1 3 4 0 1 121 85
622 2 10 2 6 0 2 5 3 4 1 145 14
623 9 13 1 6 2 4 3 5 1 0 176 87
624 2 4 3 3 5 0 2 64 64
625 13 4 6 5 4 2 3 0 1 81 17
626 9 15 2 5 0 3 1 4 5 91 87
627 6 4 5 4 3 5 4 1 100 93
628 4 9 1 4 2 0 1 3 80 62
629 2 10 2 3 4 0 5 39 68
630 6 14 3 6 3 5 2 4 0 1 110 58
631 4 14 3 6 0 3 5 1 2 4 100 44
632 10 1 1 5 3 0 5 2 4 173 62
633 14 4 1 3 5 0 1 90 22
634 15 10 2 4 3 5 2 4 169 41
635 2 13 3 3 5 2 1 23 24
636 2 4 2 5 0 1 2 4 3 158 46
637 13 9 2 6 1 5 0 4 3 2 137 57
638 9 13 2 6 0 5 2 1 3 4 121 32
639 13 0 2 4 0 2 3 4 132 78
640 15 7 2 5 0 4 1 5 3 243 20
641 6 15 1 3 5 1 0 97 22
642 2 0 1 5 4 1 2 0 3 36 97
643 10 15 2 3 3 5 2 216 94
644 5 9 2 3 0 3 4 71 90
645 5 9 1 6 4 0 2 1 3 5 67 94
646 2 14 1 3 4 0 5 24 95
647 14 1 1 6 2 4 1 5 0 3 30 34
648 9 10 1 3 0 4 3 88 73
649 2 0 4 3 3 4 1 84 64
650 5 13 3 6 1 5 3 4 0 2 197 35
651 13 15 3 6 2 3 5 0 1 4 202 72
652 5 14 2 5 1 0 3 4 5 166 33
653 4 7 1 5 3 1 0 5 2 37 54
654 15 13 1 6 0 1 2 4 5 3 106 26
655 4 1 5 4 5 0 3 1 36 95
656 4 10 1 5 0 5 4 1 2 80 57
657 9 10 2 3 4 0 1 121 85
658 5 10 4 3 2 1 5 407 61
659 2 0 3 4 4 1 5 3 71 85
660 13 0 2 6 3 4 0 5 1 2 185 64
661 4 1 3 4 4 2 3 5 64 86
662 13 7 1 6 0 5 1 3 4 2 224 17
663 2 0 2 6 1 2 4 5 3 0 79 96
664 15 1 2 5 4 3 5 2 0 52 87
665 5 1 2 6 3 1 0 5 2 4 223 21
666 10 15 3 4 5 2 1 4 72 74
667 15 1 5 5 4 1 2 3 5 103 80
668 9 14 5 6 0 1 4 5 2 3 132 56
669 14 1 1 5 5 2 0 1 4 126 16
670 14 13 2 3 1 0 2 140 35
671 5 13 3 4 1 0 3 2 45 40
672 2 7 2 3 4 5 0 84 84
673 13 9 2 6 2 4 1 0 5 3 128 67
674 15 10 1 3 5 2 0 29 61
675 14 7 5 6 3 2 0 5 4 1 67 21
676 14 4 2 6 0 5 1 2 3 4 161 39
677 2 0 2 4 1 5 4 0 52 45
678 15 13 1 5 1 4 0 2 3 164 47
679 9 4 1 5 2 0 4 1 3 57 57
680 9 13 4 5 1 0 3 4 2 20 60
681 6 4 7 6 5 4 1 0 2 3 62 89
682 5 4 2 5 5 1 0 3 2 197 32
683 14 4 6 3 5 3 4 139 77
684 13 14 2 5 2 4 3 5 1 154 18
685 4 1 3 3 1 3 4 100 60
686 4 13 2 4 3 1 0 4 141 87
687 5 10 5 4 5 4 3 2 380 12
688 13 7 1 6 0 5 1 3 4 2 224 17
689 2 13 1 4 5 2 0 4 120 44
690 6 10 2 5 3 4 1 2 0 321 85
691 2 0 2 5 5 0 2 1 3 83 42
692 2 9 7 3 0 3 1 94 92
693 14 7 4 5 0 1 2 5 3 139 72
694 2 1 2 4 4 1 3 2 135 83
695 5 14 1 4 4 1 2 0 157 28
696 6 9 3 4 1 3 5 2 93 58
697 9 1 2 5 1 5 3 4 0 78 24
698 15 13 2 4 4 2 0 3 41 62
699 9 4 2 6 4 2 0 3 5 1 104 59
700 6 15 2 5 3 0 4 5 2 175 72
701 5 1 4 5 4 0 2 5 1 137 91
84
702 13 14 1 4 1 4 0 5 47 94
703 6 1 1 6 5 3 0 2 1 4 107 19
704 15 9 2 4 0 3 4 2 176 86
705 6 13 2 6 1 2 5 0 4 3 156 98
706 4 9 3 6 0 4 1 5 2 3 100 61
707 10 15 4 5 4 3 5 0 2 32 94
708 13 4 3 4 5 2 1 0 37 36
709 14 13 2 3 5 4 0 128 62
710 2 14 1 6 5 2 1 0 3 4 110 26
711 13 15 1 4 2 5 3 0 291 29
712 6 15 2 5 1 3 0 5 2 56 11
713 5 1 1 5 4 0 2 5 1 137 91
714 6 15 1 5 4 3 2 1 5 173 45
715 10 4 1 4 1 5 0 3 30 82
716 6 9 1 5 3 5 1 0 4 117 42
717 4 14 1 6 5 3 0 4 1 2 38 37
718 2 10 2 3 5 4 3 175 77
719 13 7 4 3 1 2 3 96 36
720 13 10 1 4 1 3 5 0 152 61
721 2 4 2 5 0 4 2 5 3 135 100
722 6 9 4 5 0 4 3 2 1 73 86
723 14 10 1 4 1 2 3 5 52 56
724 6 4 4 3 5 1 4 64 63
725 5 15 1 6 5 1 4 2 0 3 81 88
726 10 0 1 5 3 0 4 1 5 105 32
727 4 0 2 6 4 5 1 2 0 3 71 85
728 6 9 1 4 3 0 4 5 18 41
729 2 7 1 3 4 5 0 84 84
730 5 13 3 6 5 4 1 0 3 2 132 61
731 14 13 1 6 4 5 2 3 0 1 88 16
732 13 1 4 5 3 5 1 2 0 115 36
733 5 0 3 4 1 2 5 3 122 44
734 4 7 2 4 4 3 5 2 132 34
735 4 0 1 4 4 3 1 2 163 81
736 2 1 3 5 1 2 0 3 5 297 38
737 4 15 5 6 5 3 4 0 1 2 90 10
738 14 15 1 5 1 2 4 0 3 115 28
739 9 15 2 6 5 3 2 0 1 4 42 100
740 10 15 5 3 3 5 2 75 75
741 6 0 1 5 4 1 3 5 0 42 25
742 13 10 1 5 4 5 0 2 3 31 20
743 4 7 1 4 2 4 0 3 84 16
744 6 9 5 6 0 4 1 3 5 2 106 52
745 6 9 4 3 5 3 1 16 25
746 14 15 2 5 2 1 5 3 4 103 97
747 2 9 5 5 0 3 5 2 1 80 32
748 13 14 2 5 2 1 3 0 4 179 21
749 6 10 1 4 5 4 1 2 116 81
750 9 4 2 3 1 0 4 111 77
751 4 7 1 3 0 2 5 224 86
752 2 14 4 3 5 1 4 129 60
753 15 0 2 6 2 0 3 1 5 4 75 92
754 13 9 1 5 0 1 3 2 4 132 89
755 2 13 3 6 2 3 5 4 1 0 81 21
756 5 9 1 3 2 0 3 59 32
757 6 13 1 5 1 0 5 4 3 251 82
758 5 9 2 5 2 5 1 0 3 87 98
759 6 4 4 3 4 1 3 104 31
760 13 0 3 3 2 0 3 96 11
761 6 1 2 5 1 2 4 5 3 258 88
762 14 7 2 4 4 0 3 2 137 79
763 9 1 5 6 0 5 2 4 3 1 65 16
764 10 1 1 3 2 5 4 91 19
765 15 7 3 6 3 1 4 2 5 0 107 45
766 5 1 2 6 0 5 4 3 2 1 141 93
767 5 15 2 3 4 0 3 69 17
768 2 10 2 3 3 0 5 214 75
769 10 4 2 3 3 0 4 45 81
770 9 10 3 5 1 2 3 0 5 80 52
771 2 1 2 5 1 0 5 4 2 180 47
772 15 13 3 6 3 2 0 5 1 4 61 45
773 15 14 5 5 2 0 5 1 3 113 50
774 14 13 4 3 3 5 4 56 18
775 15 0 2 5 2 0 1 5 4 155 94
776 5 15 2 4 4 5 1 0 85 16
777 4 15 3 5 5 3 4 0 1 10 37
778 5 15 3 6 2 3 4 5 0 1 57 39
779 6 7 6 4 5 0 3 4 77 30
780 10 1 2 5 0 1 5 4 3 394 63
781 6 14 2 4 0 4 3 1 179 16
782 13 14 2 6 3 1 2 0 4 5 110 34
783 15 10 7 4 4 2 0 3 142 92
784 5 7 3 5 2 4 3 5 1 117 89
785 2 4 3 4 5 3 0 4 93 95
76
786 5 4 1 6 0 1 4 2 5 3 106 15
787 4 9 2 6 3 2 1 4 5 0 84 16
788 4 9 2 6 4 0 1 2 3 5 55 87
789 13 10 1 3 3 5 2 112 60
790 10 13 1 4 5 4 0 2 249 64
791 9 1 2 5 5 2 1 0 4 86 90
792 13 9 2 4 4 3 1 2 22 44
793 4 7 1 4 0 2 1 3 91 35
794 6 10 1 4 4 3 0 1 142 42
795 14 0 2 5 2 4 0 5 3 74 57
796 2 9 6 5 0 3 5 2 1 80 32
797 14 4 6 3 3 2 0 163 17
798 14 7 3 6 5 3 0 1 4 2 179 14
799 13 4 1 4 3 0 2 1 47 40
800 14 1 1 6 2 4 1 5 0 3 30 34
801 5 9 1 3 2 3 1 96 81
802 13 15 1 6 5 0 4 1 3 2 66 53
803 13 9 3 6 5 4 1 2 0 3 111 16
804 15 9 4 5 1 0 5 3 4 91 76
805 4 13 6 4 5 3 1 2 105 81
806 14 15 4 5 0 1 3 4 2 68 92
807 10 1 3 6 5 2 3 1 0 4 232 28
808 9 13 3 3 1 2 3 119 18
809 5 13 1 3 1 3 4 89 64
810 2 7 1 6 1 0 3 5 4 2 72 82
811 2 15 2 3 3 2 4 127 12
812 2 14 2 5 1 5 0 4 3 213 65
813 6 0 1 3 5 1 3 76 91
814 13 7 1 3 5 0 1 110 68
815 10 9 6 3 3 5 0 51 63
816 13 14 6 6 3 1 2 0 4 5 110 34
817 6 0 3 3 2 5 3 96 29
818 5 7 4 5 1 0 3 4 2 164 99
819 2 1 2 4 4 3 1 0 148 87
820 15 0 1 4 5 1 3 4 92 16
821 10 0 1 6 5 0 4 1 3 2 69 83
822 15 14 3 5 3 5 4 2 1 104 72
823 4 14 4 5 3 4 2 5 0 148 56
824 13 14 2 3 4 1 2 209 54
825 13 7 2 5 1 4 5 0 2 62 67
826 2 14 1 6 5 2 1 0 3 4 110 26
827 10 13 1 3 0 5 3 36 93
828 10 7 2 5 5 2 3 1 4 89 68
829 5 1 2 4 1 3 4 0 228 33
830 5 10 1 4 5 2 3 4 58 12
831 9 14 3 4 0 3 4 2 69 29
832 6 14 2 4 1 0 4 5 184 78
833 5 7 2 5 3 2 0 1 4 160 37
834 10 4 2 5 4 1 2 5 0 71 21
835 9 7 3 6 5 0 3 1 2 4 21 55
836 4 15 2 6 0 1 3 2 5 4 78 15
837 5 13 3 5 1 0 2 5 4 56 91
838 6 15 2 6 5 4 2 0 1 3 134 33
839 15 4 4 4 4 5 3 0 131 78
840 15 1 2 3 2 3 0 66 77
841 15 4 2 4 2 1 0 4 68 25
842 14 13 2 5 2 1 3 4 5 164 16
843 6 10 4 6 0 5 2 1 3 4 248 62
844 13 10 2 5 3 1 4 0 5 46 85
845 15 13 5 6 0 1 2 4 5 3 106 26
846 6 1 4 6 5 4 0 2 1 3 35 12
847 9 15 1 3 4 5 3 110 90
848 14 0 3 3 1 3 5 54 56
849 13 4 2 3 0 5 2 77 53
850 9 1 7 4 3 5 0 1 76 91
851 5 0 2 3 4 2 5 82 94
852 13 1 1 3 1 5 4 119 96
853 10 7 3 5 3 2 5 4 0 115 56
854 15 13 4 6 3 2 0 5 1 4 61 45
855 2 7 2 6 1 5 0 3 2 4 50 54
856 13 10 1 5 1 0 2 5 3 120 29
857 14 0 5 6 1 0 3 5 4 2 93 57
858 13 10 6 4 1 3 5 0 152 61
859 5 15 3 5 0 5 2 3 1 25 23
860 13 10 2 5 4 5 0 2 3 31 20
861 5 10 2 3 2 1 5 407 61
71
862 14 4 3 3 5 0 1 90 22
863 4 13 1 5 4 2 1 5 0 235 56
864 10 9 1 4 0 5 2 4 88 27
865 9 7 2 4 5 1 4 0 102 79
866 10 4 1 4 0 1 3 4 126 82
867 5 15 1 4 1 5 4 3 115 18
868 15 4 4 4 2 1 0 4 68 25
869 15 10 1 4 3 4 5 2 99 61
870 15 13 1 3 1 4 0 50 98
871 4 9 3 3 0 5 4 82 85
872 14 9 2 6 0 3 1 4 2 5 65 60
873 4 14 1 4 5 2 0 4 119 71
874 15 10 3 6 4 3 2 1 0 5 180 74
875 5 15 2 5 0 5 2 3 1 25 23
876 15 1 2 5 3 1 2 4 5 168 80
877 15 1 2 6 1 4 5 0 3 2 136 58
878 4 1 1 4 4 2 5 0 108 83
879 2 10 2 3 1 5 3 32 60
880 13 7 2 3 3 2 1 184 58
881 14 13 1 3 2 1 4 145 45
882 14 4 3 3 2 4 3 195 90
883 10 7 3 3 5 1 4 108 82
884 6 7 3 3 3 2 5 95 20
885 9 0 3 3 0 5 3 29 64
886 10 7 1 6 0 4 3 5 1 2 163 40
887 14 1 1 4 1 0 2 5 47 56
888 15 0 1 4 0 2 5 1 82 34
889 9 1 1 3 5 3 2 54 43
890 9 13 6 4 3 0 4 1 131 41
891 13 1 4 4 1 4 5 0 49 27
892 9 7 2 3 1 3 4 128 52
893 9 4 3 4 5 3 1 4 37 47
894 2 15 1 6 0 4 1 5 2 3 118 53
895 4 1 1 6 1 5 4 2 0 3 65 49
896 9 13 6 4 1 2 4 0 57 90
897 15 10 2 6 4 3 2 0 1 5 102 15
898 4 13 1 6 2 0 1 3 4 5 222 24
899 2 13 1 6 5 0 1 2 4 3 126 70
900 6 7 3 3 2 5 4 87 93
901 9 4 4 5 4 2 0 3 5 63 86
902 2 9 1 4 2 0 3 4 62 91
903 5 13 1 5 3 4 1 5 0 105 48
904 6 7 2 4 5 2 0 1 149 25
905 10 9 1 6 2 4 5 3 0 1 53 84
906 6 15 3 4 1 3 4 2 159 29
907 5 9 4 3 2 3 1 96 81
908 14 1 2 3 4 1 3 118 30
909 2 13 2 5 3 0 4 1 5 93 97
910 9 14 1 5 5 0 3 4 1 59 11
911 5 14 2 6 4 5 3 0 2 1 66 99
912 14 13 5 4 0 2 4 1 41 53
913 9 1 1 3 0 1 5 14 66
914 6 15 1 6 2 3 0 4 1 5 118 12
915 2 15 3 3 3 1 5 82 32
916 10 0 2 5 1 4 2 3 5 108 91
917 9 10 2 6 0 2 4 5 3 1 144 79
918 6 4 1 3 1 0 5 76 26
919 15 13 1 6 1 2 5 0 4 3 149 70
920 5 1 2 5 1 4 5 2 3 82 57
921 2 9 2 4 5 4 2 0 118 93
922 9 13 4 4 3 5 1 0 127 53
923 14 1 2 4 4 3 2 1 170 38
924 6 4 5 4 1 5 0 4 120 84
925 14 9 2 3 5 3 2 56 35
926 10 1 3 5 2 4 3 5 0 138 99
927 2 15 3 5 4 3 2 1 0 212 71
928 2 0 6 4 4 1 5 3 71 85
929 2 7 2 5 0 2 1 3 4 148 57
930 5 13 4 4 3 4 1 0 79 53
931 13 7 5 5 0 2 4 3 1 64 14
932 10 0 3 5 1 4 2 3 5 108 91
72
933 15 14 1 3 5 2 0 136 22
934 13 9 2 5 0 5 4 1 2 73 41
935 14 15 5 3 2 3 5 160 16
936 6 9 2 6 2 1 3 0 5 4 129 85
937 15 10 2 4 4 2 0 3 142 92
938 2 10 2 4 3 0 2 5 307 82
939 10 14 2 3 2 4 0 235 61
940 15 1 2 5 1 0 3 4 2 125 28
941 14 9 3 3 0 4 5 61 25
942 2 4 1 4 3 0 5 2 169 25
943 4 10 3 5 3 2 1 0 5 138 93
944 10 1 3 3 5 1 3 254 27
945 9 13 7 3 0 5 2 14 49
946 2 14 2 3 5 1 4 129 60
947 9 1 3 5 2 3 0 1 4 78 72
948 2 0 1 6 1 2 4 5 3 0 79 96
949 13 4 3 6 4 3 2 0 1 5 158 38
950 14 13 2 5 0 3 5 1 2 165 57
951 4 15 1 4 4 5 1 2 50 52
952 10 0 3 5 4 2 0 1 5 83 48
953 2 13 1 4 3 4 2 5 171 57
954 15 1 2 4 3 2 0 4 109 17
955 15 0 3 4 4 0 5 1 60 86
956 5 14 2 4 4 1 2 0 157 28
957 5 4 3 6 1 2 3 0 4 5 92 79
958 4 15 1 6 5 3 1 4 2 0 168 73
959 5 1 1 3 0 4 5 331 54
960 6 4 2 6 3 4 2 0 5 1 32 48
961 14 0 5 4 4 5 0 3 94 81
962 10 4 4 4 2 1 3 0 206 61
963 15 9 1 5 4 1 2 0 5 47 90
964 2 10 2 3 3 0 1 116 95
965 13 14 6 3 1 5 2 76 88
966 2 7 1 4 4 3 2 1 158 83
967 10 1 3 3 2 5 4 91 19
968 10 0 6 6 3 0 2 1 5 4 85 39
969 9 0 4 4 2 0 5 4 77 79
970 2 7 2 6 5 0 1 2 4 3 60 15
971 13 9 3 5 5 1 2 4 3 107 69
972 6 4 2 3 2 1 4 94 41
973 6 14 2 4 2 4 0 5 121 48
974 10 9 2 6 5 3 1 2 0 4 36 52
975 10 7 2 6 3 1 2 0 4 5 135 38
976 15 10 3 6 2 4 1 0 5 3 143 48
977 2 15 1 3 3 0 1 65 60
978 6 13 4 4 3 2 0 5 248 15
979 6 15 2 3 5 2 0 199 38
980 5 9 2 5 1 5 3 2 4 70 19
981 6 14 2 5 2 1 5 3 4 13 60
982 14 15 1 3 2 0 5 63 35
983 6 9 2 6 2 0 1 3 4 5 102 80
984 13 0 2 5 5 1 3 4 2 142 95
985 13 0 3 6 1 3 5 2 0 4 58 12
986 15 0 2 3 0 4 2 79 18
987 9 15 1 3 4 5 3 110 90
988 15 7 3 3 4 1 0 249 97
989 6 13 8 5 1 3 4 2 5 124 31
990 2 15 4 6 3 2 1 5 0 4 80 68
991 13 4 4 5 1 2 3 5 0 84 72
992 10 13 3 5 2 0 1 4 3 52 26
993 2 4 4 6 4 3 0 5 2 1 79 87
994 2 7 2 5 5 3 0 1 2 67 85
995 6 1 2 5 2 0 1 4 3 102 16
996 14 4 2 6 5 3 0 1 2 4 133 41
997 10 0 5 5 1 4 2 3 5 108 91
998 6 9 2 4 0 2 4 3 124 19
999 5 13 3 6 1 5 3 4 0 2 197 35
1000 6 0 2 5 5 4 0 3 2 32 49
1001 10 7 2 5 1 3 2 4 0 204 87
1002 14 15 3 3 2 3 5 160 16
1003 9 14 4 5 1 3 2 4 0 118 65
1004 13 9 6 5 3 2 1 4 5 111 10
96
1005 6 4 1 3 0 2 5 116 35
1006 4 1 1 3 0 1 4 116 76
1007 4 10 2 6 2 3 4 5 0 1 117 83
1008 5 13 8 4 3 4 1 0 79 53
1009 6 1 2 4 4 1 5 0 123 67
1010 10 14 4 5 3 2 1 0 4 172 86
1011 2 9 1 6 0 4 3 5 1 2 68 33
1012 14 0 2 3 1 5 3 70 42
1013 15 13 1 6 1 2 5 0 4 3 149 70
1014 2 14 3 3 4 3 2 251 19
1015 6 13 2 4 2 5 4 1 95 36
1016 9 1 1 6 3 1 0 2 4 5 66 80
1017 14 1 2 6 4 1 3 2 0 5 160 99
1018 15 14 3 3 4 5 3 75 100
1019 4 13 2 3 4 2 0 96 42
1020 6 10 1 6 4 3 1 5 2 0 137 48
1021 6 14 1 4 0 4 3 1 179 16
1022 9 1 1 6 1 4 2 5 3 0 71 39
1023 13 0 1 5 5 1 3 4 2 142 95
1024 5 14 3 5 1 3 2 4 5 130 67
1025 6 10 1 4 2 5 4 3 297 42
1026 9 0 2 6 0 1 2 4 5 3 100 66
1027 5 15 1 3 3 0 1 48 29
1028 15 7 2 3 1 2 3 116 33
1029 10 14 1 3 4 3 0 305 26
1030 2 4 2 6 2 0 4 1 3 5 62 15
1031 10 9 1 4 0 5 2 4 88 27
1032 4 14 3 3 0 1 3 32 90
1033 15 4 3 5 0 2 4 3 5 82 68
1034 5 7 3 4 5 0 1 2 30 58
1035 2 9 5 4 4 3 1 5 24 94
1036 10 0 2 5 4 3 0 5 1 109 83
1037 10 13 4 6 5 1 4 3 0 2 119 43
1038 6 9 2 4 3 0 4 5 18 41
1039 14 15 4 3 5 0 1 100 20
1040 5 9 2 3 4 0 1 75 100
1041 14 4 1 6 3 0 5 1 4 2 240 66
1042 10 1 5 4 4 3 0 2 142 26
1043 5 14 3 6 5 3 0 1 2 4 138 30
1044 2 0 2 6 0 5 1 4 2 3 57 50
1045 5 4 1 4 1 5 4 2 115 27
1046 13 9 2 6 2 4 1 0 5 3 128 67
1047 14 0 1 6 5 0 3 4 1 2 111 96
1048 13 14 2 6 1 2 5 3 4 0 171 39
1049 4 15 1 6 3 5 2 4 1 0 190 14
1050 15 0 1 6 0 1 3 2 5 4 99 13
1051 2 1 2 4 0 4 3 2 398 15
1052 2 10 2 3 4 0 5 39 68
1053 15 13 2 4 5 2 4 1 94 97
1054 5 14 6 6 4 1 2 0 3 5 59 76
1055 9 14 1 5 0 4 5 2 3 85 62
1056 4 9 2 3 1 3 5 28 62
1057 9 15 2 3 3 4 5 34 24
1058 2 10 5 4 5 3 2 0 109 16
1059 15 14 2 4 0 1 2 4 108 40
1060 15 10 1 5 2 0 5 3 1 56 23
1061 15 13 2 6 0 1 2 4 5 3 106 26
1062 14 15 1 5 2 0 3 1 5 94 50
1063 6 10 2 5 3 4 1 2 0 321 85
1064 6 13 2 6 3 4 0 1 5 2 68 57
1065 14 15 1 3 5 0 1 100 20
1066 6 13 2 6 5 0 1 4 3 2 173 84
1067 5 7 3 5 2 4 3 5 1 117 89
1068 13 14 2 6 1 2 5 3 4 0 171 39
1069 4 1 2 4 2 1 3 5 11 93
1070 9 4 5 4 2 5 1 3 96 59
1071 5 10 2 4 0 2 5 3 188 54
1072 10 7 4 6 0 4 3 5 1 2 163 40
1073 5 4 1 4 3 1 4 5 126 55
1074 10 14 5 3 1 4 5 87 14
1075 13 15 4 3 1 3 5 121 89
1076 5 13 3 3 5 3 4 215 52
1077 13 14 5 5 2 1 3 0 4 179 21
1078 10 7 2 4 5 3 1 2 173 17
1079 5 9 2 4 5 0 1 4 61 39
1080 13 10 2 4 1 3 5 0 152 61
1081 9 1 7 6 5 3 0 2 1 4 37 83
1082 5 15 2 4 3 1 2 0 153 97
1083 2 15 2 3 3 0 1 65 60
1084 6 7 4 3 3 2 5 95 20
1085 10 9 6 5 0 5 4 1 2 116 91
1086 15 10 3 3 5 2 0 29 61
1087 2 0 2 4 5 3 1 2 31 57
1088 15 7 5 3 2 4 5 148 53
1089 6 1 3 3 5 4 1 329 12
1090 6 14 4 5 2 1 5 3 4 13 60
1091 14 9 2 5 5 1 3 2 4 158 58
1092 5 0 2 6 2 1 5 4 0 3 105 62
1093 14 13 3 3 2 1 4 145 45
1094 9 14 2 4 0 3 4 2 69 29
1095 9 15 2 4 3 4 2 5 61 77
1096 5 10 3 6 4 5 2 1 0 3 293 77
1097 10 7 2 5 3 2 5 4 0 115 56
1098 6 14 4 6 4 2 5 1 0 3 14 45
1099 2 7 4 6 1 5 0 3 2 4 50 54
1100 13 15 3 5 3 5 2 0 4 60 20
75
1101 2 14 1 3 1 0 2 199 42
1102 14 10 2 4 1 2 3 5 52 56
1103 10 4 4 5 2 0 3 4 5 195 32
1104 9 1 2 5 2 3 0 1 4 78 72
1105 14 15 1 5 0 2 1 4 5 49 26
1106 6 15 1 4 4 1 3 5 101 90
1107 4 10 7 5 3 2 1 0 5 138 93
1108 6 10 4 6 4 3 1 5 2 0 137 48
1109 9 10 7 3 0 5 1 104 38
1110 15 13 8 4 4 0 5 2 100 52
1111 2 15 2 6 5 1 4 2 3 0 117 43
1112 4 1 3 5 2 0 5 1 4 55 43
1113 14 15 2 3 4 0 3 98 73
1114 10 14 3 3 1 4 5 87 14
1115 9 14 1 5 2 4 3 0 5 62 91
1116 15 4 2 4 4 5 3 0 131 78
1117 15 7 3 3 5 4 2 116 99
1118 10 0 3 6 0 5 1 2 4 3 138 42
1119 15 9 2 5 4 1 2 0 5 47 90
1120 15 10 2 4 3 4 0 2 199 82
1121 2 4 2 6 5 4 2 1 0 3 106 95
1122 6 4 3 6 3 4 2 0 5 1 32 48
1123 5 1 2 5 2 4 5 1 0 148 86
1124 9 10 2 3 0 5 2 34 31
1125 6 10 3 4 4 3 0 1 142 42
1126 6 0 1 4 5 4 2 0 91 64
1127 9 14 1 4 5 1 3 2 27 68
1128 5 1 4 6 0 5 4 3 2 1 141 93
1129 10 7 1 3 1 4 2 17 12
1130 6 13 4 6 3 4 0 1 5 2 68 57
1131 10 0 2 5 5 1 0 3 2 23 33
1132 2 7 5 6 0 1 4 5 3 2 80 15
1133 15 0 2 3 0 2 5 76 39
1134 6 1 2 3 0 4 5 372 87
1135 2 1 2 3 3 4 2 317 96
1136 6 4 4 5 5 3 1 0 2 87 68
1137 6 9 1 4 1 2 3 0 71 92
1138 4 15 4 5 5 1 0 2 4 105 29
1139 5 15 3 3 0 5 3 91 77
1140 5 9 1 3 0 3 4 71 90
1141 6 10 2 4 5 1 4 3 252 20
1142 14 13 2 3 1 0 2 140 35
1143 6 15 6 4 4 1 3 5 101 90
1144 9 7 3 4 2 1 4 3 131 98
1145 14 4 4 4 5 4 3 0 128 95
1146 2 7 1 6 5 0 1 2 4 3 60 15
1147 5 9 2 6 0 2 5 3 4 1 113 41
1148 5 0 2 3 4 2 5 82 94
1149 6 9 2 4 2 3 5 1 97 38
1150 14 10 5 3 0 3 4 239 23
1151 6 15 1 5 1 0 3 5 4 39 73
1152 15 0 1 4 3 2 4 1 51 15
1153 14 15 2 3 5 3 4 100 36
1154 14 13 3 5 0 3 5 1 2 165 57
1155 5 10 4 3 3 4 0 21 87
1156 9 10 1 4 2 1 5 4 26 40
1157 9 7 2 4 0 1 5 3 137 92
1158 15 1 2 3 2 3 0 66 77
1159 2 14 2 3 4 2 3 248 81
1160 2 4 2 5 1 5 2 4 3 133 70
1161 5 0 3 6 3 0 4 2 5 1 67 27
1162 2 0 1 4 5 3 1 2 31 57
1163 15 7 5 3 5 0 4 155 35
1164 15 14 1 3 4 5 3 75 100
1165 14 10 7 6 5 1 4 0 2 3 159 32
1166 6 0 5 5 1 4 0 5 2 110 62
1167 15 7 3 5 1 3 2 5 4 190 86
1168 9 4 4 6 2 1 3 4 5 0 72 39
1169 2 4 3 4 0 4 1 3 61 68
1170 6 14 5 4 5 2 0 4 267 53
1171 6 4 4 4 1 5 0 4 120 84
1172 4 13 2 4 0 2 1 4 235 26
1173 9 15 2 3 3 4 5 34 24
1174 13 9 2 6 5 4 1 2 0 3 111 16
1175 6 13 2 6 3 4 0 1 5 2 68 57
90
1176 14 1 2 5 2 1 4 3 5 128 87
1177 4 0 3 6 1 5 4 2 0 3 50 45
1178 10 7 1 3 4 0 3 93 38
1179 13 1 3 5 4 0 1 3 5 111 26
1180 13 15 3 4 3 4 1 0 170 36
1181 9 0 2 4 1 2 5 3 43 21
1182 5 9 1 5 2 5 1 0 3 87 98
1183 14 15 4 3 3 4 5 106 18
1184 5 15 5 3 4 3 1 17 21
1185 14 0 2 5 0 4 5 1 2 34 23
1186 2 9 1 3 3 4 5 54 36
1187 15 13 1 6 3 2 0 5 1 4 61 45
1188 4 9 1 4 2 0 1 5 118 66
1189 4 0 1 6 3 1 4 2 5 0 106 26
1190 13 14 4 6 1 2 3 0 4 5 172 77
1191 9 7 3 4 0 1 5 3 137 92
1192 4 1 1 3 1 3 4 100 60
1193 14 4 3 6 3 0 5 1 4 2 240 66
1194 2 0 1 3 3 4 1 84 64
1195 10 13 2 4 4 0 1 2 190 56
1196 14 15 4 6 1 3 0 4 5 2 66 70
1197 10 7 1 6 2 1 0 5 3 4 80 94
1198 6 9 3 4 5 4 1 3 141 82
1199 14 7 1 4 1 3 4 5 166 16
1200 13 7 2 4 2 0 1 3 173 78
1201 13 14 1 6 1 2 5 3 4 0 171 39
1202 6 15 1 6 1 2 4 3 0 5 80 87
1203 15 14 1 4 5 1 3 4 94 29
1204 10 1 3 5 2 4 3 5 0 138 99
1205 6 4 5 3 2 1 4 94 41
1206 9 15 2 5 4 5 2 1 3 57 45
1207 2 15 1 4 2 4 1 5 45 48
1208 14 15 1 5 0 1 3 4 2 68 92
1209 10 7 4 5 4 2 5 0 1 14 21
1210 10 4 2 3 3 0 4 45 81
1211 6 13 1 5 4 5 3 1 0 159 44
1212 2 15 4 3 5 0 2 39 97
1213 9 15 2 4 0 2 3 5 54 14
1214 14 4 2 4 3 5 0 2 95 63
1215 6 0 3 4 2 4 0 1 27 94
1216 6 0 1 3 3 5 2 47 79
1217 15 4 1 5 4 5 1 2 3 206 62
1218 15 0 4 5 4 3 0 2 1 19 91
1219 4 1 4 6 1 3 0 4 2 5 105 74
1220 4 15 3 5 5 3 4 0 1 10 37
1221 2 0 2 6 5 1 0 2 4 3 16 19
1222 13 7 2 4 4 1 3 0 119 32
1223 2 7 2 5 0 2 1 3 4 148 57
1224 2 0 1 4 5 3 1 2 31 57
1225 15 0 2 4 0 2 5 1 82 34
1226 6 9 2 4 3 0 4 5 18 41
1227 5 1 3 3 5 2 3 38 24
1228 5 10 2 4 5 2 3 4 58 12
1229 4 1 2 4 3 1 0 5 83 65
1230 15 0 2 6 2 0 3 1 5 4 75 92
1231 4 14 4 3 0 1 3 32 90
1232 13 1 1 4 2 4 0 5 128 99
1233 15 0 3 4 4 0 5 1 60 86
1234 2 0 3 3 3 4 1 84 64
1235 5 15 1 4 2 5 0 3 205 11
1236 14 1 1 5 1 0 2 5 4 105 27
1237 10 1 3 5 0 1 5 4 3 394 63
1238 10 0 2 6 0 1 3 5 4 2 25 100
1239 6 1 4 3 2 5 3 25 38
1240 10 13 3 6 5 1 4 3 0 2 119 43
1241 13 15 4 5 1 3 0 4 2 118 94
1242 5 4 2 4 1 5 4 2 115 27
1243 5 9 4 4 0 4 1 3 104 97
1244 10 14 1 5 3 2 1 0 4 172 86
1245 15 9 3 6 3 5 2 0 4 1 110 97
1246 4 0 4 4 4 3 1 2 163 81
1247 14 13 2 3 2 4 5 108 29
1248 14 9 3 3 0 4 5 61 25
1249 10 15 1 3 3 5 2 75 75
1250 13 9 5 4 2 0 4 3 49 98
1251 6 15 3 6 4 5 0 2 1 3 139 50
1252 9 4 3 3 3 5 4 56 63
1253 9 13 3 4 1 2 4 0 57 90
1254 10 1 2 5 0 1 5 4 3 394 63
1255 10 1 5 4 4 3 0 2 142 26
1256 15 0 6 4 0 2 4 5 56 46
1257 4 14 2 3 1 4 5 79 56
1258 10 0 2 3 1 2 5 123 14
1259 14 7 3 3 2 5 0 194 47
1260 13 14 3 3 3 2 1 94 57
1261 5 7 2 4 5 0 1 3 179 21
1262 6 14 2 5 1 5 3 4 0 222 42
1263 9 0 3 3 0 5 3 29 64
1264 5 14 2 6 3 2 0 5 1 4 149 17
1265 4 1 9 3 1 3 4 100 60
75
1266 2 10 2 6 0 2 5 3 4 1 145 14
1267 13 1 2 4 1 2 5 0 103 47
1268 9 10 2 3 1 3 2 96 56
1269 6 1 2 6 5 3 0 2 1 4 107 19
1270 5 4 5 4 1 0 4 3 161 57
1271 2 9 1 5 3 0 1 4 5 85 65
1272 9 0 1 5 1 3 4 2 5 110 39
1273 2 13 1 6 2 3 5 4 1 0 81 21
1274 2 10 1 3 5 4 3 175 77
1275 13 9 2 5 2 5 1 0 4 65 85
1276 10 14 2 4 4 1 5 0 137 73
1277 13 14 6 6 3 1 0 2 4 5 183 33
1278 13 0 2 3 5 3 4 137 52
1279 13 9 1 6 2 4 1 0 5 3 128 67
1280 14 7 1 4 1 3 4 5 166 16
1281 2 10 1 3 1 5 3 32 60
1282 15 10 3 3 2 3 4 229 80
1283 15 10 2 6 4 3 2 1 0 5 180 74
1284 14 7 3 4 1 3 4 5 166 16
1285 15 7 2 3 0 3 4 60 81
1286 14 7 2 6 0 2 3 1 5 4 107 19
1287 2 15 2 3 5 0 2 39 97
1288 13 9 2 3 4 1 3 50 20
1289 2 9 1 3 3 4 5 54 36
1290 4 14 1 3 1 3 4 60 79
1291 5 10 2 5 4 3 1 2 0 492 87
1292 2 1 3 3 3 4 2 317 96
1293 6 7 1 5 0 3 1 5 4 160 100
1294 9 1 2 3 5 3 2 54 43
1295 5 1 1 3 5 2 3 38 24
1296 15 4 2 3 5 3 1 137 19
1297 10 9 5 6 2 4 5 3 0 1 53 84
1298 4 14 3 6 3 5 4 1 0 2 81 82
1299 2 7 2 5 0 5 1 3 2 98 11
1300 15 10 4 4 3 4 0 2 199 82
1301 6 14 3 3 2 5 4 135 17
1302 2 9 4 5 4 0 1 3 5 59 53
1303 5 14 8 6 3 1 4 0 2 5 163 44
1304 14 0 2 6 1 0 3 5 4 2 93 57
1305 15 0 5 4 3 2 4 1 51 15
1306 14 4 2 3 1 3 2 58 51
1307 4 0 3 5 3 5 2 1 0 87 20
1308 9 4 8 5 2 5 0 3 4 97 20
1309 15 13 2 4 0 1 4 5 75 17
1310 9 4 2 6 2 1 3 4 5 0 72 39
1311 10 1 1 5 1 3 5 4 2 291 41
1312 5 14 3 6 5 3 0 1 2 4 138 30
1313 13 0 2 5 2 1 4 0 3 72 78
1314 15 14 2 3 5 2 0 136 22
1315 6 7 1 4 4 5 2 0 73 17
1316 6 0 3 5 1 4 0 5 2 110 62
1317 5 4 6 6 0 1 4 2 5 3 106 15
1318 10 15 3 5 3 1 2 4 0 182 29
1319 13 10 1 4 4 5 3 0 267 35
1320 4 15 3 6 5 4 1 2 0 3 197 25
1321 13 15 1 5 1 5 4 3 0 96 84
1322 2 15 2 4 5 0 3 2 90 76
1323 4 15 1 6 5 3 0 4 2 1 93 37
1324 2 0 2 5 2 0 5 1 3 99 12
1325 10 15 3 5 3 1 2 4 0 182 29
1326 9 14 2 6 4 1 3 2 0 5 30 37
1327 14 15 2 6 4 3 2 5 0 1 201 27
1328 15 1 4 4 0 3 5 4 74 66
1329 15 4 3 5 4 5 1 2 3 206 62
1330 10 9 5 6 3 2 1 0 5 4 51 22
1331 4 14 2 3 1 3 4 60 79
1332 15 0 2 6 1 0 3 5 2 4 168 15
1333 10 4 4 6 3 4 1 0 2 5 111 64
1334 2 13 2 6 4 3 1 5 2 0 14 60
1335 10 1 1 4 1 4 2 0 112 31
1336 9 7 3 4 2 3 5 0 50 58
1337 2 1 2 3 0 5 2 511 34
1338 4 14 2 6 3 5 4 1 0 2 81 82
1339 2 0 2 4 5 2 4 1 69 75
1340 4 7 2 4 4 3 5 2 132 34
98
1341 15 1 1 4 5 2 3 0 45 67
1342 14 9 1 3 0 3 5 52 32
1343 10 9 1 3 2 0 5 152 86
1344 15 13 1 5 5 4 3 2 0 250 60
1345 2 13 2 5 4 0 2 1 5 111 29
1346 15 14 1 4 2 5 1 4 95 35
1347 5 14 1 5 0 2 4 3 5 164 61
1348 13 4 3 4 5 2 1 0 37 36
1349 6 9 2 5 0 3 5 1 4 88 60
1350 6 13 1 5 1 0 5 4 3 251 82
1351 10 4 1 3 1 0 4 19 13
1352 4 13 1 3 2 0 4 81 89
1353 6 0 1 4 4 2 3 1 71 47
1354 10 4 2 4 1 5 0 3 30 82
1355 5 9 1 6 1 5 0 3 2 4 64 57
1356 5 14 2 6 3 2 0 5 1 4 149 17
1357 2 4 1 5 0 1 2 4 3 158 46
1358 6 0 3 3 4 3 0 97 78
1359 14 15 1 6 4 3 2 5 0 1 201 27
1360 4 15 4 5 5 1 0 2 4 105 29
1361 10 1 1 5 2 4 1 3 5 130 17
1362 4 7 3 4 2 4 0 1 219 17
1363 9 0 1 4 4 5 2 1 96 62
1364 9 4 1 3 5 1 4 61 76
1365 2 4 2 5 3 1 2 4 5 60 65
1366 5 1 1 6 0 5 4 3 2 1 141 93
1367 15 0 3 3 0 2 5 76 39
1368 15 13 2 3 5 0 1 115 35
1369 13 1 2 5 5 0 1 4 3 132 72
1370 6 9 1 6 0 4 1 3 5 2 106 52
1371 6 10 3 4 1 2 4 5 82 23
1372 5 9 1 3 2 3 1 96 81
1373 14 1 1 6 2 4 1 5 0 3 30 34
1374 14 7 1 6 2 0 5 4 1 3 176 27
1375 4 13 1 5 4 2 1 5 0 235 56
1376 6 15 1 3 5 2 0 199 38
1377 4 10 2 6 3 4 0 1 2 5 124 71
1378 5 7 1 6 5 2 1 0 3 4 184 42
1379 4 0 2 3 3 4 1 98 64
1380 5 7 5 6 3 1 0 4 5 2 90 39
1381 13 1 1 5 1 5 2 4 3 37 86
1382 10 9 2 3 2 0 5 152 86
1383 13 7 3 4 2 3 5 0 119 30
1384 15 0 1 4 0 2 4 5 56 46
1385 13 4 1 4 5 2 1 0 37 36
1386 10 0 5 6 4 2 5 3 1 0 106 54
1387 15 13 2 4 4 5 1 0 100 79
1388 2 14 2 5 1 5 0 4 3 213 65
1389 15 9 2 5 4 1 2 0 5 47 90
1390 10 4 1 4 1 2 4 5 75 27
1391 13 4 2 5 1 0 4 2 5 157 53
1392 9 15 1 5 5 4 0 1 2 114 97
1393 13 15 2 3 5 2 1 164 34
1394 10 7 2 3 4 1 0 28 95
1395 10 9 2 3 4 0 1 83 29
1396 2 10 8 4 3 0 2 5 307 82
1397 14 13 2 5 0 3 4 5 2 183 75
1398 4 13 2 4 3 2 1 4 137 44
1399 4 9 4 3 5 3 2 126 26
1400 2 0 1 6 3 1 4 5 0 2 102 43
1401 2 7 2 3 0 2 5 59 96
1402 5 7 2 6 1 2 5 3 0 4 90 50
1403 14 1 2 5 5 1 0 2 3 167 71
1404 15 10 5 6 5 4 1 2 0 3 155 38
1405 14 15 2 3 2 0 4 143 32
1406 6 4 3 3 2 1 4 94 41
1407 2 0 3 4 3 1 4 0 41 66
1408 5 0 2 3 4 2 5 82 94
1409 4 15 2 3 2 1 5 173 10
1410 15 4 1 5 4 5 1 2 3 206 62
1411 5 9 2 5 3 5 0 1 4 82 99
1412 6 15 1 5 2 1 4 0 5 21 67
1413 10 7 2 6 1 5 2 0 3 4 81 58
1414 15 13 1 3 3 2 0 136 67
1415 5 10 1 4 3 2 4 5 186 54
1416 4 13 6 3 4 2 0 96 42
1417 15 9 2 5 4 2 5 0 1 62 77
1418 5 14 2 4 3 4 5 2 12 25
1419 15 10 2 6 5 4 3 1 0 2 134 79
1420 5 4 1 4 1 5 4 2 115 27
1421 14 9 2 4 1 4 3 5 68 87
1422 2 1 5 4 0 1 2 5 331 29
1423 9 14 3 3 4 1 5 50 81
1424 6 0 7 4 1 5 2 0 96 47
1425 2 1 3 6 4 0 5 3 2 1 387 57
1426 2 10 2 5 3 5 0 1 2 44 80
1427 4 10 2 4 2 0 5 4 167 45
1428 9 4 3 5 2 0 4 1 3 57 57
1429 5 4 5 5 3 0 5 2 1 111 55
1430 6 0 3 3 5 1 4 79 69
1431 10 9 4 6 4 2 5 1 0 3 120 72
1432 2 7 4 3 1 3 0 119 44
1433 2 14 2 3 4 0 5 24 95
1434 15 14 2 4 3 5 2 1 127 48
1435 13 0 5 3 2 3 5 96 47
1436 15 4 3 5 4 5 1 2 3 206 62
1437 6 13 4 6 1 2 5 3 0 4 129 34
1438 5 7 2 5 2 0 5 4 3 53 94
72
1439 15 14 1 3 5 2 0 136 22
1440 5 9 1 4 4 1 5 3 87 17
1441 4 15 1 3 2 3 0 103 13
1442 15 14 3 5 3 5 4 2 1 104 72
1443 4 1 1 4 2 1 3 5 11 93
1444 6 9 3 4 2 3 5 1 97 38
1445 5 14 1 5 1 3 5 4 0 59 97
1446 9 1 1 6 5 4 3 0 2 1 35 33
1447 2 1 2 3 0 4 3 86 20
1448 4 0 3 6 2 1 0 4 3 5 31 51
1449 4 13 2 3 2 0 4 81 89
1450 9 4 2 3 3 5 4 56 63
1451 10 4 1 5 4 3 1 5 2 101 36
1452 14 9 3 5 5 1 3 2 4 158 58
1453 15 4 3 5 4 5 1 2 3 69 54
1454 15 0 3 4 4 0 5 1 60 86
1455 10 4 2 5 2 0 3 4 5 195 32
1456 6 1 1 4 1 2 0 5 203 86
1457 15 1 2 6 2 4 1 5 0 3 64 10
1458 2 0 2 6 4 1 2 5 3 0 42 75
1459 14 13 4 6 1 0 3 4 5 2 152 64
1460 14 0 3 5 1 2 0 4 5 53 16
1461 5 15 1 4 3 1 2 0 153 97
1462 4 10 1 3 2 3 5 117 38
1463 14 10 2 3 3 2 0 107 43
1464 10 7 1 4 0 2 3 4 113 48
1465 4 10 3 6 2 5 4 1 3 0 107 15
1466 4 1 2 3 0 1 4 116 76
1467 14 9 2 6 3 2 4 5 0 1 102 35
1468 14 10 1 6 5 1 4 0 2 3 159 32
1469 6 0 7 5 5 4 0 3 2 32 49
1470 6 13 2 4 2 1 4 5 180 20
1471 14 9 3 4 2 4 0 5 23 39
1472 4 0 1 5 0 5 3 1 2 119 71
1473 5 1 4 5 3 1 0 5 2 139 30
1474 13 1 6 4 2 4 0 5 128 99
1475 2 0 2 5 2 0 5 1 3 99 12
1476 15 4 2 5 4 5 1 2 3 206 62
1477 9 13 1 4 2 4 1 5 109 41
1478 4 14 1 6 2 5 1 0 4 3 107 36
1479 13 4 1 5 4 2 3 0 1 81 17
1480 15 14 4 4 1 3 4 5 108 41
1481 5 15 1 4 2 5 0 3 205 11
1482 10 7 3 6 0 4 3 5 1 2 163 40
1483 14 0 1 6 3 2 4 0 5 1 100 47
1484 13 10 1 5 5 1 0 4 2 124 27
1485 15 9 1 5 3 2 1 4 0 149 39
1486 10 7 2 6 2 1 0 5 3 4 80 94
1487 14 10 2 3 0 3 4 239 23
1488 9 13 2 5 4 1 5 0 2 122 16
1489 2 14 3 6 5 2 1 0 3 4 110 26
1490 9 13 4 5 4 1 5 0 2 122 16
1491 14 15 1 5 1 2 4 0 3 115 28
1492 9 7 2 3 5 3 0 75 97
1493 4 15 3 6 4 0 3 5 2 1 30 91
1494 14 7 4 3 5 2 0 127 34
1495 6 1 1 3 4 5 2 305 17
1496 13 14 2 6 1 2 3 0 4 5 172 77
1497 6 9 3 6 5 2 0 3 4 1 35 42
1498 6 0 1 4 1 3 5 4 33 54
1499 5 10 3 4 5 2 3 4 58 12
1500 5 7 4 6 3 1 0 4 5 2 90 39
1501 10 4 4 4 0 1 3 4 126 82
1502 9 4 2 3 1 0 4 111 77
1503 14 1 2 3 0 3 4 153 99
1504 4 9 1 6 4 0 1 2 3 5 55 87
1505 13 10 2 5 1 3 2 4 0 36 34
1506 5 14 2 6 3 1 4 0 2 5 163 44
1507 14 10 2 5 3 2 0 4 5 290 60
1508 4 13 4 4 1 4 5 2 191 61
1509 13 4 3 6 1 0 3 4 2 5 186 50
1510 14 1 2 5 5 1 0 2 3 167 71
87
1511 4 13 1 3 3 0 2 226 64
1512 4 1 3 4 2 1 3 5 11 93
1513 4 14 2 6 2 5 1 0 4 3 107 36
1514 4 13 3 4 5 3 1 2 105 81
1515 6 10 1 4 1 2 4 5 82 23
1516 15 1 3 5 4 3 5 2 0 52 87
1517 10 9 3 3 1 4 2 24 53
1518 9 1 2 6 5 3 0 2 1 4 37 83
1519 2 9 3 3 1 0 5 83 76
1520 2 13 5 3 2 3 4 153 48
1521 6 0 2 3 1 0 3 95 78
1522 4 15 3 6 4 0 3 5 2 1 30 91
1523 15 10 3 5 5 3 1 4 0 63 33
1524 4 14 2 5 3 4 2 5 0 148 56
1525 4 0 4 5 5 0 2 3 4 75 35
1526 13 14 2 3 5 3 1 147 39
1527 13 0 1 4 2 1 4 5 141 97
1528 9 7 1 3 5 3 0 75 97
1529 15 1 4 6 2 1 3 4 0 5 68 98
1530 9 15 2 3 4 5 3 23 68
1531 15 14 1 3 1 0 2 48 76
1532 4 10 1 6 2 5 4 1 3 0 107 15
1533 13 4 2 4 2 3 4 5 111 17
1534 2 14 2 3 4 3 2 251 19
1535 15 13 3 4 3 0 4 1 203 84
1536 13 14 3 6 3 1 2 0 4 5 110 34
1537 9 1 4 5 5 3 4 2 1 41 70
1538 6 1 4 4 1 2 0 5 203 86
1539 4 14 2 5 3 4 2 1 5 139 95
1540 2 4 1 5 0 4 2 5 3 135 100
1541 10 14 1 4 0 1 5 2 25 14
1542 6 0 3 5 4 1 3 5 0 42 25
1543 10 1 1 3 4 3 2 217 47
1544 9 14 1 4 4 2 0 1 120 93
1545 2 13 8 4 5 2 0 4 120 44
1546 2 7 2 5 0 2 1 3 4 148 57
1547 13 14 2 4 0 2 1 3 50 56
1548 13 0 2 5 5 0 4 1 3 126 67
1549 14 10 2 4 3 4 1 0 76 80
1550 2 13 2 6 1 5 2 0 3 4 66 40
1551 14 10 1 6 4 3 1 2 0 5 121 28
1552 5 10 2 6 5 2 4 1 0 3 171 17
1553 4 1 3 4 4 3 1 0 26 76
1554 13 7 2 5 0 2 4 3 1 64 14
1555 5 10 1 3 4 1 5 128 48
1556 2 13 2 4 3 4 2 5 171 57
1557 9 14 5 4 0 4 5 2 126 41
1558 9 14 2 4 0 4 5 2 126 41
1559 6 1 4 6 5 3 0 2 1 4 107 19
1560 4 14 2 6 0 3 5 4 1 2 207 46
1561 15 1 2 4 3 5 4 2 66 60
1562 15 13 2 5 5 4 3 2 0 250 60
1563 6 13 3 3 0 4 2 136 45
1564 9 1 1 4 0 2 5 3 33 76
1565 9 10 1 4 1 4 0 3 84 38
1566 15 14 3 5 2 0 5 1 3 113 50
1567 10 15 4 3 3 4 2 83 78
1568 2 4 3 4 0 5 2 1 56 97
1569 13 10 2 4 2 3 0 5 52 99
1570 6 1 2 3 4 5 2 305 17
1571 5 10 2 4 3 2 4 5 186 54
1572 10 13 2 6 4 1 5 3 2 0 117 29
1573 9 13 3 4 1 2 4 0 57 90
1574 13 7 2 4 5 2 4 0 205 32
1575 15 13 1 5 1 4 0 2 3 164 47
1576 6 4 2 3 5 1 4 64 63
1577 13 10 3 5 4 5 0 2 3 31 20
1578 6 9 3 4 0 3 4 1 58 60
1579 15 14 2 3 5 2 0 136 22
1580 5 0 3 3 3 4 0 162 66
1581 13 15 3 5 5 4 1 2 3 111 32
1582 4 0 5 5 5 3 0 1 4 100 81
1583 6 13 3 6 5 4 0 1 2 3 27 31
1584 2 9 3 4 5 4 2 0 118 93
1585 4 10 1 3 2 3 5 117 38
1586 5 10 2 3 4 1 2 162 36
1587 2 0 3 3 4 0 1 17 38
1588 5 7 7 3 4 1 3 175 68
1589 9 14 5 4 0 3 4 2 69 29
1590 2 7 2 4 4 3 2 1 158 83
1591 6 1 1 5 1 2 4 5 3 258 88
1592 5 14 2 5 4 5 0 1 2 123 40
1593 9 1 4 5 0 3 4 1 2 72 80
1594 10 4 2 5 2 4 5 0 1 104 75
1595 5 0 2 3 1 4 5 58 57
1596 14 4 4 6 3 0 5 1 4 2 240 66
1597 9 7 2 5 5 0 2 4 3 25 67
84
1598 4 15 6 6 5 3 4 0 1 2 90 10
1599 15 0 2 4 1 2 3 4 81 35
1600 14 4 1 4 1 4 5 3 236 81
1601 4 9 3 6 4 0 2 1 3 5 45 31
1602 14 1 1 4 4 3 2 1 170 38
1603 15 4 1 4 1 2 4 5 67 51
1604 14 7 1 4 4 0 3 2 137 79
1605 2 13 1 5 2 0 1 4 5 68 70
1606 9 1 2 3 0 1 5 14 66
1607 2 9 4 3 0 3 1 94 92
1608 10 15 3 4 5 2 1 4 72 74
1609 9 13 1 5 4 1 5 0 2 122 16
1610 14 10 1 6 3 4 1 0 2 5 143 42
1611 4 0 2 4 1 2 3 0 158 76
1612 15 1 1 6 1 4 5 0 3 2 136 58
1613 5 9 2 6 1 5 0 3 2 4 64 57
1614 6 13 1 6 1 2 5 0 4 3 156 98
1615 4 1 3 4 5 0 3 1 36 95
1616 10 9 4 3 4 0 1 83 29
1617 13 14 2 3 5 0 2 140 19
1618 9 1 1 3 4 3 2 54 80
1619 13 7 3 5 1 4 5 0 2 62 67
1620 13 15 1 5 0 1 4 5 2 118 89
1621 5 14 12 6 3 1 4 0 2 5 163 44
1622 4 1 8 3 1 3 0 134 71
1623 9 4 1 3 5 1 4 61 76
1624 13 9 4 5 2 5 1 0 4 65 85
1625 13 14 2 6 2 4 0 5 3 1 122 97
1626 13 14 1 3 5 0 2 140 19
1627 15 13 2 4 3 0 4 1 203 84
1628 2 13 2 5 3 0 4 1 5 93 97
1629 4 0 1 4 1 4 5 3 82 20
1630 4 0 3 4 1 4 5 3 82 20
1631 4 13 1 5 4 1 2 0 3 29 95
1632 4 0 5 6 5 4 2 1 3 0 107 57
1633 13 9 2 4 3 1 0 4 53 75
1634 4 0 1 3 3 4 1 98 64
1635 15 7 5 5 1 3 2 5 4 190 86
1636 6 9 1 4 0 2 4 3 124 19
1637 14 9 4 4 0 1 5 4 46 95
1638 13 0 5 5 2 1 4 0 3 72 78
1639 10 15 4 5 0 1 3 2 4 149 20
1640 6 0 3 3 4 3 0 97 78
1641 15 14 2 3 1 2 4 158 19
1642 2 13 2 4 0 4 1 2 121 40
1643 4 14 2 6 2 5 1 0 4 3 107 36
1644 13 7 2 6 2 5 3 0 1 4 10 46
1645 4 14 3 5 5 0 2 3 1 124 54
1646 9 1 1 4 3 5 0 1 76 91
1647 6 0 1 3 1 2 0 58 76
1648 5 0 1 4 5 3 0 1 166 51
1649 2 7 1 3 1 3 0 12 16
1650 4 0 2 4 1 4 5 3 82 20
1651 13 1 2 6 0 2 3 1 4 5 55 48
1652 6 9 1 5 3 1 2 5 4 71 99
1653 13 0 2 5 5 0 4 1 3 126 67
1654 13 0 3 5 5 1 3 4 2 142 95
1655 10 14 3 3 0 2 5 229 77
1656 13 15 1 6 4 1 2 5 0 3 146 48
1657 13 15 3 4 2 5 3 0 291 29
1658 14 15 2 3 2 4 3 226 14
1659 5 15 2 3 4 3 1 17 21
1660 4 0 3 4 1 2 3 0 158 76
1661 6 1 2 5 1 2 4 0 5 237 52
1662 5 7 3 6 4 5 2 1 0 3 51 20
1663 15 10 5 5 5 3 1 4 0 63 33
1664 13 15 4 6 2 3 5 0 1 4 202 72
1665 4 10 6 5 4 3 1 2 5 67 70
1666 2 13 2 5 5 0 3 4 2 131 21
1667 13 1 4 4 2 4 3 5 125 32
1668 5 13 1 5 3 5 1 2 0 118 65
1669 4 1 3 6 1 5 4 2 0 3 65 49
1670 4 1 2 3 3 4 5 67 94
1671 5 10 3 4 5 4 3 2 380 12
1672 9 1 2 4 0 4 2 1 58 97
1673 6 7 2 6 1 3 2 4 5 0 107 52
1674 2 14 2 3 3 0 2 162 78
1675 10 15 1 6 2 5 1 3 4 0 213 44
1676 4 14 5 3 3 4 2 29 80
1677 6 15 4 6 4 3 0 2 5 1 27 48
1678 2 4 2 4 5 3 0 4 93 95
1679 15 7 3 4 2 0 5 4 129 87
1680 10 4 2 6 2 1 5 0 4 3 185 31
1681 13 1 3 4 1 5 0 4 54 36
91
1682 10 9 2 3 1 4 2 24 53
1683 5 9 2 5 2 1 5 3 4 54 13
1684 4 15 1 4 0 4 5 1 101 37
1685 4 10 1 6 5 0 1 3 4 2 40 89
1686 6 13 2 6 5 4 0 1 2 3 27 31
1687 14 0 1 3 4 1 3 64 58
1688 6 14 4 6 3 5 2 4 0 1 110 58
1689 6 14 1 5 4 5 1 0 2 256 95
1690 6 14 2 3 0 2 1 187 27
1691 13 7 2 3 1 2 3 160 86
1692 2 10 3 3 5 0 1 309 75
1693 10 0 2 5 1 4 2 3 5 108 91
1694 2 1 2 4 0 3 1 4 154 68
1695 14 7 3 6 0 2 3 1 5 4 107 19
1696 15 13 2 6 0 2 3 4 1 5 143 92
1697 2 15 3 6 0 2 5 1 3 4 84 76
1698 14 4 3 4 1 4 5 3 236 81
1699 13 4 1 3 4 1 5 54 42
1700 2 0 6 6 0 5 1 4 2 3 57 50
1701 10 13 5 6 5 1 4 3 0 2 119 43
1702 2 13 2 5 4 0 2 1 5 111 29
1703 15 7 2 4 3 4 0 1 189 85
1704 6 0 1 6 1 4 2 5 0 3 108 54
1705 2 15 2 4 2 4 1 5 45 48
1706 2 7 2 6 1 0 3 5 4 2 72 82
1707 13 15 4 3 1 0 2 122 42
1708 5 7 1 5 3 2 0 1 4 160 37
1709 13 9 1 5 0 5 4 1 2 73 41
1710 5 0 1 5 0 5 4 3 2 79 76
1711 2 9 1 6 2 3 4 0 1 5 100 83
1712 4 1 3 4 3 1 0 5 83 65
1713 2 14 2 6 5 2 1 0 3 4 110 26
1714 10 7 1 3 4 0 3 93 38
1715 6 15 2 3 4 0 1 46 61
1716 6 9 1 6 0 4 1 3 5 2 106 52
1717 15 0 1 5 4 3 0 2 1 19 91
1718 9 0 2 3 0 5 3 29 64
1719 15 0 1 3 4 0 5 130 21
1720 2 9 2 3 1 4 5 50 56
1721 9 15 1 3 3 4 0 148 74
1722 14 4 4 4 1 4 5 3 236 81
1723 13 7 2 4 4 1 3 0 119 32
1724 9 15 1 5 4 5 2 1 3 57 45
1725 9 1 2 3 4 3 2 54 80
1726 6 13 2 5 1 3 4 2 5 124 31
1727 4 13 1 6 4 2 1 3 0 5 181 55
1728 14 9 6 6 0 5 3 4 2 1 49 45
1729 15 0 2 6 5 1 3 4 0 2 94 55
1730 4 1 3 5 2 0 5 1 4 55 43
1731 9 4 3 5 2 0 4 1 3 57 57
1732 2 4 1 5 3 1 2 4 5 60 65
1733 13 15 1 5 1 3 0 4 2 118 94
1734 13 7 2 3 1 2 3 160 86
1735 6 1 1 4 1 4 5 3 207 95
1736 10 13 1 3 0 5 3 36 93
1737 6 10 3 6 0 5 2 1 3 4 248 62
1738 5 10 2 4 0 2 5 3 188 54
1739 2 10 4 3 3 0 1 116 95
1740 14 7 4 5 0 1 2 5 3 139 72
1741 15 9 2 6 3 5 2 0 4 1 110 97
1742 15 10 1 3 5 2 0 29 61
1743 10 15 1 3 1 5 2 39 41
1744 9 7 3 5 5 2 0 3 4 10 80
1745 10 14 4 3 1 4 5 87 14
1746 9 4 3 5 4 1 0 3 2 47 49
1747 2 1 3 4 0 3 1 4 154 68
1748 5 7 1 5 1 5 0 3 4 64 54
1749 13 4 1 3 2 1 0 114 80
1750 13 4 3 6 1 0 3 4 2 5 186 50
1751 14 10 3 5 2 4 3 1 0 184 94
1752 2 10 3 3 4 1 5 227 46
1753 10 4 3 4 1 2 4 5 75 27
1754 5 15 2 6 5 1 4 2 0 3 81 88
1755 4 9 2 5 5 1 3 2 0 51 26
1756 13 10 2 5 1 0 2 5 3 120 29
1757 2 13 2 5 4 0 2 1 5 111 29
1758 10 14 1 6 5 0 1 2 3 4 74 66
1759 14 10 3 6 4 5 0 1 2 3 238 56
1760 2 7 2 3 1 3 0 12 16
1761 4 0 3 5 3 1 0 5 2 152 47
1762 13 1 2 5 0 4 1 2 5 67 35
1763 15 13 3 5 5 4 3 2 0 250 60
1764 5 1 3 6 0 4 5 3 2 1 133 42
1765 6 15 2 6 4 5 0 2 1 3 139 50
1766 9 1 4 6 2 1 3 5 0 4 57 95
1767 14 7 5 6 2 0 5 4 1 3 176 27
1768 9 10 2 4 3 1 0 4 46 74
1769 5 7 2 6 4 5 2 1 0 3 51 20
1770 10 1 5 3 4 3 2 217 47
1771 6 4 2 4 1 5 0 4 120 84
1772 10 13 2 4 4 0 2 5 79 50
90
1773 6 0 7 3 2 5 3 96 29
1774 9 7 2 5 4 0 3 5 1 70 34
1775 5 1 1 5 5 4 0 3 1 188 44
1776 14 1 1 6 2 4 0 3 1 5 38 72
1777 13 4 1 5 4 2 3 0 1 81 17
1778 13 10 2 5 1 3 0 2 5 102 90
1779 10 13 1 5 0 1 2 4 5 98 74
1780 2 0 1 3 0 5 2 63 73
1781 14 10 1 4 1 2 3 5 52 56
1782 4 7 1 3 0 1 4 116 86
1783 9 13 2 3 1 2 3 119 18
1784 4 1 1 5 1 4 2 3 0 180 90
1785 4 13 1 6 3 0 5 1 4 2 152 32
1786 10 13 1 6 5 4 0 3 2 1 127 17
1787 6 9 1 6 5 2 0 3 4 1 35 42
1788 6 14 6 4 2 0 5 3 155 52
1789 2 10 5 3 1 5 3 32 60
1790 13 7 3 6 3 4 2 1 5 0 197 35
1791 10 1 3 5 2 4 1 3 5 130 17
1792 9 14 2 5 3 1 0 5 4 101 37
1793 14 13 3 5 0 5 4 1 2 53 31
1794 6 10 3 6 0 5 2 1 3 4 248 62
1795 10 14 2 3 2 1 3 112 92
1796 15 13 4 6 0 1 2 4 5 3 106 26
1797 2 9 2 6 0 4 3 5 1 2 68 33
1798 4 13 1 4 0 2 1 4 235 26
1799 4 14 1 6 3 5 4 1 0 2 81 82
1800 9 13 1 4 2 4 1 5 109 41
1801 2 9 2 5 4 2 3 0 1 95 71
1802 5 14 2 4 0 4 1 2 228 46
1803 10 1 2 5 2 4 1 3 5 130 17
1804 5 15 1 4 4 5 1 0 85 16
1805 15 14 2 4 0 1 5 4 89 44
1806 6 15 3 5 1 0 3 5 4 39 73
1807 10 0 4 6 1 0 3 5 4 2 76 73
1808 9 4 2 6 5 1 0 2 4 3 52 33
1809 4 1 1 6 1 5 4 2 0 3 65 49
1810 6 9 3 4 0 3 4 1 58 60
1811 10 1 4 6 5 2 3 1 0 4 232 28
1812 5 4 2 5 3 0 2 4 1 86 66
1813 14 9 5 3 0 3 5 52 32
1814 9 1 1 6 3 1 0 2 4 5 66 80
1815 5 0 2 6 2 1 5 4 0 3 105 62
1816 6 1 2 6 5 4 0 2 1 3 35 12
1817 13 7 2 6 5 2 1 0 3 4 24 76
1818 13 4 3 3 2 1 0 114 80
1819 9 10 1 4 3 1 0 4 46 74
1820 10 4 5 5 0 3 4 2 5 100 93
1821 10 1 2 4 1 4 2 0 112 31
1822 9 14 2 6 5 4 0 1 2 3 116 21
1823 13 1 7 4 1 4 5 0 49 27
1824 14 7 5 6 2 0 5 4 1 3 176 27
1825 9 14 4 5 2 4 3 0 5 62 91
1826 9 15 2 3 3 4 5 34 24
1827 2 13 5 6 4 0 1 3 5 2 93 37
1828 10 9 2 6 0 1 2 4 3 5 74 53
1829 5 10 9 5 3 0 2 5 4 55 27
1830 9 13 2 5 2 1 3 0 5 66 46
1831 9 14 2 5 3 1 0 5 4 101 37
1832 6 14 2 4 3 2 1 0 45 22
1833 2 1 2 4 5 2 1 4 249 52
1834 14 0 2 4 2 3 0 4 82 49
1835 2 14 4 5 2 0 3 5 4 62 80
1836 2 13 4 3 2 3 4 153 48
1837 10 4 2 5 2 4 5 0 1 104 75
1838 9 1 2 4 0 2 5 3 33 76
1839 10 15 2 3 3 5 2 75 75
1840 9 7 8 3 0 2 3 25 27
1841 4 0 3 4 1 4 5 3 82 20
1842 15 10 2 6 2 0 1 4 3 5 162 66
1843 9 14 2 3 5 1 0 68 48
1844 2 7 7 3 4 1 0 91 20
1845 9 15 2 5 0 3 1 4 5 91 87
1846 6 10 3 5 3 4 1 2 0 321 85
1847 4 7 3 3 2 3 0 107 41
1848 2 13 2 6 2 0 4 5 1 3 133 11
1849 13 4 1 3 4 1 5 54 42
1850 6 13 2 6 1 2 5 0 4 3 156 98
1851 5 4 2 6 0 1 4 2 5 3 106 15
1852 10 15 2 5 3 4 1 2 5 24 79
1853 13 4 2 6 4 5 2 1 0 3 96 55
1854 2 10 3 4 5 2 3 0 243 48
1855 9 4 3 5 4 1 0 3 2 47 49
1856 10 0 2 6 3 0 2 1 5 4 85 39
1857 5 0 3 5 2 3 4 1 5 89 59
1858 5 14 4 4 0 2 5 3 149 33
1859 4 14 2 5 3 4 2 5 0 148 56
1860 4 9 2 6 5 4 2 0 3 1 24 82
1861 9 0 3 4 4 5 2 1 96 62
1862 5 15 2 6 3 5 2 0 4 1 92 13
77
1863 2 15 1 6 0 4 1 5 2 3 118 53
1864 4 10 1 3 4 0 2 95 24
1865 14 13 2 5 2 3 1 0 4 148 37
1866 15 10 3 3 5 0 3 89 65
1867 6 15 1 4 0 1 3 5 90 50
1868 15 9 2 5 1 0 5 3 4 91 76
1869 2 10 3 3 5 3 0 368 12
1870 2 13 1 5 4 0 2 1 5 111 29
1871 13 7 1 4 2 3 5 0 119 30
1872 13 14 2 3 5 0 2 140 19
1873 15 14 1 5 1 3 4 2 5 105 12
1874 10 7 1 3 5 4 2 144 76
1875 15 13 3 6 4 5 3 2 0 1 42 100
1876 13 7 1 3 1 2 3 96 36
1877 2 13 1 6 2 3 5 4 1 0 81 21
1878 15 14 2 4 4 3 2 5 211 83
1879 5 0 2 6 0 5 1 3 4 2 31 43
1880 5 14 6 6 1 0 4 5 3 2 96 97
1881 2 15 1 4 5 2 1 3 74 27
1882 2 7 3 6 0 3 5 2 4 1 51 33
1883 4 13 1 4 0 2 1 4 235 26
1884 2 13 1 5 3 0 4 1 5 93 97
1885 14 0 4 6 1 0 5 2 3 4 59 16
1886 9 1 3 3 1 0 4 100 96
1887 14 4 1 3 0 4 2 165 81
1888 14 1 2 6 2 5 0 4 1 3 119 48
1889 6 1 1 3 0 4 5 372 87
1890 6 9 1 4 3 0 4 5 18 41
1891 5 7 1 6 1 2 4 0 5 3 80 59
1892 13 4 3 4 3 0 2 1 47 40
1893 2 7 3 3 1 3 0 119 44
1894 15 0 3 3 1 5 2 60 40
1895 14 9 1 3 3 0 2 58 52
1896 6 15 1 6 5 4 2 0 1 3 134 33
1897 10 4 2 4 1 3 0 5 135 76
1898 13 0 2 6 5 1 2 4 0 3 63 96
1899 10 13 6 5 4 2 3 1 5 111 84
1900 10 13 2 5 5 4 0 1 2 154 47
1901 2 13 3 6 5 0 1 2 4 3 126 70
1902 2 10 3 6 4 1 5 0 2 3 103 86
1903 15 14 1 3 1 2 4 158 19
1904 14 0 2 4 0 1 2 5 57 72
1905 15 4 2 5 4 5 1 2 3 69 54
1906 15 0 2 4 4 0 5 3 118 84
1907 14 9 5 5 5 0 2 4 1 110 41
1908 15 14 2 5 1 3 4 2 5 105 12
1909 14 0 4 3 2 3 5 81 34
1910 15 14 1 5 1 3 4 2 5 105 12
1911 5 10 3 3 3 5 0 512 91
1912 15 0 4 3 1 0 2 55 52
1913 5 0 2 3 1 4 5 58 57
1914 2 4 1 3 0 2 4 100 98
1915 13 15 1 6 3 0 5 2 4 1 126 58
1916 5 15 2 4 3 1 2 0 153 97
1917 9 14 3 5 1 3 2 4 0 118 65
1918 5 15 3 5 3 0 5 4 2 97 18
1919 13 1 4 5 4 0 1 3 5 111 26
1920 6 15 2 6 4 1 0 5 2 3 42 95
1921 5 7 1 5 3 2 0 1 4 160 37
1922 10 7 2 3 5 4 2 144 76
1923 14 10 3 6 1 2 3 4 5 0 92 94
1924 15 14 2 4 3 4 1 2 31 44
1925 14 7 2 6 5 3 0 1 4 2 179 14
1926 6 13 1 4 2 1 4 5 180 20
1927 10 7 2 6 2 1 0 5 3 4 80 94
1928 9 0 3 4 2 0 5 4 77 79
1929 4 0 7 5 3 1 0 5 2 152 47
1930 5 0 8 3 1 3 4 65 98
1931 15 14 2 5 5 0 3 2 4 61 57
1932 13 0 2 3 2 3 5 96 47
1933 10 4 2 4 1 5 0 3 30 82
1934 4 9 2 3 3 2 5 76 92
1935 2 10 2 3 1 5 3 32 60
1936 13 10 3 5 3 1 4 0 5 46 85
1937 5 4 4 6 0 1 4 2 5 3 40 92
1938 15 7 4 4 2 0 5 4 129 87
1939 9 1 2 3 4 3 2 54 80
98
1940 6 0 1 3 4 3 0 97 78
1941 10 14 1 5 2 1 0 5 3 161 82
1942 4 0 6 5 0 5 3 1 2 119 71
1943 10 9 1 5 2 5 4 0 3 11 14
1944 6 14 1 5 2 5 4 3 1 67 67
1945 10 4 1 6 1 3 4 5 2 0 155 62
1946 9 7 1 4 5 1 4 0 62 37
1947 13 0 1 5 5 0 3 4 2 56 90
1948 2 10 2 6 4 1 5 0 2 3 103 86
1949 6 10 10 4 2 5 4 3 297 42
1950 14 15 1 3 4 0 5 158 64
1951 9 14 2 5 5 0 2 3 4 93 39
1952 4 0 4 5 3 5 2 1 0 87 20
1953 13 1 3 3 2 0 5 115 77
1954 14 1 5 6 2 5 0 4 1 3 119 48
1955 2 1 1 4 0 1 2 5 331 29
1956 4 10 3 6 2 3 1 4 5 0 62 34
1957 15 13 2 6 1 2 5 0 4 3 149 70
1958 6 14 3 6 0 3 1 5 2 4 145 24
1959 5 10 3 3 3 4 0 21 87
1960 2 4 1 5 0 4 2 5 3 135 100
1961 15 14 3 4 0 1 5 4 89 44
1962 5 13 3 3 5 3 4 215 52
1963 9 7 2 5 4 0 3 5 1 70 34
1964 13 7 2 4 5 2 4 0 205 32
1965 6 1 2 5 1 2 4 0 5 237 52
1966 14 15 1 3 3 4 5 106 18
1967 14 10 1 6 5 1 4 0 2 3 159 32
1968 15 1 8 4 0 1 3 4 178 13
1969 9 15 2 6 1 0 5 4 3 2 115 24
1970 2 10 1 3 5 4 3 175 77
1971 15 10 3 4 4 2 0 3 142 92
1972 6 4 3 3 1 4 2 157 58
1973 2 9 5 4 5 4 2 0 118 93
1974 6 13 1 3 5 0 4 176 54
1975 14 10 4 5 2 4 3 1 0 184 94
1976 10 0 3 5 1 4 2 3 5 108 91
1977 15 14 4 6 3 4 2 0 5 1 105 42
1978 14 4 5 6 5 3 0 1 2 4 133 41
1979 10 14 2 3 3 0 1 144 21
1980 14 4 3 4 3 5 1 4 254 12
1981 10 0 1 6 1 0 3 5 4 2 76 73
1982 9 10 4 3 5 3 2 91 39
1983 10 0 2 5 3 4 1 5 0 112 12
1984 2 4 1 6 5 4 2 1 0 3 106 95
1985 4 10 1 5 0 3 2 1 4 59 71
1986 9 15 3 6 2 1 3 4 0 5 85 56
1987 2 10 2 5 4 5 3 0 2 272 89
1988 2 10 5 3 5 3 0 368 12
1989 2 7 2 5 4 3 1 5 2 112 14
1990 9 10 1 3 0 1 3 98 16
1991 13 15 2 6 2 3 5 0 1 4 202 72
1992 14 9 3 6 3 1 0 4 2 5 85 44
1993 2 1 2 4 0 1 2 5 331 29
1994 15 1 2 5 4 3 5 2 0 52 87
1995 6 13 3 3 0 4 2 136 45
1996 10 0 1 3 4 3 2 15 86
1997 15 1 2 4 3 2 0 4 109 17
1998 10 7 2 4 0 2 3 4 113 48
1999 9 0 2 3 2 5 0 111 66
2000 5 7 2 6 0 1 5 2 3 4 44 57
2001 15 7 2 3 0 3 4 60 81
2002 5 9 1 4 4 1 5 3 87 17
2003 14 7 8 6 0 2 3 1 5 4 107 19
2004 14 15 5 3 5 0 1 100 20
2005 9 7 4 4 2 3 5 0 50 58
2006 4 7 2 6 0 4 5 3 2 1 234 99
2007 6 7 1 5 2 5 0 4 1 36 36
2008 14 0 5 6 5 0 1 3 2 4 58 61
2009 14 13 2 5 0 5 4 1 2 53 31
2010 4 10 4 3 2 3 5 117 38
2011 13 1 2 4 1 5 0 4 54 36
2012 9 14 2 6 1 4 0 3 2 5 82 47
2013 13 4 4 4 0 5 3 1 10 60
2014 13 0 1 5 2 1 4 0 3 72 78
2015 15 10 3 4 3 4 5 2 99 61
2016 5 15 2 4 2 1 3 0 93 32
2017 4 1 1 4 4 2 5 0 108 83
2018 5 10 3 3 2 1 5 407 61
2019 9 15 2 3 3 4 0 148 74
2020 5 4 2 6 2 0 4 3 5 1 108 50
2021 10 13 4 6 3 1 2 0 4 5 10 77
2022 15 4 1 6 2 1 5 3 0 4 88 93
2023 14 0 5 3 1 5 3 70 42
2024 2 0 3 5 5 0 2 1 3 83 42
2025 13 7 3 3 5 0 1 110 68
2026 10 0 2 6 1 0 3 2 4 5 75 37
2027 5 14 2 5 0 4 2 5 3 116 48
2028 4 9 2 5 4 1 0 3 2 172 95
2029 2 15 4 6 5 4 1 0 2 3 114 94
2030 15 7 3 5 4 1 2 0 3 101 14
2031 6 14 4 4 4 3 1 2 116 46
2032 13 15 2 4 5 0 4 1 28 98
2033 2 9 2 5 4 1 3 2 5 51 39
2034 5 1 3 5 5 4 0 3 1 188 44
2035 9 15 2 4 2 0 5 4 40 25
2036 14 9 2 6 4 5 0 2 1 3 88 44
2037 9 7 2 4 5 1 4 0 102 79
0
0
0
0
0
0
0
0
0
0
