576
0 2 5 5 0
1 2 6 6 0
2 2 7 7 0
3 2 8 8 0
4 2 14 14 0
5 2 15 15 0
6 2 16 16 0
7 2 17 17 0
8 2 23 23 0
9 2 24 24 0
10 2 25 25 0
11 2 26 26 0
12 2 32 32 0
13 2 33 33 0
14 2 34 34 0
15 2 35 35 0
16 2 41 41 0
17 2 42 42 0
18 2 43 43 0
19 2 44 44 0
20 2 50 50 0
21 2 51 51 0
22 2 52 52 0
23 2 53 53 0
24 3 5 3 6 1 3 
25 5 5 3 1 4 7 3 3 1 4 
26 5 5 3 1 4 8 3 3 1 4 
27 8 5 3 1 0 9 10 12 14 6 3 1 0 9 10 12 
28 8 5 3 1 0 9 10 12 15 6 3 1 0 9 10 12 
29 8 5 3 1 0 9 10 13 16 6 3 1 0 9 10 13 
30 8 5 3 1 0 9 10 13 17 6 3 1 0 9 10 13 
31 8 5 3 1 0 18 19 21 23 6 3 1 0 18 19 21 
32 8 5 3 1 0 18 19 21 24 6 3 1 0 18 19 21 
33 8 5 3 1 0 18 19 22 25 6 3 1 0 18 19 22 
34 8 5 3 1 0 18 19 22 26 6 3 1 0 18 19 22 
35 9 5 3 1 0 18 27 28 30 32 7 3 1 0 18 27 28 30 
36 9 5 3 1 0 18 27 28 30 33 7 3 1 0 18 27 28 30 
37 9 5 3 1 0 18 27 28 31 34 7 3 1 0 18 27 28 31 
38 9 5 3 1 0 18 27 28 31 35 7 3 1 0 18 27 28 31 
39 9 5 3 1 0 9 36 37 39 41 7 3 1 0 9 36 37 39 
40 9 5 3 1 0 9 36 37 39 42 7 3 1 0 9 36 37 39 
41 9 5 3 1 0 9 36 37 40 43 7 3 1 0 9 36 37 40 
42 9 5 3 1 0 9 36 37 40 44 7 3 1 0 9 36 37 40 
43 9 5 3 1 0 9 45 46 48 50 7 3 1 0 9 45 46 48 
44 9 5 3 1 0 9 45 46 48 51 7 3 1 0 9 45 46 48 
45 9 5 3 1 0 9 45 46 49 52 7 3 1 0 9 45 46 49 
46 9 5 3 1 0 9 45 46 49 53 7 3 1 0 9 45 46 49 
47 3 6 3 5 1 3 
48 5 6 3 1 4 7 3 3 1 4 
49 5 6 3 1 4 8 3 3 1 4 
50 8 6 3 1 0 9 10 12 14 6 3 1 0 9 10 12 
51 8 6 3 1 0 9 10 12 15 6 3 1 0 9 10 12 
52 8 6 3 1 0 9 10 13 16 6 3 1 0 9 10 13 
53 8 6 3 1 0 9 10 13 17 6 3 1 0 9 10 13 
54 8 6 3 1 0 18 19 21 23 6 3 1 0 18 19 21 
55 8 6 3 1 0 18 19 21 24 6 3 1 0 18 19 21 
56 8 6 3 1 0 18 19 22 25 6 3 1 0 18 19 22 
57 8 6 3 1 0 18 19 22 26 6 3 1 0 18 19 22 
58 9 6 3 1 0 18 27 28 30 32 7 3 1 0 18 27 28 30 
59 9 6 3 1 0 18 27 28 30 33 7 3 1 0 18 27 28 30 
60 9 6 3 1 0 18 27 28 31 34 7 3 1 0 18 27 28 31 
61 9 6 3 1 0 18 27 28 31 35 7 3 1 0 18 27 28 31 
62 9 6 3 1 0 9 36 37 39 41 7 3 1 0 9 36 37 39 
63 9 6 3 1 0 9 36 37 39 42 7 3 1 0 9 36 37 39 
64 9 6 3 1 0 9 36 37 40 43 7 3 1 0 9 36 37 40 
65 9 6 3 1 0 9 36 37 40 44 7 3 1 0 9 36 37 40 
66 9 6 3 1 0 9 45 46 48 50 7 3 1 0 9 45 46 48 
67 9 6 3 1 0 9 45 46 48 51 7 3 1 0 9 45 46 48 
68 9 6 3 1 0 9 45 46 49 52 7 3 1 0 9 45 46 49 
69 9 6 3 1 0 9 45 46 49 53 7 3 1 0 9 45 46 49 
70 5 7 4 1 3 5 3 4 1 3 
71 5 7 4 1 3 6 3 4 1 3 
72 3 7 4 8 1 4 
73 8 7 4 1 0 9 10 12 14 6 4 1 0 9 10 12 
74 8 7 4 1 0 9 10 12 15 6 4 1 0 9 10 12 
75 8 7 4 1 0 9 10 13 16 6 4 1 0 9 10 13 
76 8 7 4 1 0 9 10 13 17 6 4 1 0 9 10 13 
77 8 7 4 1 0 18 19 21 23 6 4 1 0 18 19 21 
78 8 7 4 1 0 18 19 21 24 6 4 1 0 18 19 21 
79 8 7 4 1 0 18 19 22 25 6 4 1 0 18 19 22 
80 8 7 4 1 0 18 19 22 26 6 4 1 0 18 19 22 
81 9 7 4 1 0 18 27 28 30 32 7 4 1 0 18 27 28 30 
82 9 7 4 1 0 18 27 28 30 33 7 4 1 0 18 27 28 30 
83 9 7 4 1 0 18 27 28 31 34 7 4 1 0 18 27 28 31 
84 9 7 4 1 0 18 27 28 31 35 7 4 1 0 18 27 28 31 
85 9 7 4 1 0 9 36 37 39 41 7 4 1 0 9 36 37 39 
86 9 7 4 1 0 9 36 37 39 42 7 4 1 0 9 36 37 39 
87 9 7 4 1 0 9 36 37 40 43 7 4 1 0 9 36 37 40 
88 9 7 4 1 0 9 36 37 40 44 7 4 1 0 9 36 37 40 
89 9 7 4 1 0 9 45 47 48 50 7 4 1 0 9 45 47 48 
90 9 7 4 1 0 9 45 47 48 51 7 4 1 0 9 45 47 48 
91 9 7 4 1 0 9 45 47 49 52 7 4 1 0 9 45 47 49 
92 9 7 4 1 0 9 45 47 49 53 7 4 1 0 9 45 47 49 
93 5 8 4 1 3 5 3 4 1 3 
94 5 8 4 1 3 6 3 4 1 3 
95 3 8 4 7 1 4 
96 8 8 4 1 0 9 10 12 14 6 4 1 0 9 10 12 
97 8 8 4 1 0 9 10 12 15 6 4 1 0 9 10 12 
98 8 8 4 1 0 9 10 13 16 6 4 1 0 9 10 13 
99 8 8 4 1 0 9 10 13 17 6 4 1 0 9 10 13 
100 8 8 4 1 0 18 19 21 23 6 4 1 0 18 19 21 
101 8 8 4 1 0 18 19 21 24 6 4 1 0 18 19 21 
102 8 8 4 1 0 18 19 22 25 6 4 1 0 18 19 22 
103 8 8 4 1 0 18 19 22 26 6 4 1 0 18 19 22 
104 9 8 4 1 0 18 27 28 30 32 7 4 1 0 18 27 28 30 
105 9 8 4 1 0 18 27 28 30 33 7 4 1 0 18 27 28 30 
106 9 8 4 1 0 18 27 28 31 34 7 4 1 0 18 27 28 31 
107 9 8 4 1 0 18 27 28 31 35 7 4 1 0 18 27 28 31 
108 9 8 4 1 0 9 36 37 39 41 7 4 1 0 9 36 37 39 
109 9 8 4 1 0 9 36 37 39 42 7 4 1 0 9 36 37 39 
110 9 8 4 1 0 9 36 37 40 43 7 4 1 0 9 36 37 40 
111 9 8 4 1 0 9 36 37 40 44 7 4 1 0 9 36 37 40 
112 9 8 4 1 0 9 45 47 48 50 7 4 1 0 9 45 47 48 
113 9 8 4 1 0 9 45 47 48 51 7 4 1 0 9 45 47 48 
114 9 8 4 1 0 9 45 47 49 52 7 4 1 0 9 45 47 49 
115 9 8 4 1 0 9 45 47 49 53 7 4 1 0 9 45 47 49 
116 8 14 12 10 9 0 1 3 5 6 12 10 9 0 1 3 
117 8 14 12 10 9 0 1 3 6 6 12 10 9 0 1 3 
118 8 14 12 10 9 0 1 4 7 6 12 10 9 0 1 4 
119 8 14 12 10 9 0 1 4 8 6 12 10 9 0 1 4 
120 3 14 12 15 1 12 
121 5 14 12 10 13 16 3 12 10 13 
122 5 14 12 10 13 17 3 12 10 13 
123 9 14 12 10 9 0 18 19 21 23 7 12 10 9 0 18 19 21 
124 9 14 12 10 9 0 18 19 21 24 7 12 10 9 0 18 19 21 
125 9 14 12 10 9 0 18 19 22 25 7 12 10 9 0 18 19 22 
126 9 14 12 10 9 0 18 19 22 26 7 12 10 9 0 18 19 22 
127 9 14 12 10 9 36 27 29 30 32 7 12 10 9 36 27 29 30 
128 9 14 12 10 9 36 27 29 30 33 7 12 10 9 36 27 29 30 
129 9 14 12 10 9 36 27 29 31 34 7 12 10 9 36 27 29 31 
130 9 14 12 10 9 36 27 29 31 35 7 12 10 9 36 27 29 31 
131 8 14 12 10 9 36 37 39 41 6 12 10 9 36 37 39 
132 8 14 12 10 9 36 37 39 42 6 12 10 9 36 37 39 
133 8 14 12 10 9 36 37 40 43 6 12 10 9 36 37 40 
134 8 14 12 10 9 36 37 40 44 6 12 10 9 36 37 40 
135 8 14 12 10 9 45 46 48 50 6 12 10 9 45 46 48 
136 8 14 12 10 9 45 46 48 51 6 12 10 9 45 46 48 
137 8 14 12 10 9 45 46 49 52 6 12 10 9 45 46 49 
138 8 14 12 10 9 45 46 49 53 6 12 10 9 45 46 49 
139 8 15 12 10 9 0 1 3 5 6 12 10 9 0 1 3 
140 8 15 12 10 9 0 1 3 6 6 12 10 9 0 1 3 
141 8 15 12 10 9 0 1 4 7 6 12 10 9 0 1 4 
142 8 15 12 10 9 0 1 4 8 6 12 10 9 0 1 4 
143 3 15 12 14 1 12 
144 5 15 12 10 13 16 3 12 10 13 
145 5 15 12 10 13 17 3 12 10 13 
146 9 15 12 10 9 0 18 19 21 23 7 12 10 9 0 18 19 21 
147 9 15 12 10 9 0 18 19 21 24 7 12 10 9 0 18 19 21 
148 9 15 12 10 9 0 18 19 22 25 7 12 10 9 0 18 19 22 
149 9 15 12 10 9 0 18 19 22 26 7 12 10 9 0 18 19 22 
150 9 15 12 10 9 36 27 28 30 32 7 12 10 9 36 27 28 30 
151 9 15 12 10 9 36 27 28 30 33 7 12 10 9 36 27 28 30 
152 9 15 12 10 9 36 27 28 31 34 7 12 10 9 36 27 28 31 
153 9 15 12 10 9 36 27 28 31 35 7 12 10 9 36 27 28 31 
154 8 15 12 10 9 36 37 39 41 6 12 10 9 36 37 39 
155 8 15 12 10 9 36 37 39 42 6 12 10 9 36 37 39 
156 8 15 12 10 9 36 37 40 43 6 12 10 9 36 37 40 
157 8 15 12 10 9 36 37 40 44 6 12 10 9 36 37 40 
158 8 15 12 10 9 45 47 48 50 6 12 10 9 45 47 48 
159 8 15 12 10 9 45 47 48 51 6 12 10 9 45 47 48 
160 8 15 12 10 9 45 47 49 52 6 12 10 9 45 47 49 
161 8 15 12 10 9 45 47 49 53 6 12 10 9 45 47 49 
162 8 16 13 10 9 0 1 3 5 6 13 10 9 0 1 3 
163 8 16 13 10 9 0 1 3 6 6 13 10 9 0 1 3 
164 8 16 13 10 9 0 1 4 7 6 13 10 9 0 1 4 
165 8 16 13 10 9 0 1 4 8 6 13 10 9 0 1 4 
166 5 16 13 10 12 14 3 13 10 12 
167 5 16 13 10 12 15 3 13 10 12 
168 3 16 13 17 1 13 
169 9 16 13 10 9 0 18 19 21 23 7 13 10 9 0 18 19 21 
170 9 16 13 10 9 0 18 19 21 24 7 13 10 9 0 18 19 21 
171 9 16 13 10 9 0 18 19 22 25 7 13 10 9 0 18 19 22 
172 9 16 13 10 9 0 18 19 22 26 7 13 10 9 0 18 19 22 
173 9 16 13 10 9 36 27 28 30 32 7 13 10 9 36 27 28 30 
174 9 16 13 10 9 36 27 28 30 33 7 13 10 9 36 27 28 30 
175 9 16 13 10 9 36 27 28 31 34 7 13 10 9 36 27 28 31 
176 9 16 13 10 9 36 27 28 31 35 7 13 10 9 36 27 28 31 
177 8 16 13 10 9 36 37 39 41 6 13 10 9 36 37 39 
178 8 16 13 10 9 36 37 39 42 6 13 10 9 36 37 39 
179 8 16 13 10 9 36 37 40 43 6 13 10 9 36 37 40 
180 8 16 13 10 9 36 37 40 44 6 13 10 9 36 37 40 
181 8 16 13 10 9 45 47 48 50 6 13 10 9 45 47 48 
182 8 16 13 10 9 45 47 48 51 6 13 10 9 45 47 48 
183 8 16 13 10 9 45 47 49 52 6 13 10 9 45 47 49 
184 8 16 13 10 9 45 47 49 53 6 13 10 9 45 47 49 
185 8 17 13 10 9 0 1 3 5 6 13 10 9 0 1 3 
186 8 17 13 10 9 0 1 3 6 6 13 10 9 0 1 3 
187 8 17 13 10 9 0 1 4 7 6 13 10 9 0 1 4 
188 8 17 13 10 9 0 1 4 8 6 13 10 9 0 1 4 
189 5 17 13 10 12 14 3 13 10 12 
190 5 17 13 10 12 15 3 13 10 12 
191 3 17 13 16 1 13 
192 9 17 13 10 9 0 18 19 21 23 7 13 10 9 0 18 19 21 
193 9 17 13 10 9 0 18 19 21 24 7 13 10 9 0 18 19 21 
194 9 17 13 10 9 0 18 19 22 25 7 13 10 9 0 18 19 22 
195 9 17 13 10 9 0 18 19 22 26 7 13 10 9 0 18 19 22 
196 9 17 13 10 9 36 27 28 30 32 7 13 10 9 36 27 28 30 
197 9 17 13 10 9 36 27 28 30 33 7 13 10 9 36 27 28 30 
198 9 17 13 10 9 36 27 28 31 34 7 13 10 9 36 27 28 31 
199 9 17 13 10 9 36 27 28 31 35 7 13 10 9 36 27 28 31 
200 8 17 13 10 9 36 37 39 41 6 13 10 9 36 37 39 
201 8 17 13 10 9 36 37 39 42 6 13 10 9 36 37 39 
202 8 17 13 10 9 36 37 40 43 6 13 10 9 36 37 40 
203 8 17 13 10 9 36 37 40 44 6 13 10 9 36 37 40 
204 8 17 13 10 9 45 47 48 50 6 13 10 9 45 47 48 
205 8 17 13 10 9 45 47 48 51 6 13 10 9 45 47 48 
206 8 17 13 10 9 45 47 49 52 6 13 10 9 45 47 49 
207 8 17 13 10 9 45 47 49 53 6 13 10 9 45 47 49 
208 8 23 21 19 18 0 1 3 5 6 21 19 18 0 1 3 
209 8 23 21 19 18 0 1 3 6 6 21 19 18 0 1 3 
210 8 23 21 19 18 0 1 4 7 6 21 19 18 0 1 4 
211 8 23 21 19 18 0 1 4 8 6 21 19 18 0 1 4 
212 9 23 21 19 18 0 9 10 12 14 7 21 19 18 0 9 10 12 
213 9 23 21 19 18 0 9 10 12 15 7 21 19 18 0 9 10 12 
214 9 23 21 19 18 0 9 10 13 16 7 21 19 18 0 9 10 13 
215 9 23 21 19 18 0 9 10 13 17 7 21 19 18 0 9 10 13 
216 3 23 21 24 1 21 
217 5 23 21 19 22 25 3 21 19 22 
218 5 23 21 19 22 26 3 21 19 22 
219 8 23 21 19 18 27 28 30 32 6 21 19 18 27 28 30 
220 8 23 21 19 18 27 28 30 33 6 21 19 18 27 28 30 
221 8 23 21 19 18 27 28 31 34 6 21 19 18 27 28 31 
222 8 23 21 19 18 27 28 31 35 6 21 19 18 27 28 31 
223 9 23 21 19 18 27 36 37 39 41 7 21 19 18 27 36 37 39 
224 9 23 21 19 18 27 36 37 39 42 7 21 19 18 27 36 37 39 
225 9 23 21 19 18 27 36 37 40 43 7 21 19 18 27 36 37 40 
226 9 23 21 19 18 27 36 37 40 44 7 21 19 18 27 36 37 40 
227 10 23 21 19 18 27 36 45 46 48 50 8 21 19 18 27 36 45 46 48 
228 10 23 21 19 18 27 36 45 46 48 51 8 21 19 18 27 36 45 46 48 
229 10 23 21 19 18 27 36 45 46 49 52 8 21 19 18 27 36 45 46 49 
230 10 23 21 19 18 27 36 45 46 49 53 8 21 19 18 27 36 45 46 49 
231 8 24 21 19 18 0 1 3 5 6 21 19 18 0 1 3 
232 8 24 21 19 18 0 1 3 6 6 21 19 18 0 1 3 
233 8 24 21 19 18 0 1 4 7 6 21 19 18 0 1 4 
234 8 24 21 19 18 0 1 4 8 6 21 19 18 0 1 4 
235 9 24 21 19 18 0 9 10 12 14 7 21 19 18 0 9 10 12 
236 9 24 21 19 18 0 9 10 12 15 7 21 19 18 0 9 10 12 
237 9 24 21 19 18 0 9 10 13 16 7 21 19 18 0 9 10 13 
238 9 24 21 19 18 0 9 10 13 17 7 21 19 18 0 9 10 13 
239 3 24 21 23 1 21 
240 5 24 21 19 22 25 3 21 19 22 
241 5 24 21 19 22 26 3 21 19 22 
242 8 24 21 19 18 27 28 30 32 6 21 19 18 27 28 30 
243 8 24 21 19 18 27 28 30 33 6 21 19 18 27 28 30 
244 8 24 21 19 18 27 28 31 34 6 21 19 18 27 28 31 
245 8 24 21 19 18 27 28 31 35 6 21 19 18 27 28 31 
246 9 24 21 19 18 27 36 37 39 41 7 21 19 18 27 36 37 39 
247 9 24 21 19 18 27 36 37 39 42 7 21 19 18 27 36 37 39 
248 9 24 21 19 18 27 36 37 40 43 7 21 19 18 27 36 37 40 
249 9 24 21 19 18 27 36 37 40 44 7 21 19 18 27 36 37 40 
250 10 24 21 19 18 27 36 45 46 48 50 8 21 19 18 27 36 45 46 48 
251 10 24 21 19 18 27 36 45 46 48 51 8 21 19 18 27 36 45 46 48 
252 10 24 21 19 18 27 36 45 46 49 52 8 21 19 18 27 36 45 46 49 
253 10 24 21 19 18 27 36 45 46 49 53 8 21 19 18 27 36 45 46 49 
254 8 25 22 19 18 0 1 3 5 6 22 19 18 0 1 3 
255 8 25 22 19 18 0 1 3 6 6 22 19 18 0 1 3 
256 8 25 22 19 18 0 1 4 7 6 22 19 18 0 1 4 
257 8 25 22 19 18 0 1 4 8 6 22 19 18 0 1 4 
258 9 25 22 19 18 0 9 10 12 14 7 22 19 18 0 9 10 12 
259 9 25 22 19 18 0 9 10 12 15 7 22 19 18 0 9 10 12 
260 9 25 22 19 18 0 9 10 13 16 7 22 19 18 0 9 10 13 
261 9 25 22 19 18 0 9 10 13 17 7 22 19 18 0 9 10 13 
262 5 25 22 19 21 23 3 22 19 21 
263 5 25 22 19 21 24 3 22 19 21 
264 3 25 22 26 1 22 
265 8 25 22 19 18 27 28 30 32 6 22 19 18 27 28 30 
266 8 25 22 19 18 27 28 30 33 6 22 19 18 27 28 30 
267 8 25 22 19 18 27 28 31 34 6 22 19 18 27 28 31 
268 8 25 22 19 18 27 28 31 35 6 22 19 18 27 28 31 
269 9 25 22 19 18 27 36 37 39 41 7 22 19 18 27 36 37 39 
270 9 25 22 19 18 27 36 37 39 42 7 22 19 18 27 36 37 39 
271 9 25 22 19 18 27 36 37 40 43 7 22 19 18 27 36 37 40 
272 9 25 22 19 18 27 36 37 40 44 7 22 19 18 27 36 37 40 
273 10 25 22 19 18 27 36 45 46 48 50 8 22 19 18 27 36 45 46 48 
274 10 25 22 19 18 27 36 45 46 48 51 8 22 19 18 27 36 45 46 48 
275 10 25 22 19 18 27 36 45 46 49 52 8 22 19 18 27 36 45 46 49 
276 10 25 22 19 18 27 36 45 46 49 53 8 22 19 18 27 36 45 46 49 
277 8 26 22 19 18 0 1 3 5 6 22 19 18 0 1 3 
278 8 26 22 19 18 0 1 3 6 6 22 19 18 0 1 3 
279 8 26 22 19 18 0 1 4 7 6 22 19 18 0 1 4 
280 8 26 22 19 18 0 1 4 8 6 22 19 18 0 1 4 
281 9 26 22 19 18 0 9 10 12 14 7 22 19 18 0 9 10 12 
282 9 26 22 19 18 0 9 10 12 15 7 22 19 18 0 9 10 12 
283 9 26 22 19 18 0 9 10 13 16 7 22 19 18 0 9 10 13 
284 9 26 22 19 18 0 9 10 13 17 7 22 19 18 0 9 10 13 
285 5 26 22 19 21 23 3 22 19 21 
286 5 26 22 19 21 24 3 22 19 21 
287 3 26 22 25 1 22 
288 8 26 22 19 18 27 28 30 32 6 22 19 18 27 28 30 
289 8 26 22 19 18 27 28 30 33 6 22 19 18 27 28 30 
290 8 26 22 19 18 27 28 31 34 6 22 19 18 27 28 31 
291 8 26 22 19 18 27 28 31 35 6 22 19 18 27 28 31 
292 9 26 22 19 18 27 36 37 39 41 7 22 19 18 27 36 37 39 
293 9 26 22 19 18 27 36 37 39 42 7 22 19 18 27 36 37 39 
294 9 26 22 19 18 27 36 37 40 43 7 22 19 18 27 36 37 40 
295 9 26 22 19 18 27 36 37 40 44 7 22 19 18 27 36 37 40 
296 10 26 22 19 18 27 36 45 46 48 50 8 22 19 18 27 36 45 46 48 
297 10 26 22 19 18 27 36 45 46 48 51 8 22 19 18 27 36 45 46 48 
298 10 26 22 19 18 27 36 45 46 49 52 8 22 19 18 27 36 45 46 49 
299 10 26 22 19 18 27 36 45 46 49 53 8 22 19 18 27 36 45 46 49 
300 9 32 30 28 27 18 0 1 3 5 7 30 28 27 18 0 1 3 
301 9 32 30 28 27 18 0 1 3 6 7 30 28 27 18 0 1 3 
302 9 32 30 28 27 18 0 1 4 7 7 30 28 27 18 0 1 4 
303 9 32 30 28 27 18 0 1 4 8 7 30 28 27 18 0 1 4 
304 9 32 30 28 27 36 9 10 12 14 7 30 28 27 36 9 10 12 
305 9 32 30 28 27 36 9 10 12 15 7 30 28 27 36 9 10 12 
306 9 32 30 28 27 36 9 10 13 16 7 30 28 27 36 9 10 13 
307 9 32 30 28 27 36 9 10 13 17 7 30 28 27 36 9 10 13 
308 8 32 30 28 27 18 19 21 23 6 30 28 27 18 19 21 
309 8 32 30 28 27 18 19 21 24 6 30 28 27 18 19 21 
310 8 32 30 28 27 18 19 22 25 6 30 28 27 18 19 22 
311 8 32 30 28 27 18 19 22 26 6 30 28 27 18 19 22 
312 3 32 30 33 1 30 
313 5 32 30 28 31 34 3 30 28 31 
314 5 32 30 28 31 35 3 30 28 31 
315 8 32 30 28 27 36 37 39 41 6 30 28 27 36 37 39 
316 8 32 30 28 27 36 37 39 42 6 30 28 27 36 37 39 
317 8 32 30 28 27 36 37 40 43 6 30 28 27 36 37 40 
318 8 32 30 28 27 36 37 40 44 6 30 28 27 36 37 40 
319 9 32 30 28 27 36 45 47 48 50 7 30 28 27 36 45 47 48 
320 9 32 30 28 27 36 45 47 48 51 7 30 28 27 36 45 47 48 
321 9 32 30 28 27 36 45 47 49 52 7 30 28 27 36 45 47 49 
322 9 32 30 28 27 36 45 47 49 53 7 30 28 27 36 45 47 49 
323 9 33 30 28 27 18 0 1 3 5 7 30 28 27 18 0 1 3 
324 9 33 30 28 27 18 0 1 3 6 7 30 28 27 18 0 1 3 
325 9 33 30 28 27 18 0 1 4 7 7 30 28 27 18 0 1 4 
326 9 33 30 28 27 18 0 1 4 8 7 30 28 27 18 0 1 4 
327 9 33 30 28 27 36 9 10 12 14 7 30 28 27 36 9 10 12 
328 9 33 30 28 27 36 9 10 12 15 7 30 28 27 36 9 10 12 
329 9 33 30 28 27 36 9 10 13 16 7 30 28 27 36 9 10 13 
330 9 33 30 28 27 36 9 10 13 17 7 30 28 27 36 9 10 13 
331 8 33 30 28 27 18 19 21 23 6 30 28 27 18 19 21 
332 8 33 30 28 27 18 19 21 24 6 30 28 27 18 19 21 
333 8 33 30 28 27 18 19 22 25 6 30 28 27 18 19 22 
334 8 33 30 28 27 18 19 22 26 6 30 28 27 18 19 22 
335 3 33 30 32 1 30 
336 5 33 30 28 31 34 3 30 28 31 
337 5 33 30 28 31 35 3 30 28 31 
338 8 33 30 28 27 36 37 39 41 6 30 28 27 36 37 39 
339 8 33 30 28 27 36 37 39 42 6 30 28 27 36 37 39 
340 8 33 30 28 27 36 37 40 43 6 30 28 27 36 37 40 
341 8 33 30 28 27 36 37 40 44 6 30 28 27 36 37 40 
342 9 33 30 28 27 36 45 46 48 50 7 30 28 27 36 45 46 48 
343 9 33 30 28 27 36 45 46 48 51 7 30 28 27 36 45 46 48 
344 9 33 30 28 27 36 45 46 49 52 7 30 28 27 36 45 46 49 
345 9 33 30 28 27 36 45 46 49 53 7 30 28 27 36 45 46 49 
346 9 34 31 28 27 18 0 1 3 5 7 31 28 27 18 0 1 3 
347 9 34 31 28 27 18 0 1 3 6 7 31 28 27 18 0 1 3 
348 9 34 31 28 27 18 0 1 4 7 7 31 28 27 18 0 1 4 
349 9 34 31 28 27 18 0 1 4 8 7 31 28 27 18 0 1 4 
350 9 34 31 28 27 36 9 10 12 14 7 31 28 27 36 9 10 12 
351 9 34 31 28 27 36 9 10 12 15 7 31 28 27 36 9 10 12 
352 9 34 31 28 27 36 9 10 13 16 7 31 28 27 36 9 10 13 
353 9 34 31 28 27 36 9 10 13 17 7 31 28 27 36 9 10 13 
354 8 34 31 28 27 18 19 21 23 6 31 28 27 18 19 21 
355 8 34 31 28 27 18 19 21 24 6 31 28 27 18 19 21 
356 8 34 31 28 27 18 19 22 25 6 31 28 27 18 19 22 
357 8 34 31 28 27 18 19 22 26 6 31 28 27 18 19 22 
358 5 34 31 28 30 32 3 31 28 30 
359 5 34 31 28 30 33 3 31 28 30 
360 3 34 31 35 1 31 
361 8 34 31 28 27 36 37 39 41 6 31 28 27 36 37 39 
362 8 34 31 28 27 36 37 39 42 6 31 28 27 36 37 39 
363 8 34 31 28 27 36 37 40 43 6 31 28 27 36 37 40 
364 8 34 31 28 27 36 37 40 44 6 31 28 27 36 37 40 
365 9 34 31 28 27 36 45 47 48 50 7 31 28 27 36 45 47 48 
366 9 34 31 28 27 36 45 47 48 51 7 31 28 27 36 45 47 48 
367 9 34 31 28 27 36 45 47 49 52 7 31 28 27 36 45 47 49 
368 9 34 31 28 27 36 45 47 49 53 7 31 28 27 36 45 47 49 
369 9 35 31 28 27 18 0 2 3 5 7 31 28 27 18 0 2 3 
370 9 35 31 28 27 18 0 2 3 6 7 31 28 27 18 0 2 3 
371 9 35 31 28 27 18 0 2 4 7 7 31 28 27 18 0 2 4 
372 9 35 31 28 27 18 0 2 4 8 7 31 28 27 18 0 2 4 
373 9 35 31 28 27 36 9 10 12 14 7 31 28 27 36 9 10 12 
374 9 35 31 28 27 36 9 10 12 15 7 31 28 27 36 9 10 12 
375 9 35 31 28 27 36 9 10 13 16 7 31 28 27 36 9 10 13 
376 9 35 31 28 27 36 9 10 13 17 7 31 28 27 36 9 10 13 
377 8 35 31 28 27 18 19 21 23 6 31 28 27 18 19 21 
378 8 35 31 28 27 18 19 21 24 6 31 28 27 18 19 21 
379 8 35 31 28 27 18 19 22 25 6 31 28 27 18 19 22 
380 8 35 31 28 27 18 19 22 26 6 31 28 27 18 19 22 
381 5 35 31 28 30 32 3 31 28 30 
382 5 35 31 28 30 33 3 31 28 30 
383 3 35 31 34 1 31 
384 8 35 31 28 27 36 37 39 41 6 31 28 27 36 37 39 
385 8 35 31 28 27 36 37 39 42 6 31 28 27 36 37 39 
386 8 35 31 28 27 36 37 40 43 6 31 28 27 36 37 40 
387 8 35 31 28 27 36 37 40 44 6 31 28 27 36 37 40 
388 9 35 31 28 27 36 45 46 48 50 7 31 28 27 36 45 46 48 
389 9 35 31 28 27 36 45 46 48 51 7 31 28 27 36 45 46 48 
390 9 35 31 28 27 36 45 46 49 52 7 31 28 27 36 45 46 49 
391 9 35 31 28 27 36 45 46 49 53 7 31 28 27 36 45 46 49 
392 9 41 39 37 36 9 0 1 3 5 7 39 37 36 9 0 1 3 
393 9 41 39 37 36 9 0 1 3 6 7 39 37 36 9 0 1 3 
394 9 41 39 37 36 9 0 1 4 7 7 39 37 36 9 0 1 4 
395 9 41 39 37 36 9 0 1 4 8 7 39 37 36 9 0 1 4 
396 8 41 39 37 36 9 10 12 14 6 39 37 36 9 10 12 
397 8 41 39 37 36 9 10 12 15 6 39 37 36 9 10 12 
398 8 41 39 37 36 9 10 13 16 6 39 37 36 9 10 13 
399 8 41 39 37 36 9 10 13 17 6 39 37 36 9 10 13 
400 9 41 39 37 36 27 18 19 21 23 7 39 37 36 27 18 19 21 
401 9 41 39 37 36 27 18 19 21 24 7 39 37 36 27 18 19 21 
402 9 41 39 37 36 27 18 19 22 25 7 39 37 36 27 18 19 22 
403 9 41 39 37 36 27 18 19 22 26 7 39 37 36 27 18 19 22 
404 8 41 39 37 36 27 28 30 32 6 39 37 36 27 28 30 
405 8 41 39 37 36 27 28 30 33 6 39 37 36 27 28 30 
406 8 41 39 37 36 27 28 31 34 6 39 37 36 27 28 31 
407 8 41 39 37 36 27 28 31 35 6 39 37 36 27 28 31 
408 3 41 39 42 1 39 
409 5 41 39 37 40 43 3 39 37 40 
410 5 41 39 37 40 44 3 39 37 40 
411 8 41 39 37 36 45 46 48 50 6 39 37 36 45 46 48 
412 8 41 39 37 36 45 46 48 51 6 39 37 36 45 46 48 
413 8 41 39 37 36 45 46 49 52 6 39 37 36 45 46 49 
414 8 41 39 37 36 45 46 49 53 6 39 37 36 45 46 49 
415 9 42 39 37 36 9 0 2 3 5 7 39 37 36 9 0 2 3 
416 9 42 39 37 36 9 0 2 3 6 7 39 37 36 9 0 2 3 
417 9 42 39 37 36 9 0 2 4 7 7 39 37 36 9 0 2 4 
418 9 42 39 37 36 9 0 2 4 8 7 39 37 36 9 0 2 4 
419 8 42 39 37 36 9 10 12 14 6 39 37 36 9 10 12 
420 8 42 39 37 36 9 10 12 15 6 39 37 36 9 10 12 
421 8 42 39 37 36 9 10 13 16 6 39 37 36 9 10 13 
422 8 42 39 37 36 9 10 13 17 6 39 37 36 9 10 13 
423 9 42 39 37 36 27 18 19 21 23 7 39 37 36 27 18 19 21 
424 9 42 39 37 36 27 18 19 21 24 7 39 37 36 27 18 19 21 
425 9 42 39 37 36 27 18 19 22 25 7 39 37 36 27 18 19 22 
426 9 42 39 37 36 27 18 19 22 26 7 39 37 36 27 18 19 22 
427 8 42 39 37 36 27 28 30 32 6 39 37 36 27 28 30 
428 8 42 39 37 36 27 28 30 33 6 39 37 36 27 28 30 
429 8 42 39 37 36 27 28 31 34 6 39 37 36 27 28 31 
430 8 42 39 37 36 27 28 31 35 6 39 37 36 27 28 31 
431 3 42 39 41 1 39 
432 5 42 39 37 40 43 3 39 37 40 
433 5 42 39 37 40 44 3 39 37 40 
434 8 42 39 37 36 45 46 48 50 6 39 37 36 45 46 48 
435 8 42 39 37 36 45 46 48 51 6 39 37 36 45 46 48 
436 8 42 39 37 36 45 46 49 52 6 39 37 36 45 46 49 
437 8 42 39 37 36 45 46 49 53 6 39 37 36 45 46 49 
438 9 43 40 37 36 9 0 1 3 5 7 40 37 36 9 0 1 3 
439 9 43 40 37 36 9 0 1 3 6 7 40 37 36 9 0 1 3 
440 9 43 40 37 36 9 0 1 4 7 7 40 37 36 9 0 1 4 
441 9 43 40 37 36 9 0 1 4 8 7 40 37 36 9 0 1 4 
442 8 43 40 37 36 9 10 12 14 6 40 37 36 9 10 12 
443 8 43 40 37 36 9 10 12 15 6 40 37 36 9 10 12 
444 8 43 40 37 36 9 10 13 16 6 40 37 36 9 10 13 
445 8 43 40 37 36 9 10 13 17 6 40 37 36 9 10 13 
446 9 43 40 37 36 27 18 19 21 23 7 40 37 36 27 18 19 21 
447 9 43 40 37 36 27 18 19 21 24 7 40 37 36 27 18 19 21 
448 9 43 40 37 36 27 18 19 22 25 7 40 37 36 27 18 19 22 
449 9 43 40 37 36 27 18 19 22 26 7 40 37 36 27 18 19 22 
450 8 43 40 37 36 27 28 30 32 6 40 37 36 27 28 30 
451 8 43 40 37 36 27 28 30 33 6 40 37 36 27 28 30 
452 8 43 40 37 36 27 28 31 34 6 40 37 36 27 28 31 
453 8 43 40 37 36 27 28 31 35 6 40 37 36 27 28 31 
454 5 43 40 37 39 41 3 40 37 39 
455 5 43 40 37 39 42 3 40 37 39 
456 3 43 40 44 1 40 
457 8 43 40 37 36 45 46 48 50 6 40 37 36 45 46 48 
458 8 43 40 37 36 45 46 48 51 6 40 37 36 45 46 48 
459 8 43 40 37 36 45 46 49 52 6 40 37 36 45 46 49 
460 8 43 40 37 36 45 46 49 53 6 40 37 36 45 46 49 
461 9 44 40 37 36 9 0 1 3 5 7 40 37 36 9 0 1 3 
462 9 44 40 37 36 9 0 1 3 6 7 40 37 36 9 0 1 3 
463 9 44 40 37 36 9 0 1 4 7 7 40 37 36 9 0 1 4 
464 9 44 40 37 36 9 0 1 4 8 7 40 37 36 9 0 1 4 
465 8 44 40 37 36 9 10 12 14 6 40 37 36 9 10 12 
466 8 44 40 37 36 9 10 12 15 6 40 37 36 9 10 12 
467 8 44 40 37 36 9 10 13 16 6 40 37 36 9 10 13 
468 8 44 40 37 36 9 10 13 17 6 40 37 36 9 10 13 
469 9 44 40 37 36 27 18 19 21 23 7 40 37 36 27 18 19 21 
470 9 44 40 37 36 27 18 19 21 24 7 40 37 36 27 18 19 21 
471 9 44 40 37 36 27 18 19 22 25 7 40 37 36 27 18 19 22 
472 9 44 40 37 36 27 18 19 22 26 7 40 37 36 27 18 19 22 
473 8 44 40 37 36 27 28 30 32 6 40 37 36 27 28 30 
474 8 44 40 37 36 27 28 30 33 6 40 37 36 27 28 30 
475 8 44 40 37 36 27 28 31 34 6 40 37 36 27 28 31 
476 8 44 40 37 36 27 28 31 35 6 40 37 36 27 28 31 
477 5 44 40 37 39 41 3 40 37 39 
478 5 44 40 37 39 42 3 40 37 39 
479 3 44 40 43 1 40 
480 8 44 40 37 36 45 46 48 50 6 40 37 36 45 46 48 
481 8 44 40 37 36 45 46 48 51 6 40 37 36 45 46 48 
482 8 44 40 37 36 45 46 49 52 6 40 37 36 45 46 49 
483 8 44 40 37 36 45 46 49 53 6 40 37 36 45 46 49 
484 9 50 48 46 45 9 0 1 3 5 7 48 46 45 9 0 1 3 
485 9 50 48 46 45 9 0 1 3 6 7 48 46 45 9 0 1 3 
486 9 50 48 46 45 9 0 1 4 7 7 48 46 45 9 0 1 4 
487 9 50 48 46 45 9 0 1 4 8 7 48 46 45 9 0 1 4 
488 8 50 48 46 45 9 10 12 14 6 48 46 45 9 10 12 
489 8 50 48 46 45 9 10 12 15 6 48 46 45 9 10 12 
490 8 50 48 46 45 9 10 13 16 6 48 46 45 9 10 13 
491 8 50 48 46 45 9 10 13 17 6 48 46 45 9 10 13 
492 10 50 48 46 45 9 0 18 20 21 23 8 48 46 45 9 0 18 20 21 
493 10 50 48 46 45 9 0 18 20 21 24 8 48 46 45 9 0 18 20 21 
494 10 50 48 46 45 9 0 18 20 22 25 8 48 46 45 9 0 18 20 22 
495 10 50 48 46 45 9 0 18 20 22 26 8 48 46 45 9 0 18 20 22 
496 9 50 48 46 45 36 27 28 30 32 7 48 46 45 36 27 28 30 
497 9 50 48 46 45 36 27 28 30 33 7 48 46 45 36 27 28 30 
498 9 50 48 46 45 36 27 28 31 34 7 48 46 45 36 27 28 31 
499 9 50 48 46 45 36 27 28 31 35 7 48 46 45 36 27 28 31 
500 8 50 48 46 45 36 37 39 41 6 48 46 45 36 37 39 
501 8 50 48 46 45 36 37 39 42 6 48 46 45 36 37 39 
502 8 50 48 46 45 36 37 40 43 6 48 46 45 36 37 40 
503 8 50 48 46 45 36 37 40 44 6 48 46 45 36 37 40 
504 3 50 48 51 1 48 
505 5 50 48 46 49 52 3 48 46 49 
506 5 50 48 46 49 53 3 48 46 49 
507 9 51 48 46 45 9 0 1 3 5 7 48 46 45 9 0 1 3 
508 9 51 48 46 45 9 0 1 3 6 7 48 46 45 9 0 1 3 
509 9 51 48 46 45 9 0 1 4 7 7 48 46 45 9 0 1 4 
510 9 51 48 46 45 9 0 1 4 8 7 48 46 45 9 0 1 4 
511 8 51 48 46 45 9 10 12 14 6 48 46 45 9 10 12 
512 8 51 48 46 45 9 10 12 15 6 48 46 45 9 10 12 
513 8 51 48 46 45 9 10 13 16 6 48 46 45 9 10 13 
514 8 51 48 46 45 9 10 13 17 6 48 46 45 9 10 13 
515 10 51 48 46 45 9 0 18 19 21 23 8 48 46 45 9 0 18 19 21 
516 10 51 48 46 45 9 0 18 19 21 24 8 48 46 45 9 0 18 19 21 
517 10 51 48 46 45 9 0 18 19 22 25 8 48 46 45 9 0 18 19 22 
518 10 51 48 46 45 9 0 18 19 22 26 8 48 46 45 9 0 18 19 22 
519 9 51 48 46 45 36 27 28 30 32 7 48 46 45 36 27 28 30 
520 9 51 48 46 45 36 27 28 30 33 7 48 46 45 36 27 28 30 
521 9 51 48 46 45 36 27 28 31 34 7 48 46 45 36 27 28 31 
522 9 51 48 46 45 36 27 28 31 35 7 48 46 45 36 27 28 31 
523 8 51 48 46 45 36 37 39 41 6 48 46 45 36 37 39 
524 8 51 48 46 45 36 37 39 42 6 48 46 45 36 37 39 
525 8 51 48 46 45 36 37 40 43 6 48 46 45 36 37 40 
526 8 51 48 46 45 36 37 40 44 6 48 46 45 36 37 40 
527 3 51 48 50 1 48 
528 5 51 48 46 49 52 3 48 46 49 
529 5 51 48 46 49 53 3 48 46 49 
530 9 52 49 46 45 9 0 1 3 5 7 49 46 45 9 0 1 3 
531 9 52 49 46 45 9 0 1 3 6 7 49 46 45 9 0 1 3 
532 9 52 49 46 45 9 0 1 4 7 7 49 46 45 9 0 1 4 
533 9 52 49 46 45 9 0 1 4 8 7 49 46 45 9 0 1 4 
534 8 52 49 46 45 9 10 12 14 6 49 46 45 9 10 12 
535 8 52 49 46 45 9 10 12 15 6 49 46 45 9 10 12 
536 8 52 49 46 45 9 10 13 16 6 49 46 45 9 10 13 
537 8 52 49 46 45 9 10 13 17 6 49 46 45 9 10 13 
538 10 52 49 46 45 9 0 18 19 21 23 8 49 46 45 9 0 18 19 21 
539 10 52 49 46 45 9 0 18 19 21 24 8 49 46 45 9 0 18 19 21 
540 10 52 49 46 45 9 0 18 19 22 25 8 49 46 45 9 0 18 19 22 
541 10 52 49 46 45 9 0 18 19 22 26 8 49 46 45 9 0 18 19 22 
542 9 52 49 46 45 36 27 28 30 32 7 49 46 45 36 27 28 30 
543 9 52 49 46 45 36 27 28 30 33 7 49 46 45 36 27 28 30 
544 9 52 49 46 45 36 27 28 31 34 7 49 46 45 36 27 28 31 
545 9 52 49 46 45 36 27 28 31 35 7 49 46 45 36 27 28 31 
546 8 52 49 46 45 36 38 39 41 6 49 46 45 36 38 39 
547 8 52 49 46 45 36 38 39 42 6 49 46 45 36 38 39 
548 8 52 49 46 45 36 38 40 43 6 49 46 45 36 38 40 
549 8 52 49 46 45 36 38 40 44 6 49 46 45 36 38 40 
550 5 52 49 46 48 50 3 49 46 48 
551 5 52 49 46 48 51 3 49 46 48 
552 3 52 49 53 1 49 
553 9 53 49 46 45 9 0 1 3 5 7 49 46 45 9 0 1 3 
554 9 53 49 46 45 9 0 1 3 6 7 49 46 45 9 0 1 3 
555 9 53 49 46 45 9 0 1 4 7 7 49 46 45 9 0 1 4 
556 9 53 49 46 45 9 0 1 4 8 7 49 46 45 9 0 1 4 
557 8 53 49 46 45 9 10 12 14 6 49 46 45 9 10 12 
558 8 53 49 46 45 9 10 12 15 6 49 46 45 9 10 12 
559 8 53 49 46 45 9 10 13 16 6 49 46 45 9 10 13 
560 8 53 49 46 45 9 10 13 17 6 49 46 45 9 10 13 
561 10 53 49 46 45 9 0 18 20 21 23 8 49 46 45 9 0 18 20 21 
562 10 53 49 46 45 9 0 18 20 21 24 8 49 46 45 9 0 18 20 21 
563 10 53 49 46 45 9 0 18 20 22 25 8 49 46 45 9 0 18 20 22 
564 10 53 49 46 45 9 0 18 20 22 26 8 49 46 45 9 0 18 20 22 
565 9 53 49 46 45 36 27 28 30 32 7 49 46 45 36 27 28 30 
566 9 53 49 46 45 36 27 28 30 33 7 49 46 45 36 27 28 30 
567 9 53 49 46 45 36 27 28 31 34 7 49 46 45 36 27 28 31 
568 9 53 49 46 45 36 27 28 31 35 7 49 46 45 36 27 28 31 
569 8 53 49 46 45 36 38 39 41 6 49 46 45 36 38 39 
570 8 53 49 46 45 36 38 39 42 6 49 46 45 36 38 39 
571 8 53 49 46 45 36 38 40 43 6 49 46 45 36 38 40 
572 8 53 49 46 45 36 38 40 44 6 49 46 45 36 38 40 
573 5 53 49 46 48 50 3 49 46 48 
574 5 53 49 46 48 51 3 49 46 48 
575 3 53 49 52 1 49 
