542
30
18
0 7 11 6 6 0 4 3 1 5 2 260 62
1 16 2 1 6 1 2 5 0 3 4 111 14
2 3 11 1 4 5 4 1 0 88 16
3 11 9 5 6 0 4 1 5 2 3 130 19
4 6 11 1 3 1 2 5 63 90
5 7 1 1 6 3 5 4 0 1 2 135 35
6 11 9 2 5 2 3 5 1 4 85 28
7 9 0 8 5 2 5 3 1 4 157 43
8 10 0 1 3 4 5 0 163 70
9 11 12 2 3 4 5 2 132 84
10 7 1 2 3 2 3 4 58 74
11 11 15 2 3 4 1 2 95 40
12 7 15 1 4 1 4 0 2 207 79
13 3 9 3 5 3 1 0 4 5 130 18
14 9 2 1 5 1 2 0 3 5 152 29
15 10 9 2 6 4 1 0 3 5 2 161 19
16 11 16 2 3 0 1 2 199 34
17 7 0 2 4 0 4 1 3 125 86
35
18 3 15 3 4 2 0 5 4 192 59
19 9 0 2 6 4 2 0 1 5 3 99 42
20 10 9 4 3 3 4 5 87 17
21 11 12 1 3 4 5 3 83 94
22 3 15 1 5 2 1 5 3 4 319 91
23 2 0 1 5 4 2 1 3 5 98 44
24 6 15 3 4 4 3 2 0 270 47
25 10 9 1 4 5 3 1 2 102 14
26 7 12 1 5 1 0 4 3 5 71 61
27 2 11 2 5 5 3 4 0 2 30 54
28 1 0 2 6 1 0 2 3 4 5 77 21
29 10 14 4 5 0 3 5 4 2 102 64
30 1 0 1 3 1 3 5 70 53
31 10 9 3 4 2 0 5 4 228 83
32 2 14 1 5 1 3 5 2 0 209 44
33 10 2 2 6 0 2 1 4 3 5 36 62
34 1 14 1 6 4 1 3 0 5 2 200 74
35 3 16 2 3 2 3 5 103 42
36 7 2 3 3 5 2 4 103 63
37 7 15 3 5 1 4 5 3 0 171 16
38 9 12 6 3 2 1 3 110 75
39 10 15 2 6 4 3 5 1 0 2 311 37
40 2 0 3 5 2 3 1 0 5 66 84
41 2 12 3 4 2 3 4 5 100 98
42 16 2 2 6 1 3 2 0 4 5 121 70
43 3 15 1 5 5 2 0 1 4 192 84
44 3 2 2 6 1 4 2 3 0 5 300 22
45 6 16 2 6 2 0 1 4 5 3 83 30
46 9 14 1 6 1 3 4 5 0 2 136 60
47 2 9 2 6 0 1 2 3 4 5 126 33
48 7 12 3 3 0 5 2 90 76
49 2 16 2 4 4 1 3 2 98 23
50 6 9 3 4 4 5 3 1 113 60
51 2 1 2 5 4 0 3 5 1 361 38
52 6 16 2 5 5 3 0 2 1 170 60
13
53 11 1 1 5 2 4 1 3 5 145 23
54 6 2 2 4 3 4 2 0 47 76
55 9 16 2 5 4 5 0 2 3 155 85
56 3 1 2 3 3 5 0 321 12
57 1 0 3 3 2 5 0 164 75
58 2 14 1 4 3 5 1 0 247 72
59 9 12 1 6 0 5 3 2 1 4 78 77
60 10 14 2 5 4 3 0 2 5 185 82
61 2 16 2 3 2 1 4 31 81
62 3 2 7 5 2 3 1 4 5 122 38
63 16 14 2 5 5 1 2 3 0 284 11
64 10 14 2 4 0 3 4 1 215 14
65 1 0 3 3 5 1 3 118 83
17
66 7 14 1 3 3 2 4 56 53
67 3 1 2 6 4 1 5 2 3 0 317 49
68 1 0 2 4 4 1 3 5 156 93
69 1 2 2 3 3 4 2 309 35
70 2 12 2 3 4 1 3 23 97
71 1 2 2 5 4 2 5 0 1 207 79
72 10 1 2 3 3 0 2 89 57
73 3 1 2 6 3 2 1 4 5 0 192 86
74 1 0 1 4 5 3 2 0 144 15
75 1 0 4 5 2 0 3 1 5 160 29
76 10 16 1 5 5 2 1 3 4 168 46
77 6 16 2 4 3 5 4 1 103 30
78 6 15 3 5 5 0 1 2 3 45 36
79 3 15 2 5 1 4 0 5 3 27 65
80 3 14 6 4 3 0 2 5 155 74
81 10 16 2 5 3 4 1 2 0 78 88
82 9 14 3 4 1 0 3 2 172 30
19
83 10 15 1 6 4 5 0 3 1 2 147 98
84 10 12 2 4 5 3 1 4 132 69
85 10 14 1 4 1 3 2 4 376 85
86 2 16 2 3 4 2 5 129 93
87 7 15 3 6 0 1 3 5 2 4 313 18
88 7 12 4 4 3 1 5 2 59 41
89 9 14 2 5 3 1 0 5 2 118 70
90 3 9 2 3 0 4 3 80 66
91 2 1 4 3 2 1 3 113 64
92 2 16 1 5 4 2 3 1 0 96 46
93 2 1 2 4 1 2 4 5 226 30
94 10 2 5 5 4 2 0 1 3 116 93
95 1 9 3 3 3 5 4 130 43
96 9 1 3 6 5 4 0 1 3 2 78 72
97 11 12 2 5 0 3 4 2 5 83 19
98 2 12 2 4 2 4 1 5 24 35
99 9 12 6 3 2 3 1 103 61
100 1 2 2 6 4 2 3 0 5 1 285 31
101 2 1 3 6 5 4 3 2 0 1 325 15
21
102 11 0 1 3 4 1 0 187 11
103 1 14 1 6 4 1 2 0 3 5 172 20
104 3 14 2 4 3 0 2 5 155 74
105 2 0 1 5 0 1 4 5 2 156 86
106 7 9 10 3 5 1 3 181 13
107 11 14 4 5 5 0 4 3 2 262 74
108 3 1 5 4 0 2 3 5 34 69
109 2 14 1 6 0 5 4 3 2 1 154 93
110 11 9 2 5 2 3 5 1 4 85 28
111 6 2 5 5 3 2 4 1 5 395 20
112 2 16 2 3 2 4 1 222 43
113 6 15 5 6 5 0 1 4 2 3 158 19
114 11 15 2 4 4 5 2 0 21 11
115 10 1 2 3 4 0 5 151 17
116 16 2 2 4 2 0 3 1 95 99
117 2 9 1 3 5 3 0 99 63
118 1 16 2 4 3 4 1 5 108 69
119 6 16 4 6 2 3 4 1 5 0 183 87
120 10 0 4 3 2 0 4 105 46
121 10 16 2 5 5 2 1 3 4 168 46
122 6 1 3 5 3 0 4 2 1 41 44
23
123 9 2 2 6 2 0 4 5 1 3 146 27
124 2 11 1 4 2 1 3 4 74 10
125 6 12 1 5 2 4 5 1 0 84 46
126 10 2 2 5 3 2 4 0 5 46 90
127 1 16 4 6 2 5 3 0 4 1 32 70
128 7 14 1 6 4 1 0 3 5 2 168 55
129 3 9 1 3 1 2 5 146 70
130 2 14 5 5 1 3 5 2 0 209 44
131 16 1 5 4 2 4 1 5 62 53
132 16 15 2 6 3 0 1 2 4 5 156 70
133 7 1 2 6 3 5 4 0 1 2 135 35
134 6 2 3 3 3 4 1 187 68
135 9 14 1 4 4 0 3 2 209 18
136 7 16 2 4 1 3 2 0 257 37
137 9 0 1 5 4 3 0 5 1 212 84
138 16 0 4 4 0 3 1 4 84 60
139 11 0 6 3 4 1 2 135 80
140 1 12 3 6 0 1 2 4 5 3 62 96
141 1 0 6 6 3 0 4 1 2 5 87 22
142 9 0 1 6 3 5 0 4 1 2 60 32
143 2 0 7 4 4 2 3 5 25 86
144 9 2 2 6 2 0 1 5 3 4 72 99
145 7 15 4 5 4 0 3 5 1 345 69
16
146 11 1 1 4 2 5 3 1 307 21
147 11 14 1 5 4 0 5 1 2 147 21
148 6 0 1 3 3 5 2 62 93
149 16 11 1 4 4 1 2 5 128 51
150 16 1 1 3 4 0 5 130 79
151 10 2 1 4 0 1 5 2 305 34
152 2 0 2 5 4 2 3 0 1 143 49
153 2 11 4 6 0 5 4 2 1 3 153 25
154 6 0 2 3 5 0 4 152 70
155 3 16 1 5 0 5 4 1 2 126 62
156 16 11 2 6 1 2 3 5 4 0 54 20
157 10 2 3 3 5 2 4 49 97
158 1 12 3 3 3 5 1 90 93
159 6 1 2 6 3 0 1 4 2 5 16 26
160 7 1 2 6 3 5 4 0 1 2 135 35
161 11 12 1 3 1 0 3 71 45
26
162 1 9 1 3 4 5 2 100 63
163 16 9 2 4 1 0 5 4 69 44
164 10 12 2 4 5 1 0 2 121 46
165 16 1 1 6 0 1 4 2 3 5 121 48
166 11 2 2 5 1 0 4 2 3 219 37
167 6 1 2 6 2 3 5 4 0 1 183 99
168 3 15 1 5 3 1 5 2 0 84 72
169 3 9 1 5 3 1 0 4 5 130 18
170 7 11 1 4 0 4 3 1 119 42
171 1 0 2 6 2 5 0 1 3 4 133 27
172 7 15 2 4 2 4 3 1 98 28
173 16 0 3 5 3 5 1 2 4 194 76
174 7 11 7 4 3 4 0 5 16 77
175 1 14 2 3 2 5 4 82 71
176 6 15 1 6 1 2 5 0 3 4 139 87
177 10 0 2 6 2 4 3 0 1 5 91 11
178 6 2 4 3 3 0 1 131 75
179 10 1 3 3 4 0 5 151 17
180 1 0 5 4 0 2 4 5 73 88
181 6 0 3 4 1 0 5 2 184 80
182 16 12 7 6 0 4 2 5 3 1 151 38
183 9 11 5 5 4 0 3 5 2 142 82
184 9 14 7 4 3 0 4 1 15 29
185 3 9 3 5 5 2 0 3 4 54 44
186 9 12 2 6 4 1 0 3 2 5 172 35
187 3 0 2 5 4 5 1 2 0 67 73
35
188 3 15 2 5 1 4 0 5 3 27 65
189 6 12 2 6 1 5 3 4 2 0 101 98
190 11 2 1 3 1 4 5 389 24
191 9 16 1 5 1 3 0 5 4 274 79
192 2 11 2 6 2 1 5 4 3 0 540 83
193 11 16 2 6 2 5 0 1 4 3 178 64
194 9 15 1 3 1 0 4 232 75
195 7 11 3 3 0 3 2 95 46
196 9 12 1 3 3 5 0 91 40
197 11 0 3 5 0 3 4 1 2 204 72
198 7 9 6 6 5 3 4 0 1 2 203 73
199 3 1 5 5 4 1 5 3 2 323 53
200 1 9 4 4 4 1 0 3 21 60
201 16 2 4 4 3 1 0 5 111 73
202 7 0 1 6 5 4 0 2 3 1 123 88
203 16 0 3 5 4 5 3 0 2 266 54
204 10 15 2 5 4 3 2 1 0 195 46
205 16 14 1 4 5 4 0 1 144 21
206 3 0 9 4 0 5 2 1 77 23
207 9 11 3 6 2 0 5 1 3 4 219 53
208 9 11 1 4 4 3 5 1 131 24
209 7 9 2 4 5 3 2 1 113 86
210 2 14 5 3 3 4 2 131 30
211 6 0 2 5 0 3 4 2 5 199 77
212 2 16 2 6 0 5 1 3 4 2 199 76
213 3 2 2 6 2 5 4 3 0 1 141 51
214 3 1 4 4 0 2 3 5 34 69
215 3 14 6 4 1 5 2 3 66 80
216 6 2 5 4 2 0 1 3 71 98
217 7 0 2 6 4 2 1 5 0 3 156 14
218 10 0 5 3 2 4 1 219 76
219 2 12 3 3 3 5 2 69 53
220 1 2 3 3 3 5 4 264 31
221 10 11 3 3 3 4 5 204 36
222 3 11 2 5 5 1 3 4 2 394 35
21
223 10 11 2 5 2 5 4 3 1 141 46
224 16 1 2 5 1 2 4 3 5 88 94
225 16 9 1 4 5 3 4 0 45 69
226 2 15 1 5 3 4 1 5 2 161 55
227 11 16 1 5 2 4 5 0 1 100 35
228 10 16 2 4 3 4 1 0 284 18
229 11 0 2 3 5 1 3 74 22
230 1 16 1 5 2 3 1 5 4 116 55
231 11 2 2 5 1 0 3 4 5 203 18
232 10 0 2 6 2 4 3 0 1 5 91 11
233 9 2 2 6 2 1 0 4 3 5 97 81
234 11 9 3 6 5 2 3 4 1 0 109 89
235 6 16 5 6 2 3 4 1 5 0 183 87
236 7 1 2 4 4 1 2 0 142 32
237 7 1 2 5 2 1 3 4 0 138 90
238 6 14 2 6 4 3 1 2 0 5 78 71
239 11 1 7 5 2 4 1 3 5 145 23
240 16 15 4 6 4 1 2 5 3 0 190 23
241 1 12 2 5 0 4 3 2 5 67 66
242 2 14 6 5 0 4 2 3 5 91 46
243 2 16 5 6 4 2 1 3 0 5 131 46
17
244 3 14 2 5 3 1 5 0 2 237 20
245 10 16 1 6 5 3 4 1 0 2 174 68
246 10 1 5 5 2 1 5 3 4 212 88
247 7 16 2 4 3 2 1 5 127 51
248 6 16 3 3 0 5 4 161 95
249 11 12 2 4 4 3 1 0 56 19
250 10 12 3 3 5 0 2 52 49
251 6 11 3 4 5 2 4 3 295 98
252 10 2 4 6 4 3 0 5 1 2 217 40
253 9 16 6 4 4 5 3 1 221 19
254 9 2 1 3 1 3 2 83 40
255 10 1 2 4 0 2 4 1 100 17
256 10 0 1 3 0 1 5 106 21
257 6 16 3 3 3 4 0 59 40
258 16 15 1 6 1 3 0 4 5 2 157 22
259 9 1 3 3 5 3 1 171 58
260 11 9 3 5 0 1 3 2 4 100 83
28
261 3 11 1 5 3 5 2 1 0 329 93
262 10 2 1 6 2 1 3 5 4 0 239 86
263 11 15 1 3 5 3 2 215 41
264 16 1 1 4 2 5 3 0 132 23
265 10 0 1 3 2 0 4 105 46
266 10 0 8 3 3 0 5 175 68
267 6 1 2 4 2 1 0 5 283 61
268 6 16 4 4 3 5 0 4 229 54
269 16 1 4 4 4 1 2 5 73 16
270 3 14 2 3 5 0 1 30 25
271 10 11 1 3 3 2 0 198 96
272 11 12 1 3 2 4 1 87 30
273 7 2 2 3 5 2 4 103 63
274 7 14 1 6 4 1 0 3 5 2 168 55
275 1 9 6 6 1 3 5 4 2 0 99 55
276 6 15 2 4 5 0 2 3 221 83
277 1 0 4 5 2 1 5 3 0 42 32
278 11 16 1 6 4 3 1 2 0 5 15 73
279 10 14 1 5 2 0 5 3 1 300 51
280 1 16 3 4 4 5 1 3 83 32
281 6 1 2 6 3 1 0 4 5 2 113 37
282 2 14 6 6 0 5 4 3 2 1 154 93
283 10 16 2 4 5 1 3 4 149 100
284 16 14 5 4 5 4 0 1 144 21
285 9 14 3 5 3 1 0 5 2 118 70
286 10 9 4 4 4 5 2 1 116 46
287 9 12 1 5 1 0 4 2 3 23 91
288 3 1 3 5 2 4 3 5 0 60 33
25
289 10 2 2 4 4 5 1 0 163 50
290 16 2 3 6 2 4 3 0 5 1 95 54
291 6 2 3 6 2 5 4 3 0 1 209 66
292 1 12 2 3 5 4 0 63 47
293 2 9 2 4 5 2 4 3 115 79
294 6 16 2 6 5 1 3 0 2 4 79 90
295 10 11 3 5 2 5 4 3 1 141 46
296 10 2 1 6 1 4 2 3 0 5 172 85
297 6 14 1 4 1 5 4 2 54 23
298 10 9 5 3 3 5 0 117 99
299 2 15 2 4 3 5 4 1 112 28
300 1 14 5 5 1 5 2 0 3 153 24
301 11 15 2 5 0 2 4 5 1 52 46
302 11 12 4 5 3 5 2 4 1 146 77
303 10 12 3 6 1 0 5 2 3 4 68 80
304 10 16 3 5 3 5 1 4 0 191 32
305 1 2 1 3 4 3 0 203 24
306 9 12 1 3 3 5 0 91 40
307 2 1 2 4 5 0 2 1 330 49
308 10 15 1 6 1 4 2 3 5 0 54 32
309 2 11 4 3 5 2 0 101 14
310 2 0 3 5 1 4 0 5 3 226 88
311 9 2 1 5 0 1 5 2 3 71 23
312 16 9 2 4 5 1 4 3 135 48
313 7 12 2 4 2 3 5 4 98 79
19
314 16 2 7 6 1 2 5 0 3 4 111 14
315 16 14 1 4 4 2 3 1 169 37
316 10 15 1 5 1 2 0 5 4 163 71
317 2 16 2 5 0 1 2 5 3 152 16
318 2 16 1 6 0 5 1 3 4 2 199 76
319 2 14 2 3 2 3 0 137 94
320 6 16 1 3 2 1 5 144 58
321 7 2 2 3 2 3 5 31 11
322 6 15 5 3 0 2 5 30 21
323 10 1 2 4 4 0 3 2 75 89
324 2 14 3 3 1 5 2 134 83
325 3 15 1 4 2 0 5 4 192 59
326 7 9 2 6 5 4 3 1 0 2 53 18
327 1 2 1 4 3 0 4 2 283 96
328 16 0 2 5 3 5 1 2 4 194 76
329 6 0 2 4 5 0 2 1 37 92
330 16 9 1 5 3 2 5 0 4 134 91
331 6 15 3 3 1 2 3 271 64
332 11 1 6 3 0 4 1 213 87
16
333 11 15 3 3 5 3 2 215 41
334 16 15 6 4 0 5 4 1 144 45
335 11 1 4 6 3 2 1 0 4 5 110 44
336 3 0 1 4 0 5 2 1 77 23
337 1 2 2 3 2 4 1 227 77
338 11 9 4 5 1 2 4 0 3 21 27
339 9 12 3 6 1 0 3 5 2 4 91 65
340 6 14 1 6 2 1 5 4 3 0 170 34
341 3 2 3 4 3 5 1 0 166 50
342 7 16 8 5 3 5 1 2 4 68 56
343 11 1 3 5 1 3 5 2 0 202 38
344 2 15 3 4 4 2 3 1 294 94
345 2 14 4 4 5 0 3 4 140 69
346 7 12 7 4 3 0 4 5 52 85
347 3 0 2 4 1 5 0 4 61 88
348 10 12 2 3 4 0 3 122 28
24
349 3 11 2 3 2 1 3 119 69
350 9 2 1 3 2 3 4 117 60
351 7 14 1 6 2 1 5 0 3 4 90 84
352 10 0 1 4 5 4 2 1 47 67
353 1 0 2 3 1 0 4 72 11
354 6 16 3 4 5 2 4 3 50 21
355 3 2 2 6 3 1 0 2 4 5 341 48
356 6 1 2 3 5 1 3 181 66
357 10 1 4 6 4 0 5 1 3 2 180 21
358 3 0 3 6 1 4 5 0 2 3 74 96
359 16 14 1 6 1 2 0 3 4 5 258 18
360 6 12 1 3 0 2 4 137 40
361 11 9 2 3 5 0 2 116 97
362 7 11 1 6 3 1 2 4 0 5 106 90
363 10 12 2 3 4 2 0 104 62
364 10 9 2 6 0 5 2 4 1 3 154 96
365 7 16 3 5 2 1 4 5 0 75 45
366 3 14 2 4 3 4 1 0 202 12
367 9 12 2 5 2 5 3 4 1 34 96
368 16 12 2 6 4 1 3 0 5 2 92 91
369 9 1 2 3 5 0 1 44 62
370 3 2 2 5 4 5 2 1 3 200 72
371 16 12 3 5 5 2 1 0 3 49 84
372 10 0 2 4 5 1 4 0 63 91
21
373 7 1 2 3 3 5 4 304 40
374 11 9 4 3 1 3 5 128 73
375 7 15 1 4 4 5 2 1 37 94
376 9 16 2 4 4 2 3 0 325 89
377 6 9 2 6 2 5 0 4 3 1 85 62
378 10 9 2 4 0 2 3 1 129 67
379 6 11 2 4 5 2 4 3 295 98
380 2 11 3 6 2 1 5 4 3 0 540 83
381 10 14 1 4 3 0 1 2 263 84
382 11 9 1 3 5 0 2 116 97
383 1 11 3 5 3 4 5 1 2 460 32
384 2 14 5 5 0 5 2 4 1 305 40
385 6 16 5 3 5 0 4 157 74
386 11 14 1 5 0 1 4 2 3 279 92
387 16 2 3 4 0 5 2 4 69 37
388 1 15 2 4 5 1 0 3 97 63
389 1 12 2 4 4 3 5 1 47 75
390 16 14 2 3 3 0 5 120 45
391 11 0 1 5 3 1 0 5 4 218 55
392 16 9 3 4 5 1 4 3 135 48
393 1 16 7 6 0 2 1 3 4 5 91 61
21
394 6 2 2 5 0 5 2 4 3 166 57
395 2 12 1 5 3 0 1 2 5 109 46
396 16 9 1 3 0 4 2 28 21
397 3 1 3 3 1 2 5 370 24
398 3 9 2 3 1 2 5 146 70
399 3 12 6 3 5 2 4 44 39
400 10 16 1 4 3 4 0 1 21 57
401 1 9 1 5 0 2 1 4 5 151 52
402 6 15 4 4 4 3 2 0 270 47
403 1 0 1 6 4 2 5 0 3 1 88 36
404 1 11 3 5 3 2 5 1 4 302 72
405 16 0 2 5 1 5 3 2 0 91 67
406 3 2 3 6 3 1 0 2 4 5 341 48
407 16 15 3 5 3 0 1 5 4 192 75
408 6 1 2 6 1 4 5 2 0 3 99 81
409 16 2 5 3 2 1 4 153 62
410 3 0 2 6 2 0 1 3 4 5 144 35
411 3 14 2 4 1 5 4 3 64 24
412 9 1 2 3 1 2 4 127 62
413 10 2 2 6 1 4 2 3 0 5 172 85
414 9 15 2 6 2 1 4 3 5 0 72 92
24
415 2 16 3 4 4 1 3 2 98 23
416 10 11 1 3 3 4 5 204 36
417 1 14 1 5 3 0 5 1 4 265 16
418 1 11 4 3 3 2 1 166 73
419 9 12 1 3 2 3 1 103 61
420 10 11 5 4 1 0 5 2 223 11
421 7 11 3 3 0 3 2 95 46
422 11 15 1 3 1 4 2 100 24
423 6 1 3 5 4 0 3 5 1 280 40
424 9 0 1 6 5 1 3 0 4 2 83 73
425 9 2 1 5 1 2 0 3 5 90 78
426 3 14 3 6 3 5 2 4 1 0 242 51
427 9 1 1 4 5 3 2 1 23 56
428 7 9 3 6 2 0 4 5 3 1 143 29
429 2 9 2 3 5 3 2 106 26
430 10 0 6 3 4 5 0 163 70
431 11 9 1 6 1 2 3 5 4 0 77 75
432 10 1 2 5 2 1 5 3 4 212 88
433 2 9 5 4 0 1 3 4 157 70
434 2 11 5 6 0 5 4 2 1 3 153 25
435 7 14 4 6 3 1 0 2 4 5 184 39
436 2 11 4 5 5 3 4 0 2 30 54
437 7 16 3 4 5 1 0 2 48 94
438 2 1 3 5 4 5 2 0 3 302 63
22
439 16 14 1 3 2 1 0 40 54
440 9 16 1 3 1 2 0 134 22
441 2 15 2 3 2 1 4 221 45
442 2 15 3 3 2 3 1 57 29
443 11 15 4 3 2 0 3 281 52
444 1 9 1 3 4 5 2 100 63
445 2 1 1 4 4 1 2 5 287 29
446 16 11 4 4 4 1 2 5 128 51
447 6 2 1 3 4 2 5 208 94
448 10 15 7 3 0 2 5 165 80
449 2 16 2 6 1 5 0 3 2 4 119 69
450 1 9 2 3 3 5 4 130 43
451 7 12 1 6 4 2 5 3 0 1 103 79
452 2 9 3 3 5 3 2 106 26
453 3 14 2 6 1 5 0 3 2 4 166 91
454 10 12 2 6 1 4 5 3 0 2 116 68
455 3 9 2 5 2 1 3 0 4 115 89
456 7 15 9 4 5 3 2 1 205 45
457 1 16 2 3 3 0 4 133 57
458 1 11 3 6 5 3 0 4 2 1 125 57
459 3 0 8 5 0 1 3 2 5 57 31
460 7 16 2 3 3 4 0 158 51
33
461 2 1 2 6 4 1 5 2 3 0 399 60
462 9 11 1 4 1 4 5 0 46 24
463 11 15 2 3 5 3 2 215 41
464 16 12 3 5 5 0 1 2 4 132 53
465 7 14 4 6 2 0 4 3 5 1 181 97
466 16 12 2 6 5 1 4 0 3 2 48 59
467 16 14 3 4 4 1 2 5 81 37
468 3 9 1 4 5 2 4 0 69 16
469 11 9 3 4 3 4 2 1 48 10
470 2 15 1 4 0 1 2 4 251 48
471 16 12 2 6 4 1 3 0 5 2 92 91
472 6 14 2 5 1 4 3 0 2 27 60
473 1 2 1 4 3 0 4 2 283 96
474 7 11 2 5 3 1 2 4 5 161 25
475 7 12 2 4 0 2 4 5 77 27
476 7 1 2 3 0 2 1 220 85
477 2 16 2 4 5 4 1 2 64 40
478 1 15 2 6 3 4 0 2 1 5 62 90
479 7 14 2 6 3 1 0 2 4 5 184 39
480 7 2 2 6 1 0 3 2 4 5 267 65
481 10 1 1 4 4 1 2 3 457 24
482 10 1 3 5 3 0 5 2 1 122 53
483 16 11 2 3 0 2 5 67 87
484 1 14 3 3 1 4 2 172 73
485 11 0 3 5 0 2 5 1 4 221 57
486 9 0 5 3 1 0 3 172 16
487 10 14 3 6 0 1 2 3 4 5 180 93
488 3 16 5 3 1 4 2 16 47
489 16 15 3 5 0 4 1 2 3 199 17
490 10 11 7 4 5 1 0 2 335 89
491 6 1 2 6 2 3 5 4 0 1 183 99
492 7 12 4 5 3 2 0 5 4 84 92
493 16 14 2 3 2 1 0 40 54
26
494 6 9 3 5 0 1 2 5 4 159 34
495 16 11 2 4 2 5 1 3 114 49
496 1 15 1 6 1 4 5 3 0 2 193 24
497 6 15 1 5 5 3 0 2 1 144 47
498 6 2 4 4 3 4 2 0 47 76
499 1 14 1 5 3 5 0 1 4 180 99
500 6 11 1 3 1 2 5 138 69
501 3 9 1 5 3 5 1 0 2 134 35
502 11 16 1 4 1 0 5 4 12 35
503 6 0 4 6 0 4 2 3 5 1 72 26
504 9 12 3 6 5 2 4 3 1 0 63 89
505 3 0 3 4 5 4 1 3 74 18
506 2 0 2 6 1 0 2 4 3 5 112 75
507 16 0 1 4 2 5 1 0 129 13
508 2 12 4 3 3 5 2 69 53
509 10 16 1 4 2 5 1 3 94 31
510 7 12 3 3 2 4 3 12 31
511 7 11 2 6 3 4 0 1 2 5 95 75
512 11 2 1 3 3 4 5 369 40
513 2 11 1 5 3 0 5 4 2 256 28
514 11 2 3 3 3 2 5 270 30
515 9 1 2 3 1 2 4 127 62
516 11 15 2 4 2 3 5 4 45 16
517 3 12 2 4 2 3 0 1 67 60
518 2 12 3 5 0 1 5 2 3 55 74
519 10 11 3 4 3 0 4 5 76 99
22
520 1 9 1 3 3 5 4 130 43
521 10 14 3 4 1 5 4 2 34 16
522 2 15 4 4 4 2 3 1 294 94
523 1 16 1 3 4 1 2 103 15
524 1 16 2 4 3 4 1 5 108 69
525 1 9 1 4 4 1 0 3 21 60
526 7 11 3 5 1 0 5 4 3 257 95
527 16 1 3 4 4 1 3 5 32 37
528 7 14 2 3 2 3 1 298 64
529 9 1 2 6 5 4 0 1 3 2 78 72
530 1 9 2 3 4 1 2 141 94
531 1 12 2 6 2 5 3 0 4 1 75 65
532 9 12 2 6 5 0 3 4 2 1 33 31
533 9 0 5 3 4 1 5 40 44
534 1 14 1 3 4 0 2 140 83
535 7 2 4 4 4 5 1 3 88 28
536 7 15 3 6 5 2 3 0 4 1 90 95
537 10 0 1 6 4 0 2 5 3 1 106 92
538 3 16 2 6 3 5 2 0 1 4 103 70
539 10 1 2 3 3 0 2 89 57
540 11 14 2 4 5 1 2 3 163 98
541 9 0 2 4 3 5 1 2 137 16
0
0
0
0
0
0
