22
0 1.28 0 0 0 0 0 0 0 0 0 0 0 0 0 0 0 0 0 0 0 0 0 0 0 0 
1 1.47 0 0 0 0 0 0 0 0 0 0 0 0 0 0 0 0 0 0 0 0 0 0 0 0 
2 1.33 15991.7 3640.95 43.61 3.6 37.98 127.59 207.85 99.2 102.31 63.02 0.01 0.01 0.01 1.69 1969.74 11199.2 28160.6 44055.1 56118.8 63051.4 61156.8 57434.2 45652.5 30887.2 
3 0.91 0 0 0 0 0 0 0 0 0 0 0 0 0 0 0 0 0 0 0 0 0 0 0 0 
4 1.03 9053.98 705.34 0 0 0 0 0 0 0 0 0 0 188.07 1551.66 10729.7 33021.8 55492.7 72539.5 83864.7 86058.9 82376.5 70535.6 51932.3 28545.2 
5 1.36 0 0 0 0 0 0 0 0 0 0 0 66.6 1600.42 7141.02 24675.8 41434.6 62683.6 69872.1 67422.5 58865.8 44603.1 11091.6 1934.52 108.29 
6 0.82 2745.88 13.55 0.01 0.01 0.02 0.01 0.01 0.01 0.01 0.01 0.01 0.01 144.72 3831.79 17135 36435.7 55151.5 68313.3 76271.2 75400.4 68711.2 55278 34715.7 15176.3 
7 0.87 1476.33 32.01 0.02 0.03 0.03 0.03 0.04 0.04 0.04 0.05 0.04 0.04 12.38 1278.57 9609.25 26507.8 43382.9 57205.1 66213.7 65544.8 60572.6 48842.9 32558.4 12826 
8 0.82 0 0 0 0 0 0 0 0 0 0 0 0 0 0 0 0 0 0 0 0 0 0 0 0 
9 1.49 0 0 0 0 0 0 0 0 0 0 0 454.85 6959.3 24036.1 46729.7 66007 78191.3 81720.1 79382.4 67623.2 52609 32978.5 11311.9 696.11 
10 1.2 4530.19 418.22 0.02 0.02 0.02 0.02 0.03 0.03 0.03 0.02 0.02 0.02 0.03 191.69 2955.05 9435.54 21863.5 34104.4 45476.9 49437.2 48984.5 43034.7 29914.7 14423.2 
11 1.26 0 0 0 0 0 0 0 0 0 0 0 0 0 0 0 0 0 0 0 0 0 0 0 0 
12 1.21 0.01 0.01 0.01 0 0 0 0 0 0 0 0 731.93 9544.89 30893.3 53105 72000.2 84913.1 90646.6 86245.2 75217.9 58291.2 34374.4 11138.4 771.83 
13 1.01 0 0 0 0 0 0 0 0 0 0 0 0 0 0 0 0 0 0 0 0 0 0 0 0 
14 1.2 4403.39 3799.83 4219.39 7252.3 11584.3 16468.6 20297 22521.8 23356.4 21614.4 18329 12874.2 7181.44 2586.39 682.21 365.28 354.15 329.55 378.51 648.95 1544.96 2875.62 4451.5 4724.53 
15 1.48 0 0 0 0 0 0 0 0 0 0 0 0 0 0 0 0 0 0 0 0 0 0 0 0 
16 1.23 0 0 0 0 0 0 0 0 0 0 0 0 0 0 0 0 0 0 0 0 0 0 0 0 
17 1 3120.7 53.43 0.01 0.01 0.01 0.01 0.01 0.01 0.01 0.01 0.01 0.01 1.8 2053.95 14049 36302 59792.9 75952.1 80588.7 79107.4 73093.7 57404.1 39388.3 18429.4 
18 1.08 0 0 0 6.23 1035.72 3832.02 6965.79 10447.6 11599 10961.9 11347.8 16672.4 21668.5 27717.4 36233.3 40655.9 43903.7 40639.7 33869.4 21909.8 8117.45 870.41 0.72 0 
19 0.92 0 0 0 0 0 0 0 0 0 0 0 0 0 0 0 0 0 0 0 0 0 0 0 0 
20 1.24 0 0 0 0 0 0 0 0 0 0 0 0 0 0 0 0 0 0 0 0 0 0 0 0 
21 1.09 13982.7 2898.51 5.18 0.02 0.02 0.02 0.03 0.03 0.02 0.03 0.03 0.03 0.03 15.72 1830.92 9648.77 27284.3 45068.4 54863.1 63882.4 64186.3 57337.1 47108.2 31448.8 
198 494
0 s 0 0.08 0.25
1 s 0 0.08 0.25
2 s 0 0.08 0.25
3 s 0 0.08 0.25
4 s 0 0.08 0.25
5 c 0 0.02415 0.0805 640 0.165
6 c 0 0.02415 0.0805 640 0.165
7 c 0 0.02415 0.0805 640 0.165
8 c 0 0.02415 0.0805 640 0.165
9 s 1 0.08 0.25
10 s 1 0.08 0.25
11 s 1 0.08 0.25
12 s 1 0.08 0.25
13 s 1 0.08 0.25
14 c 1 0.02415 0.0805 640 0.165
15 c 1 0.02415 0.0805 640 0.165
16 c 1 0.02415 0.0805 640 0.165
17 c 1 0.02415 0.0805 640 0.165
18 s 2 0.08 0.25
19 s 2 0.08 0.25
20 s 2 0.08 0.25
21 s 2 0.08 0.25
22 s 2 0.08 0.25
23 c 2 0.02415 0.0805 640 0.165
24 c 2 0.02415 0.0805 640 0.165
25 c 2 0.02415 0.0805 640 0.165
26 c 2 0.02415 0.0805 640 0.165
27 s 3 0.08 0.25
28 s 3 0.08 0.25
29 s 3 0.08 0.25
30 s 3 0.08 0.25
31 s 3 0.08 0.25
32 c 3 0.02415 0.0805 640 0.165
33 c 3 0.02415 0.0805 640 0.165
34 c 3 0.02415 0.0805 640 0.165
35 c 3 0.02415 0.0805 640 0.165
36 s 4 0.08 0.25
37 s 4 0.08 0.25
38 s 4 0.08 0.25
39 s 4 0.08 0.25
40 s 4 0.08 0.25
41 c 4 0.02415 0.0805 640 0.165
42 c 4 0.02415 0.0805 640 0.165
43 c 4 0.02415 0.0805 640 0.165
44 c 4 0.02415 0.0805 640 0.165
45 s 5 0.08 0.25
46 s 5 0.08 0.25
47 s 5 0.08 0.25
48 s 5 0.08 0.25
49 s 5 0.08 0.25
50 c 5 0.02415 0.0805 640 0.165
51 c 5 0.02415 0.0805 640 0.165
52 c 5 0.02415 0.0805 640 0.165
53 c 5 0.02415 0.0805 640 0.165
54 s 6 0.08 0.25
55 s 6 0.08 0.25
56 s 6 0.08 0.25
57 s 6 0.08 0.25
58 s 6 0.08 0.25
59 c 6 0.02415 0.0805 640 0.165
60 c 6 0.02415 0.0805 640 0.165
61 c 6 0.02415 0.0805 640 0.165
62 c 6 0.02415 0.0805 640 0.165
63 s 7 0.08 0.25
64 s 7 0.08 0.25
65 s 7 0.08 0.25
66 s 7 0.08 0.25
67 s 7 0.08 0.25
68 c 7 0.02415 0.0805 640 0.165
69 c 7 0.02415 0.0805 640 0.165
70 c 7 0.02415 0.0805 640 0.165
71 c 7 0.02415 0.0805 640 0.165
72 s 8 0.08 0.25
73 s 8 0.08 0.25
74 s 8 0.08 0.25
75 s 8 0.08 0.25
76 s 8 0.08 0.25
77 c 8 0.02415 0.0805 640 0.165
78 c 8 0.02415 0.0805 640 0.165
79 c 8 0.02415 0.0805 640 0.165
80 c 8 0.02415 0.0805 640 0.165
81 s 9 0.08 0.25
82 s 9 0.08 0.25
83 s 9 0.08 0.25
84 s 9 0.08 0.25
85 s 9 0.08 0.25
86 c 9 0.02415 0.0805 640 0.165
87 c 9 0.02415 0.0805 640 0.165
88 c 9 0.02415 0.0805 640 0.165
89 c 9 0.02415 0.0805 640 0.165
90 s 10 0.08 0.25
91 s 10 0.08 0.25
92 s 10 0.08 0.25
93 s 10 0.08 0.25
94 s 10 0.08 0.25
95 c 10 0.02415 0.0805 640 0.165
96 c 10 0.02415 0.0805 640 0.165
97 c 10 0.02415 0.0805 640 0.165
98 c 10 0.02415 0.0805 640 0.165
99 s 11 0.08 0.25
100 s 11 0.08 0.25
101 s 11 0.08 0.25
102 s 11 0.08 0.25
103 s 11 0.08 0.25
104 c 11 0.02415 0.0805 640 0.165
105 c 11 0.02415 0.0805 640 0.165
106 c 11 0.02415 0.0805 640 0.165
107 c 11 0.02415 0.0805 640 0.165
108 s 12 0.08 0.25
109 s 12 0.08 0.25
110 s 12 0.08 0.25
111 s 12 0.08 0.25
112 s 12 0.08 0.25
113 c 12 0.02415 0.0805 640 0.165
114 c 12 0.02415 0.0805 640 0.165
115 c 12 0.02415 0.0805 640 0.165
116 c 12 0.02415 0.0805 640 0.165
117 s 13 0.08 0.25
118 s 13 0.08 0.25
119 s 13 0.08 0.25
120 s 13 0.08 0.25
121 s 13 0.08 0.25
122 c 13 0.02415 0.0805 640 0.165
123 c 13 0.02415 0.0805 640 0.165
124 c 13 0.02415 0.0805 640 0.165
125 c 13 0.02415 0.0805 640 0.165
126 s 14 0.08 0.25
127 s 14 0.08 0.25
128 s 14 0.08 0.25
129 s 14 0.08 0.25
130 s 14 0.08 0.25
131 c 14 0.02415 0.0805 640 0.165
132 c 14 0.02415 0.0805 640 0.165
133 c 14 0.02415 0.0805 640 0.165
134 c 14 0.02415 0.0805 640 0.165
135 s 15 0.08 0.25
136 s 15 0.08 0.25
137 s 15 0.08 0.25
138 s 15 0.08 0.25
139 s 15 0.08 0.25
140 c 15 0.02415 0.0805 640 0.165
141 c 15 0.02415 0.0805 640 0.165
142 c 15 0.02415 0.0805 640 0.165
143 c 15 0.02415 0.0805 640 0.165
144 s 16 0.08 0.25
145 s 16 0.08 0.25
146 s 16 0.08 0.25
147 s 16 0.08 0.25
148 s 16 0.08 0.25
149 c 16 0.02415 0.0805 640 0.165
150 c 16 0.02415 0.0805 640 0.165
151 c 16 0.02415 0.0805 640 0.165
152 c 16 0.02415 0.0805 640 0.165
153 s 17 0.08 0.25
154 s 17 0.08 0.25
155 s 17 0.08 0.25
156 s 17 0.08 0.25
157 s 17 0.08 0.25
158 c 17 0.02415 0.0805 640 0.165
159 c 17 0.02415 0.0805 640 0.165
160 c 17 0.02415 0.0805 640 0.165
161 c 17 0.02415 0.0805 640 0.165
162 s 18 0.08 0.25
163 s 18 0.08 0.25
164 s 18 0.08 0.25
165 s 18 0.08 0.25
166 s 18 0.08 0.25
167 c 18 0.02415 0.0805 640 0.165
168 c 18 0.02415 0.0805 640 0.165
169 c 18 0.02415 0.0805 640 0.165
170 c 18 0.02415 0.0805 640 0.165
171 s 19 0.08 0.25
172 s 19 0.08 0.25
173 s 19 0.08 0.25
174 s 19 0.08 0.25
175 s 19 0.08 0.25
176 c 19 0.02415 0.0805 640 0.165
177 c 19 0.02415 0.0805 640 0.165
178 c 19 0.02415 0.0805 640 0.165
179 c 19 0.02415 0.0805 640 0.165
180 s 20 0.08 0.25
181 s 20 0.08 0.25
182 s 20 0.08 0.25
183 s 20 0.08 0.25
184 s 20 0.08 0.25
185 c 20 0.02415 0.0805 640 0.165
186 c 20 0.02415 0.0805 640 0.165
187 c 20 0.02415 0.0805 640 0.165
188 c 20 0.02415 0.0805 640 0.165
189 s 21 0.08 0.25
190 s 21 0.08 0.25
191 s 21 0.08 0.25
192 s 21 0.08 0.25
193 s 21 0.08 0.25
194 c 21 0.02415 0.0805 640 0.165
195 c 21 0.02415 0.0805 640 0.165
196 c 21 0.02415 0.0805 640 0.165
197 c 21 0.02415 0.0805 640 0.165
0 0 9 b -1 100000 0
1 9 0 b -1 100000 0
2 9 117 b -1 100000 0
3 117 9 b -1 100000 0
4 9 63 b -1 100000 2
5 63 9 b -1 100000 2
6 9 54 b -1 100000 9
7 54 9 b -1 100000 9
8 9 45 b -1 100000 5
9 45 9 b -1 100000 5
10 18 36 b -1 100000 2
11 36 18 b -1 100000 2
12 18 27 b -1 100000 3
13 27 18 b -1 100000 3
14 27 144 b -1 100000 1
15 144 27 b -1 100000 1
16 27 135 b -1 100000 2
17 135 27 b -1 100000 2
18 27 108 b -1 100000 5
19 108 27 b -1 100000 5
20 36 90 b -1 100000 3
21 90 36 b -1 100000 3
22 36 45 b -1 100000 10
23 45 36 b -1 100000 10
24 45 63 b -1 100000 4
25 63 45 b -1 100000 4
26 45 54 b -1 100000 6
27 54 45 b -1 100000 6
28 54 81 b -1 100000 7
29 81 54 b -1 100000 7
30 54 72 b -1 100000 2
31 72 54 b -1 100000 2
32 81 99 b -1 100000 3
33 99 81 b -1 100000 3
34 81 90 b -1 100000 2
35 90 81 b -1 100000 2
36 90 99 b -1 100000 2
37 99 90 b -1 100000 2
38 99 108 b -1 100000 2
39 108 99 b -1 100000 2
40 108 162 b -1 100000 0
41 162 108 b -1 100000 0
42 108 171 b -1 100000 0
43 171 108 b -1 100000 0
44 108 153 b -1 100000 1
45 153 108 b -1 100000 1
46 108 126 b -1 100000 0
47 126 108 b -1 100000 0
48 144 189 b -1 100000 0
49 189 144 b -1 100000 0
50 144 180 b -1 100000 0
51 180 144 b -1 100000 0
52 153 162 b -1 100000 0
53 162 153 b -1 100000 0
54 0 2 i 0 100000 1
55 2 0 i 0 100000 1
56 0 1 i 0 100000 1
57 1 0 i 0 100000 1
58 1 4 i 0 25000 1
59 4 1 i 0 25000 1
60 1 3 i 0 25000 1
61 3 1 i 0 25000 1
62 2 4 i 0 25000 1
63 4 2 i 0 25000 1
64 2 3 i 0 25000 1
65 3 2 i 0 25000 1
66 3 6 i 0 100000 1
67 6 3 i 0 100000 1
68 3 5 i 0 100000 1
69 5 3 i 0 100000 1
70 4 8 i 0 100000 1
71 8 4 i 0 100000 1
72 4 7 i 0 100000 1
73 7 4 i 0 100000 1
74 9 11 i 1 100000 1
75 11 9 i 1 100000 1
76 9 10 i 1 100000 1
77 10 9 i 1 100000 1
78 10 13 i 1 25000 1
79 13 10 i 1 25000 1
80 10 12 i 1 25000 1
81 12 10 i 1 25000 1
82 11 13 i 1 25000 1
83 13 11 i 1 25000 1
84 11 12 i 1 25000 1
85 12 11 i 1 25000 1
86 12 15 i 1 100000 1
87 15 12 i 1 100000 1
88 12 14 i 1 100000 1
89 14 12 i 1 100000 1
90 13 17 i 1 100000 1
91 17 13 i 1 100000 1
92 13 16 i 1 100000 1
93 16 13 i 1 100000 1
94 18 20 i 2 100000 1
95 20 18 i 2 100000 1
96 18 19 i 2 100000 1
97 19 18 i 2 100000 1
98 19 22 i 2 25000 1
99 22 19 i 2 25000 1
100 19 21 i 2 25000 1
101 21 19 i 2 25000 1
102 20 22 i 2 25000 1
103 22 20 i 2 25000 1
104 20 21 i 2 25000 1
105 21 20 i 2 25000 1
106 21 24 i 2 100000 1
107 24 21 i 2 100000 1
108 21 23 i 2 100000 1
109 23 21 i 2 100000 1
110 22 26 i 2 100000 1
111 26 22 i 2 100000 1
112 22 25 i 2 100000 1
113 25 22 i 2 100000 1
114 27 29 i 3 100000 1
115 29 27 i 3 100000 1
116 27 28 i 3 100000 1
117 28 27 i 3 100000 1
118 28 31 i 3 25000 1
119 31 28 i 3 25000 1
120 28 30 i 3 25000 1
121 30 28 i 3 25000 1
122 29 31 i 3 25000 1
123 31 29 i 3 25000 1
124 29 30 i 3 25000 1
125 30 29 i 3 25000 1
126 30 33 i 3 100000 1
127 33 30 i 3 100000 1
128 30 32 i 3 100000 1
129 32 30 i 3 100000 1
130 31 35 i 3 100000 1
131 35 31 i 3 100000 1
132 31 34 i 3 100000 1
133 34 31 i 3 100000 1
134 36 38 i 4 100000 1
135 38 36 i 4 100000 1
136 36 37 i 4 100000 1
137 37 36 i 4 100000 1
138 37 40 i 4 25000 1
139 40 37 i 4 25000 1
140 37 39 i 4 25000 1
141 39 37 i 4 25000 1
142 38 40 i 4 25000 1
143 40 38 i 4 25000 1
144 38 39 i 4 25000 1
145 39 38 i 4 25000 1
146 39 42 i 4 100000 1
147 42 39 i 4 100000 1
148 39 41 i 4 100000 1
149 41 39 i 4 100000 1
150 40 44 i 4 100000 1
151 44 40 i 4 100000 1
152 40 43 i 4 100000 1
153 43 40 i 4 100000 1
154 45 47 i 5 100000 1
155 47 45 i 5 100000 1
156 45 46 i 5 100000 1
157 46 45 i 5 100000 1
158 46 49 i 5 25000 1
159 49 46 i 5 25000 1
160 46 48 i 5 25000 1
161 48 46 i 5 25000 1
162 47 49 i 5 25000 1
163 49 47 i 5 25000 1
164 47 48 i 5 25000 1
165 48 47 i 5 25000 1
166 48 51 i 5 100000 1
167 51 48 i 5 100000 1
168 48 50 i 5 100000 1
169 50 48 i 5 100000 1
170 49 53 i 5 100000 1
171 53 49 i 5 100000 1
172 49 52 i 5 100000 1
173 52 49 i 5 100000 1
174 54 56 i 6 100000 1
175 56 54 i 6 100000 1
176 54 55 i 6 100000 1
177 55 54 i 6 100000 1
178 55 58 i 6 25000 1
179 58 55 i 6 25000 1
180 55 57 i 6 25000 1
181 57 55 i 6 25000 1
182 56 58 i 6 25000 1
183 58 56 i 6 25000 1
184 56 57 i 6 25000 1
185 57 56 i 6 25000 1
186 57 60 i 6 100000 1
187 60 57 i 6 100000 1
188 57 59 i 6 100000 1
189 59 57 i 6 100000 1
190 58 62 i 6 100000 1
191 62 58 i 6 100000 1
192 58 61 i 6 100000 1
193 61 58 i 6 100000 1
194 63 65 i 7 100000 1
195 65 63 i 7 100000 1
196 63 64 i 7 100000 1
197 64 63 i 7 100000 1
198 64 67 i 7 25000 1
199 67 64 i 7 25000 1
200 64 66 i 7 25000 1
201 66 64 i 7 25000 1
202 65 67 i 7 25000 1
203 67 65 i 7 25000 1
204 65 66 i 7 25000 1
205 66 65 i 7 25000 1
206 66 69 i 7 100000 1
207 69 66 i 7 100000 1
208 66 68 i 7 100000 1
209 68 66 i 7 100000 1
210 67 71 i 7 100000 1
211 71 67 i 7 100000 1
212 67 70 i 7 100000 1
213 70 67 i 7 100000 1
214 72 74 i 8 100000 1
215 74 72 i 8 100000 1
216 72 73 i 8 100000 1
217 73 72 i 8 100000 1
218 73 76 i 8 25000 1
219 76 73 i 8 25000 1
220 73 75 i 8 25000 1
221 75 73 i 8 25000 1
222 74 76 i 8 25000 1
223 76 74 i 8 25000 1
224 74 75 i 8 25000 1
225 75 74 i 8 25000 1
226 75 78 i 8 100000 1
227 78 75 i 8 100000 1
228 75 77 i 8 100000 1
229 77 75 i 8 100000 1
230 76 80 i 8 100000 1
231 80 76 i 8 100000 1
232 76 79 i 8 100000 1
233 79 76 i 8 100000 1
234 81 83 i 9 100000 1
235 83 81 i 9 100000 1
236 81 82 i 9 100000 1
237 82 81 i 9 100000 1
238 82 85 i 9 25000 1
239 85 82 i 9 25000 1
240 82 84 i 9 25000 1
241 84 82 i 9 25000 1
242 83 85 i 9 25000 1
243 85 83 i 9 25000 1
244 83 84 i 9 25000 1
245 84 83 i 9 25000 1
246 84 87 i 9 100000 1
247 87 84 i 9 100000 1
248 84 86 i 9 100000 1
249 86 84 i 9 100000 1
250 85 89 i 9 100000 1
251 89 85 i 9 100000 1
252 85 88 i 9 100000 1
253 88 85 i 9 100000 1
254 90 92 i 10 100000 1
255 92 90 i 10 100000 1
256 90 91 i 10 100000 1
257 91 90 i 10 100000 1
258 91 94 i 10 25000 1
259 94 91 i 10 25000 1
260 91 93 i 10 25000 1
261 93 91 i 10 25000 1
262 92 94 i 10 25000 1
263 94 92 i 10 25000 1
264 92 93 i 10 25000 1
265 93 92 i 10 25000 1
266 93 96 i 10 100000 1
267 96 93 i 10 100000 1
268 93 95 i 10 100000 1
269 95 93 i 10 100000 1
270 94 98 i 10 100000 1
271 98 94 i 10 100000 1
272 94 97 i 10 100000 1
273 97 94 i 10 100000 1
274 99 101 i 11 100000 1
275 101 99 i 11 100000 1
276 99 100 i 11 100000 1
277 100 99 i 11 100000 1
278 100 103 i 11 25000 1
279 103 100 i 11 25000 1
280 100 102 i 11 25000 1
281 102 100 i 11 25000 1
282 101 103 i 11 25000 1
283 103 101 i 11 25000 1
284 101 102 i 11 25000 1
285 102 101 i 11 25000 1
286 102 105 i 11 100000 1
287 105 102 i 11 100000 1
288 102 104 i 11 100000 1
289 104 102 i 11 100000 1
290 103 107 i 11 100000 1
291 107 103 i 11 100000 1
292 103 106 i 11 100000 1
293 106 103 i 11 100000 1
294 108 110 i 12 100000 1
295 110 108 i 12 100000 1
296 108 109 i 12 100000 1
297 109 108 i 12 100000 1
298 109 112 i 12 25000 1
299 112 109 i 12 25000 1
300 109 111 i 12 25000 1
301 111 109 i 12 25000 1
302 110 112 i 12 25000 1
303 112 110 i 12 25000 1
304 110 111 i 12 25000 1
305 111 110 i 12 25000 1
306 111 114 i 12 100000 1
307 114 111 i 12 100000 1
308 111 113 i 12 100000 1
309 113 111 i 12 100000 1
310 112 116 i 12 100000 1
311 116 112 i 12 100000 1
312 112 115 i 12 100000 1
313 115 112 i 12 100000 1
314 117 119 i 13 100000 1
315 119 117 i 13 100000 1
316 117 118 i 13 100000 1
317 118 117 i 13 100000 1
318 118 121 i 13 25000 1
319 121 118 i 13 25000 1
320 118 120 i 13 25000 1
321 120 118 i 13 25000 1
322 119 121 i 13 25000 1
323 121 119 i 13 25000 1
324 119 120 i 13 25000 1
325 120 119 i 13 25000 1
326 120 123 i 13 100000 1
327 123 120 i 13 100000 1
328 120 122 i 13 100000 1
329 122 120 i 13 100000 1
330 121 125 i 13 100000 1
331 125 121 i 13 100000 1
332 121 124 i 13 100000 1
333 124 121 i 13 100000 1
334 126 128 i 14 100000 1
335 128 126 i 14 100000 1
336 126 127 i 14 100000 1
337 127 126 i 14 100000 1
338 127 130 i 14 25000 1
339 130 127 i 14 25000 1
340 127 129 i 14 25000 1
341 129 127 i 14 25000 1
342 128 130 i 14 25000 1
343 130 128 i 14 25000 1
344 128 129 i 14 25000 1
345 129 128 i 14 25000 1
346 129 132 i 14 100000 1
347 132 129 i 14 100000 1
348 129 131 i 14 100000 1
349 131 129 i 14 100000 1
350 130 134 i 14 100000 1
351 134 130 i 14 100000 1
352 130 133 i 14 100000 1
353 133 130 i 14 100000 1
354 135 137 i 15 100000 1
355 137 135 i 15 100000 1
356 135 136 i 15 100000 1
357 136 135 i 15 100000 1
358 136 139 i 15 25000 1
359 139 136 i 15 25000 1
360 136 138 i 15 25000 1
361 138 136 i 15 25000 1
362 137 139 i 15 25000 1
363 139 137 i 15 25000 1
364 137 138 i 15 25000 1
365 138 137 i 15 25000 1
366 138 141 i 15 100000 1
367 141 138 i 15 100000 1
368 138 140 i 15 100000 1
369 140 138 i 15 100000 1
370 139 143 i 15 100000 1
371 143 139 i 15 100000 1
372 139 142 i 15 100000 1
373 142 139 i 15 100000 1
374 144 146 i 16 100000 1
375 146 144 i 16 100000 1
376 144 145 i 16 100000 1
377 145 144 i 16 100000 1
378 145 148 i 16 25000 1
379 148 145 i 16 25000 1
380 145 147 i 16 25000 1
381 147 145 i 16 25000 1
382 146 148 i 16 25000 1
383 148 146 i 16 25000 1
384 146 147 i 16 25000 1
385 147 146 i 16 25000 1
386 147 150 i 16 100000 1
387 150 147 i 16 100000 1
388 147 149 i 16 100000 1
389 149 147 i 16 100000 1
390 148 152 i 16 100000 1
391 152 148 i 16 100000 1
392 148 151 i 16 100000 1
393 151 148 i 16 100000 1
394 153 155 i 17 100000 1
395 155 153 i 17 100000 1
396 153 154 i 17 100000 1
397 154 153 i 17 100000 1
398 154 157 i 17 25000 1
399 157 154 i 17 25000 1
400 154 156 i 17 25000 1
401 156 154 i 17 25000 1
402 155 157 i 17 25000 1
403 157 155 i 17 25000 1
404 155 156 i 17 25000 1
405 156 155 i 17 25000 1
406 156 159 i 17 100000 1
407 159 156 i 17 100000 1
408 156 158 i 17 100000 1
409 158 156 i 17 100000 1
410 157 161 i 17 100000 1
411 161 157 i 17 100000 1
412 157 160 i 17 100000 1
413 160 157 i 17 100000 1
414 162 164 i 18 100000 1
415 164 162 i 18 100000 1
416 162 163 i 18 100000 1
417 163 162 i 18 100000 1
418 163 166 i 18 25000 1
419 166 163 i 18 25000 1
420 163 165 i 18 25000 1
421 165 163 i 18 25000 1
422 164 166 i 18 25000 1
423 166 164 i 18 25000 1
424 164 165 i 18 25000 1
425 165 164 i 18 25000 1
426 165 168 i 18 100000 1
427 168 165 i 18 100000 1
428 165 167 i 18 100000 1
429 167 165 i 18 100000 1
430 166 170 i 18 100000 1
431 170 166 i 18 100000 1
432 166 169 i 18 100000 1
433 169 166 i 18 100000 1
434 171 173 i 19 100000 1
435 173 171 i 19 100000 1
436 171 172 i 19 100000 1
437 172 171 i 19 100000 1
438 172 175 i 19 25000 1
439 175 172 i 19 25000 1
440 172 174 i 19 25000 1
441 174 172 i 19 25000 1
442 173 175 i 19 25000 1
443 175 173 i 19 25000 1
444 173 174 i 19 25000 1
445 174 173 i 19 25000 1
446 174 177 i 19 100000 1
447 177 174 i 19 100000 1
448 174 176 i 19 100000 1
449 176 174 i 19 100000 1
450 175 179 i 19 100000 1
451 179 175 i 19 100000 1
452 175 178 i 19 100000 1
453 178 175 i 19 100000 1
454 180 182 i 20 100000 1
455 182 180 i 20 100000 1
456 180 181 i 20 100000 1
457 181 180 i 20 100000 1
458 181 184 i 20 25000 1
459 184 181 i 20 25000 1
460 181 183 i 20 25000 1
461 183 181 i 20 25000 1
462 182 184 i 20 25000 1
463 184 182 i 20 25000 1
464 182 183 i 20 25000 1
465 183 182 i 20 25000 1
466 183 186 i 20 100000 1
467 186 183 i 20 100000 1
468 183 185 i 20 100000 1
469 185 183 i 20 100000 1
470 184 188 i 20 100000 1
471 188 184 i 20 100000 1
472 184 187 i 20 100000 1
473 187 184 i 20 100000 1
474 189 191 i 21 100000 1
475 191 189 i 21 100000 1
476 189 190 i 21 100000 1
477 190 189 i 21 100000 1
478 190 193 i 21 25000 1
479 193 190 i 21 25000 1
480 190 192 i 21 25000 1
481 192 190 i 21 25000 1
482 191 193 i 21 25000 1
483 193 191 i 21 25000 1
484 191 192 i 21 25000 1
485 192 191 i 21 25000 1
486 192 195 i 21 100000 1
487 195 192 i 21 100000 1
488 192 194 i 21 100000 1
489 194 192 i 21 100000 1
490 193 197 i 21 100000 1
491 197 193 i 21 100000 1
492 193 196 i 21 100000 1
493 196 193 i 21 100000 1
