298
30
15
0 12 19 3 4 5 4 3 1 35 59
1 19 10 1 5 3 5 2 4 1 21 83
2 5 12 2 6 1 2 3 4 0 5 54 68
3 7 5 2 3 1 0 4 25 54
4 7 0 2 6 0 3 5 1 4 2 60 96
5 16 19 1 4 0 3 1 4 65 72
6 16 10 1 4 0 4 3 2 79 59
7 11 12 4 5 3 0 5 1 4 49 94
8 9 19 2 4 5 2 1 3 70 20
9 0 11 2 3 4 5 1 31 38
10 10 11 5 4 2 4 3 5 27 30
11 19 5 4 6 5 3 2 0 1 4 29 73
12 19 3 2 5 3 5 2 1 0 26 30
13 15 19 6 6 1 0 3 4 5 2 39 79
14 11 3 1 4 2 5 1 4 71 60
9
15 19 5 3 6 3 4 5 0 2 1 29 68
16 15 12 2 3 4 1 5 40 45
17 18 19 1 4 4 5 0 2 63 74
18 9 5 2 5 5 1 4 3 0 54 49
19 11 16 1 3 0 1 2 65 72
20 16 13 2 5 1 0 2 4 3 21 26
21 9 11 3 4 5 1 0 2 98 17
22 0 3 3 5 0 5 1 2 3 21 82
23 10 5 2 4 2 4 1 5 41 48
10
24 5 10 3 6 1 3 0 2 5 4 57 37
25 7 12 2 4 5 2 1 3 31 26
26 18 3 3 4 5 2 4 1 27 49
27 16 13 1 5 0 3 2 4 5 38 32
28 11 10 1 4 0 1 4 3 71 79
29 15 16 2 3 4 5 3 36 96
30 19 10 1 5 5 4 2 3 1 25 15
31 0 19 1 4 2 5 0 3 31 33
32 19 18 1 6 2 3 0 4 5 1 27 45
33 7 0 4 6 1 3 4 5 2 0 38 87
13
34 16 15 2 5 1 4 5 2 3 36 13
35 7 11 3 4 1 2 5 3 29 71
36 19 16 1 3 2 1 4 66 45
37 10 3 2 5 2 1 5 4 0 20 90
38 15 5 2 4 1 5 3 2 41 19
39 9 12 3 6 5 3 2 4 1 0 72 88
40 10 12 2 4 4 1 2 0 66 76
41 7 13 2 6 1 2 5 4 3 0 19 63
42 5 13 1 4 2 3 5 0 32 29
43 19 11 2 5 0 5 2 4 1 45 62
44 5 19 3 5 0 1 3 4 2 19 71
45 12 19 2 6 1 3 2 4 5 0 23 37
46 10 0 5 5 5 1 2 0 4 11 80
13
47 16 11 1 4 1 4 2 0 43 26
48 5 10 1 3 2 5 3 70 61
49 5 15 1 5 0 3 4 2 5 47 21
50 18 16 3 4 2 5 0 3 58 44
51 18 3 3 6 0 1 4 2 3 5 53 75
52 0 3 3 6 0 5 1 3 4 2 11 60
53 7 18 3 6 2 4 5 3 0 1 86 13
54 15 16 13 3 5 2 3 31 21
55 11 13 2 3 5 4 2 15 56
56 12 19 3 6 3 2 0 1 4 5 24 19
57 7 12 3 5 1 3 4 2 5 35 44
58 11 12 5 5 4 2 1 5 3 31 25
59 16 15 4 5 4 2 0 3 1 49 77
12
60 18 15 2 4 5 4 1 3 38 22
61 15 18 3 6 0 3 2 1 5 4 39 48
62 19 15 1 5 3 0 1 5 4 39 22
63 10 12 4 5 4 3 1 2 0 29 51
64 18 10 5 6 1 0 3 2 5 4 27 61
65 18 10 3 6 0 3 4 1 2 5 37 42
66 7 3 5 3 3 0 4 58 86
67 19 5 2 5 2 4 1 5 3 13 35
68 11 19 1 4 2 4 3 1 65 51
69 0 10 2 6 2 3 0 4 5 1 62 12
70 11 10 3 6 2 4 3 0 5 1 85 19
71 10 11 2 4 2 1 3 0 51 55
10
72 10 0 7 4 3 1 0 4 12 56
73 0 5 1 3 1 0 5 39 72
74 9 15 7 6 0 2 1 3 4 5 36 78
75 12 0 3 3 1 4 2 45 93
76 0 15 1 4 0 5 1 4 42 77
77 12 11 2 4 5 1 2 0 65 51
78 12 0 1 3 4 1 3 30 13
79 0 16 2 3 2 4 0 45 18
80 0 16 3 5 3 4 2 0 1 23 69
81 10 11 5 4 5 3 0 2 59 40
22
82 7 18 3 4 5 3 4 0 38 49
83 16 15 1 3 0 4 2 42 34
84 12 10 2 5 3 1 2 4 5 23 19
85 11 0 3 4 0 2 4 5 47 85
86 10 12 2 4 0 4 2 5 60 97
87 12 0 1 3 4 1 3 30 13
88 5 18 1 4 3 5 1 4 24 12
89 0 16 3 5 0 2 3 4 1 12 54
90 16 0 3 4 3 1 5 4 45 17
91 5 10 2 6 1 3 0 2 4 5 84 15
92 10 0 1 6 4 3 5 2 1 0 51 52
93 12 19 2 6 1 5 4 2 0 3 18 90
94 19 5 2 5 3 5 2 4 1 45 37
95 19 3 2 4 0 5 2 4 49 81
96 11 18 1 3 1 4 2 64 76
97 9 18 1 6 3 4 2 0 5 1 50 96
98 7 18 5 4 4 2 3 0 71 93
99 19 15 2 6 4 5 2 3 0 1 57 55
100 19 13 3 5 1 2 3 5 0 23 41
101 11 0 3 3 5 4 1 29 53
102 10 18 2 5 1 4 2 5 3 119 34
103 9 18 4 3 4 0 2 116 98
11
104 11 5 2 5 2 3 4 1 5 67 65
105 12 5 1 3 4 5 1 82 44
106 11 3 2 4 4 5 3 1 45 13
107 11 10 2 3 4 2 1 120 34
108 9 3 1 4 2 0 5 4 14 13
109 16 10 4 4 3 2 1 4 144 34
110 18 15 3 3 5 2 3 67 74
111 9 10 1 3 1 5 0 90 33
112 19 5 2 6 5 4 0 1 2 3 31 65
113 18 10 3 4 1 4 5 3 90 52
114 11 18 3 6 4 1 5 2 3 0 29 69
11
115 15 12 2 4 4 2 5 1 29 21
116 12 16 1 4 3 5 1 4 91 51
117 9 18 2 4 3 1 5 0 79 37
118 7 15 1 6 5 3 2 0 4 1 26 42
119 11 5 4 5 2 3 4 1 5 67 65
120 18 19 2 4 4 5 0 1 32 85
121 9 10 2 5 1 3 5 2 4 111 51
122 0 13 1 6 5 3 1 2 0 4 19 62
123 16 13 5 3 5 3 4 18 58
124 15 11 3 6 1 5 0 2 4 3 34 35
125 15 13 3 3 1 4 2 59 66
16
126 15 12 1 4 4 2 5 1 29 21
127 9 13 3 4 4 3 0 2 27 70
128 15 3 2 5 3 5 4 1 2 46 32
129 0 3 1 3 0 3 4 27 43
130 5 12 5 3 2 5 4 39 92
131 7 11 1 6 3 5 4 1 2 0 64 22
132 18 5 2 5 4 3 5 1 0 64 18
133 5 18 1 3 5 1 0 68 93
134 12 19 2 3 0 3 5 29 46
135 11 12 3 5 4 2 1 5 3 31 25
136 11 13 4 4 3 2 5 1 19 99
137 18 15 3 5 2 0 3 4 5 44 75
138 0 15 7 5 3 2 0 4 5 40 49
139 15 19 2 3 0 5 1 25 92
140 12 18 2 6 0 1 3 2 5 4 11 45
141 0 11 2 3 4 5 1 19 79
12
142 7 0 2 6 3 5 2 1 4 0 75 47
143 5 19 1 6 2 3 4 1 5 0 33 86
144 10 13 1 6 1 2 3 4 5 0 24 32
145 9 3 1 3 3 5 4 61 22
146 0 19 1 4 1 4 3 5 45 40
147 12 15 3 4 2 0 4 5 20 45
148 15 10 4 4 0 5 1 2 53 33
149 16 11 3 4 0 3 1 5 28 74
150 12 10 1 5 0 2 1 3 4 38 83
151 16 5 1 3 1 4 0 123 64
152 16 12 1 6 1 0 5 3 4 2 13 34
153 10 19 3 4 4 3 2 5 39 90
16
154 0 10 3 4 1 0 2 4 19 58
155 15 5 1 5 2 5 4 3 0 53 56
156 10 11 1 3 1 0 5 88 15
157 19 13 3 5 3 0 5 1 4 35 56
158 18 15 2 5 5 3 0 4 1 49 96
159 5 11 1 5 3 0 1 2 4 136 41
160 0 16 1 4 2 0 5 4 65 66
161 11 0 3 4 4 2 1 3 31 56
162 19 13 2 3 0 5 4 43 27
163 5 11 4 5 1 3 0 4 5 50 38
164 10 15 4 5 5 0 2 4 1 28 87
165 9 11 2 5 3 2 4 5 1 47 77
166 5 15 3 4 1 0 4 3 53 62
167 11 19 3 6 1 3 2 4 5 0 30 58
168 0 13 5 4 5 2 0 1 38 66
169 11 19 4 4 4 3 1 2 43 21
6
170 10 0 10 5 1 0 2 3 5 61 48
171 7 3 2 5 4 2 0 1 3 50 53
172 10 12 1 5 1 4 3 5 2 26 12
173 12 5 3 5 5 4 1 3 0 63 24
174 19 11 4 5 2 1 4 0 5 15 81
175 15 11 2 4 5 4 0 1 16 41
11
176 9 5 2 5 4 1 0 3 5 53 28
177 15 0 3 6 5 0 4 1 3 2 61 46
178 10 3 2 6 4 1 0 5 3 2 69 25
179 16 11 4 3 2 5 1 95 89
180 0 5 4 5 0 2 5 3 4 29 71
181 19 3 2 3 0 1 5 25 42
182 10 15 4 3 2 3 4 45 84
183 5 13 2 4 1 5 2 0 27 30
184 19 15 7 4 4 2 5 3 69 35
185 5 10 3 4 1 0 4 2 86 76
186 10 16 5 6 5 1 2 4 3 0 82 83
11
187 16 10 4 5 3 4 2 0 1 51 57
188 9 12 2 3 5 3 1 86 65
189 5 13 7 4 1 4 5 3 17 18
190 0 13 2 3 0 3 1 85 42
191 5 10 3 4 5 1 4 3 51 23
192 18 12 6 6 2 3 4 5 1 0 26 23
193 9 19 3 6 3 4 0 2 5 1 20 85
194 18 16 3 4 0 3 4 2 44 37
195 19 3 2 4 0 5 2 3 35 30
196 9 19 4 3 2 1 0 55 29
197 5 3 1 5 5 4 2 1 0 42 28
10
198 12 5 4 4 3 5 0 1 91 72
199 19 0 2 6 2 0 1 4 3 5 50 32
200 5 3 2 6 1 0 5 2 3 4 58 94
201 19 10 3 4 5 2 0 4 19 17
202 10 12 2 4 0 4 2 5 60 97
203 16 19 2 6 5 1 0 3 4 2 35 11
204 7 10 3 6 1 0 2 4 5 3 39 14
205 7 15 1 3 5 1 3 34 62
206 7 5 6 5 2 1 5 0 4 11 85
207 5 16 3 3 5 2 1 78 38
13
208 11 18 1 4 0 5 3 2 62 23
209 12 13 1 6 4 0 5 2 1 3 13 13
210 15 16 1 3 0 5 4 18 17
211 11 0 1 4 5 0 3 2 56 40
212 15 12 1 5 2 1 4 3 5 13 97
213 16 0 1 6 0 4 2 3 5 1 27 71
214 10 11 1 4 5 3 0 2 59 40
215 7 13 4 4 1 0 2 3 30 98
216 9 12 1 5 5 1 3 4 2 45 42
217 18 10 3 6 5 1 0 2 4 3 57 26
218 7 15 3 5 5 2 3 4 1 91 16
219 0 12 2 6 5 1 4 3 0 2 35 94
220 12 5 2 5 3 1 0 4 5 90 14
18
221 0 3 3 6 4 2 1 5 0 3 21 52
222 11 16 1 6 1 3 0 4 5 2 34 16
223 10 0 1 4 3 1 0 4 12 56
224 12 5 1 3 3 0 2 78 80
225 10 11 2 5 4 5 2 0 1 128 73
226 12 0 3 6 4 5 2 3 0 1 13 17
227 10 13 2 4 5 4 2 0 39 29
228 15 13 2 6 1 0 4 3 2 5 20 94
229 12 3 2 4 2 1 5 0 81 42
230 7 11 3 3 5 2 0 50 66
231 5 10 2 4 1 0 3 2 57 41
232 0 18 2 3 5 0 4 74 65
233 5 16 3 6 3 1 5 0 4 2 73 92
234 15 19 2 6 5 2 0 1 4 3 19 74
235 18 15 3 6 4 5 3 2 0 1 48 44
236 11 18 3 6 0 2 3 4 1 5 95 55
237 16 15 2 5 5 3 2 4 1 55 46
238 10 15 3 6 1 0 4 5 2 3 10 31
10
239 16 10 3 5 0 4 3 1 5 144 30
240 16 15 2 4 3 4 0 2 56 63
241 0 5 3 6 4 2 0 1 3 5 51 23
242 7 3 4 3 3 0 4 58 86
243 18 19 5 4 1 2 3 4 49 13
244 11 15 3 4 1 2 5 3 12 18
245 18 19 3 3 5 2 4 70 74
246 9 18 2 4 5 0 2 3 92 62
247 15 13 5 5 3 0 2 4 5 68 11
248 19 3 4 6 1 5 3 4 2 0 30 58
10
249 10 16 1 6 4 0 1 2 3 5 73 20
250 11 10 5 6 0 4 2 5 1 3 88 32
251 7 15 2 5 1 4 3 2 5 30 65
252 19 13 5 5 0 3 4 2 5 77 30
253 19 15 3 4 4 3 5 2 67 69
254 0 18 2 6 2 0 5 4 1 3 72 76
255 11 12 2 5 1 0 3 5 2 84 99
256 18 11 2 3 4 2 5 58 84
257 0 3 3 5 1 3 4 2 5 48 78
258 12 3 4 3 0 1 3 78 67
11
259 19 12 2 3 1 3 4 24 48
260 18 12 2 4 1 5 4 0 32 68
261 12 11 2 3 3 5 2 35 28
262 15 18 4 3 3 2 1 41 47
263 5 16 1 6 4 3 0 2 5 1 41 79
264 9 11 2 5 1 5 3 0 4 20 43
265 10 3 1 3 0 4 3 60 99
266 7 5 2 4 2 1 0 3 15 100
267 10 11 2 3 1 2 0 45 82
268 19 11 4 6 1 0 4 3 2 5 36 28
269 5 15 2 4 0 3 5 4 48 32
18
270 9 18 1 6 0 1 4 3 5 2 75 66
271 19 18 1 3 1 2 3 48 34
272 5 13 1 4 1 0 5 2 57 82
273 10 3 3 6 4 0 5 1 2 3 66 42
274 5 19 1 5 1 3 5 0 2 31 63
275 5 15 2 6 1 4 2 0 3 5 37 96
276 10 15 3 3 1 0 4 60 84
277 12 19 2 5 2 3 0 1 5 53 23
278 19 3 2 4 2 1 4 5 18 61
279 15 18 5 5 2 1 3 0 5 31 73
280 0 19 2 4 2 5 0 3 31 33
281 15 13 4 3 0 1 5 22 98
282 18 12 1 5 2 3 0 1 5 70 97
283 5 12 3 4 4 1 5 3 84 86
284 16 10 3 4 2 3 0 1 26 93
285 18 13 1 6 3 4 5 0 2 1 41 71
286 9 10 3 6 1 2 5 4 3 0 21 57
287 7 13 3 4 1 3 0 5 43 100
10
288 7 11 1 3 4 5 2 54 43
289 5 13 2 5 2 1 4 0 5 17 86
290 9 5 1 6 4 1 0 3 5 2 55 16
291 9 15 6 6 5 4 3 1 2 0 55 43
292 15 16 2 4 1 4 0 3 69 77
293 16 11 2 3 2 1 5 24 60
294 10 0 6 6 4 3 5 1 2 0 77 44
295 18 10 2 3 1 3 2 34 83
296 11 16 5 4 0 2 4 3 43 44
297 10 5 5 5 1 3 5 4 0 64 41
0
0
0
0
0
0
