789
34
25
0 5 4 6 6 2 4 5 3 0 1 269 30
1 1 3 2 6 1 3 2 4 0 5 337 21
2 2 3 1 4 5 3 0 1 414 43
3 5 4 1 6 1 4 3 0 2 5 252 50
4 5 0 6 4 4 2 5 0 28 64
5 5 4 5 3 5 4 1 325 90
6 5 0 1 4 2 5 0 1 261 44
7 5 0 4 6 2 5 3 1 4 0 31 37
8 1 4 3 5 4 2 5 0 1 482 68
9 5 3 3 6 0 2 3 5 1 4 253 94
10 2 3 2 4 0 1 2 4 232 91
11 5 4 3 5 1 2 4 5 0 261 71
12 5 4 1 3 4 1 0 161 41
13 2 3 1 6 5 3 2 1 4 0 213 24
14 5 4 2 6 4 3 2 0 5 1 462 57
15 5 4 3 5 2 3 1 0 4 207 67
16 5 3 5 4 0 5 1 4 297 30
17 5 4 2 4 1 0 5 3 506 44
18 1 3 1 4 3 4 0 1 424 30
19 5 4 2 3 4 0 1 229 80
20 1 3 3 6 0 3 5 2 1 4 57 55
21 5 0 2 6 0 1 3 4 5 2 409 67
22 5 0 2 6 0 3 1 2 5 4 278 59
23 5 3 2 5 4 5 3 2 0 368 73
24 2 0 2 4 1 4 0 5 837 43
27
25 5 3 2 6 1 2 0 3 4 5 45 90
26 5 3 2 6 1 2 0 3 4 5 45 90
27 1 3 2 6 1 3 2 4 0 5 337 21
28 2 4 2 3 5 2 0 485 63
29 5 0 2 4 4 2 5 0 28 64
30 1 4 2 4 1 3 5 2 315 52
31 1 4 3 3 4 0 3 490 28
32 5 3 3 3 5 0 1 274 76
33 5 3 2 6 1 2 0 3 4 5 45 90
34 5 0 1 5 0 2 3 5 4 344 86
35 1 3 2 3 5 4 1 271 31
36 1 0 1 6 1 5 2 3 0 4 1055 35
37 5 0 3 6 2 5 3 1 4 0 31 37
38 5 3 2 3 1 0 4 164 77
39 1 4 2 4 5 2 1 0 103 83
40 1 3 3 5 0 2 3 5 4 427 93
41 5 4 2 3 5 4 1 325 90
42 5 0 7 5 1 3 5 0 2 216 24
43 1 3 2 6 1 4 2 3 5 0 521 78
44 1 3 2 4 4 0 2 1 390 34
45 1 3 5 6 5 0 2 1 4 3 296 83
46 2 3 5 6 1 0 3 5 2 4 511 93
47 1 4 2 3 1 5 4 422 69
48 1 0 6 4 3 5 2 0 619 79
49 2 3 1 3 0 5 4 297 51
50 2 0 6 3 5 4 1 71 40
51 1 0 3 4 0 1 5 2 516 47
34
52 1 4 1 4 1 3 5 2 315 52
53 1 4 2 4 1 3 5 2 315 52
54 5 0 1 5 0 2 3 5 4 344 86
55 5 3 2 4 0 5 1 4 297 30
56 5 0 1 3 3 5 2 72 58
57 2 4 1 4 3 0 4 5 369 28
58 2 0 2 6 2 0 3 5 4 1 424 85
59 1 0 2 6 5 4 1 2 0 3 572 60
60 2 3 4 4 0 1 2 4 232 91
61 2 0 2 3 5 4 3 217 94
62 1 0 2 3 3 5 1 539 44
63 1 4 4 5 4 3 5 2 1 591 35
64 5 4 2 6 4 3 2 0 5 1 462 57
65 2 4 1 6 1 0 2 5 3 4 238 19
66 1 0 2 6 1 3 0 2 5 4 720 28
67 2 0 2 4 2 4 3 5 559 23
68 1 0 2 4 0 1 3 2 319 14
69 2 0 1 6 1 5 4 2 0 3 562 49
70 5 4 5 5 5 3 0 2 4 317 36
71 5 4 2 3 4 0 1 229 80
72 1 4 3 5 1 4 2 3 0 54 32
73 2 3 4 3 3 2 4 576 69
74 5 4 2 3 2 4 1 372 37
75 2 0 4 4 2 5 0 3 695 51
76 1 4 2 4 5 3 1 4 411 14
77 5 4 2 5 2 3 1 0 4 207 67
78 5 0 3 6 2 5 3 1 4 0 31 37
79 1 0 6 6 2 5 4 1 3 0 399 89
80 2 3 3 4 2 1 3 5 479 43
81 1 4 4 4 1 3 5 0 361 36
82 2 3 4 3 1 4 2 346 75
83 5 4 4 3 5 4 1 325 90
84 5 0 2 6 2 5 3 1 4 0 31 37
85 2 4 2 6 1 0 4 2 5 3 757 80
34
86 1 4 2 3 1 2 5 419 97
87 2 3 2 5 5 4 1 2 0 597 65
88 2 0 1 3 2 1 3 1002 22
89 2 4 1 6 2 1 4 3 0 5 431 23
90 2 4 3 6 2 5 0 3 1 4 385 19
91 2 3 1 3 1 4 2 346 75
92 5 0 1 3 2 0 3 84 70
93 1 0 2 3 4 1 2 882 40
94 5 4 4 3 4 1 0 161 41
95 1 0 4 6 2 5 4 1 3 0 399 89
96 1 4 2 4 5 2 1 0 103 83
97 2 3 1 4 5 3 0 1 414 43
98 5 4 5 4 2 1 3 0 290 78
99 2 4 2 6 0 2 4 5 1 3 100 58
100 1 4 1 3 3 1 5 527 21
101 2 3 4 3 0 5 4 297 51
102 5 0 2 6 0 1 3 4 5 2 409 67
103 2 4 2 4 4 3 2 1 753 18
104 2 4 1 4 1 2 3 0 138 50
105 5 4 1 3 1 3 2 78 75
106 1 4 2 3 4 0 3 490 28
107 5 4 1 3 5 4 1 325 90
108 1 3 2 6 1 4 2 3 5 0 521 78
109 1 3 2 4 0 4 5 1 379 73
110 1 3 3 6 5 0 2 1 4 3 296 83
111 2 3 1 6 5 3 2 1 4 0 213 24
112 2 0 2 3 4 5 3 845 44
113 1 3 4 6 1 3 2 4 0 5 337 21
114 5 3 5 3 4 5 0 351 32
115 2 0 1 4 4 2 0 1 537 36
116 2 3 2 4 0 3 4 1 419 11
117 5 0 2 6 1 5 0 2 4 3 299 74
118 5 3 2 3 1 0 3 187 16
119 5 4 2 3 5 4 1 325 90
34
120 2 0 2 4 2 5 0 3 695 51
121 5 4 2 6 2 4 5 3 0 1 269 30
122 5 0 1 6 3 0 1 5 4 2 446 11
123 5 3 2 5 4 5 3 2 0 368 73
124 2 0 3 4 5 2 3 0 932 54
125 2 0 3 3 2 1 3 1002 22
126 1 4 3 4 5 3 1 4 411 14
127 2 3 1 3 3 0 2 666 79
128 5 0 3 4 4 2 5 0 28 64
129 5 3 2 4 4 1 5 3 348 29
130 5 4 1 3 2 4 1 372 37
131 5 0 2 6 5 3 4 1 2 0 335 80
132 5 4 4 3 4 0 1 229 80
133 5 4 1 4 1 0 5 3 506 44
134 2 3 1 3 3 2 4 576 69
135 5 4 1 3 0 4 1 237 96
136 2 4 4 4 1 2 3 0 138 50
137 5 3 2 4 2 4 5 0 341 39
138 1 4 2 5 1 4 2 3 0 54 32
139 2 3 4 6 5 3 4 2 0 1 365 35
140 5 3 4 3 2 0 4 562 91
141 1 3 2 4 1 0 3 4 386 49
142 2 4 3 3 1 4 3 996 19
143 5 4 2 4 3 4 1 0 393 20
144 5 3 1 3 4 1 2 126 99
145 2 4 2 6 0 5 3 2 4 1 517 77
146 2 3 1 4 5 3 0 1 414 43
147 2 4 1 4 3 0 4 5 369 28
148 5 3 4 5 3 1 5 2 4 175 93
149 5 4 2 6 1 4 3 0 2 5 252 50
150 5 4 4 5 5 3 0 2 4 317 36
151 1 4 5 6 0 4 2 3 5 1 400 73
152 2 4 2 5 1 4 0 5 3 700 32
153 5 0 3 3 5 4 3 235 16
42
154 2 3 1 5 5 4 1 2 0 597 65
155 2 4 1 4 4 3 2 1 753 18
156 2 4 1 6 0 4 2 1 3 5 902 35
157 5 4 4 6 2 4 5 3 0 1 269 30
158 5 4 2 5 2 3 1 0 4 207 67
159 5 3 4 6 0 2 3 5 1 4 253 94
160 1 4 3 3 3 1 4 359 96
161 2 4 2 4 1 2 3 0 138 50
162 2 0 1 3 0 5 4 736 57
163 1 3 3 3 5 4 2 331 29
164 2 0 2 4 5 2 3 0 932 54
165 1 0 2 3 1 4 0 449 92
166 5 4 2 3 0 4 1 237 96
167 2 3 2 3 1 4 2 346 75
168 5 3 2 6 4 3 0 5 1 2 34 34
169 5 4 3 3 1 3 2 78 75
170 1 0 3 6 5 4 1 2 0 3 572 60
171 2 4 4 5 1 0 3 2 4 749 97
172 1 3 3 4 2 3 1 5 436 34
173 1 0 1 6 5 4 1 2 0 3 572 60
174 1 3 3 6 5 0 2 1 4 3 296 83
175 1 0 2 6 2 0 1 5 3 4 719 100
176 1 0 1 3 1 4 0 449 92
177 2 0 2 4 1 4 0 5 837 43
178 5 4 1 5 1 2 4 5 0 261 71
179 5 0 1 3 2 0 3 84 70
180 1 0 7 4 3 5 2 0 619 79
181 5 0 1 6 0 1 3 4 5 2 409 67
182 1 3 2 4 3 4 0 1 424 30
183 5 4 1 5 5 4 0 3 1 210 95
184 5 4 2 6 1 5 2 0 4 3 432 16
185 1 3 2 4 1 3 4 2 322 44
186 2 4 2 6 2 1 4 3 0 5 431 23
187 5 0 3 5 0 2 3 5 4 344 86
188 2 4 4 4 1 0 4 2 511 34
189 2 3 2 3 5 4 1 13 35
190 1 3 3 5 2 4 0 3 1 206 86
191 2 3 2 3 2 1 4 387 18
192 2 3 7 5 2 4 3 5 1 204 61
193 1 0 2 3 3 5 1 539 44
194 5 4 3 4 1 0 5 3 506 44
195 1 3 3 5 2 4 0 3 1 206 86
41
196 1 4 2 4 5 2 1 0 103 83
197 5 3 6 5 2 0 4 5 1 79 37
198 1 4 1 3 3 1 4 359 96
199 5 4 5 4 2 3 0 4 277 48
200 1 3 3 4 2 3 1 5 436 34
201 2 0 2 4 2 4 3 5 559 23
202 5 3 2 6 4 2 0 3 1 5 402 20
203 5 3 1 6 0 2 3 5 1 4 253 94
204 1 3 2 4 0 1 3 4 429 89
205 5 0 1 6 0 5 1 3 4 2 201 93
206 5 4 2 5 5 4 3 2 0 148 38
207 2 4 1 3 1 4 3 996 19
208 1 3 1 4 1 0 3 4 386 49
209 5 4 3 5 5 4 3 2 0 148 38
210 1 4 1 3 3 2 5 25 61
211 2 3 3 3 2 0 3 282 36
212 2 0 2 6 1 4 2 0 3 5 346 77
213 2 3 1 4 0 3 4 1 419 11
214 5 0 1 6 2 5 1 0 3 4 324 57
215 5 3 2 5 2 0 4 5 1 79 37
216 1 4 5 4 1 4 3 2 157 49
217 1 3 2 3 5 4 2 331 29
218 5 4 1 4 3 4 1 0 393 20
219 5 3 3 6 0 2 3 5 1 4 249 63
220 2 3 3 6 4 1 5 0 3 2 408 33
221 5 3 1 6 0 2 3 5 1 4 249 63
222 1 3 3 4 1 3 4 2 322 44
223 2 0 2 6 1 5 4 2 0 3 562 49
224 2 4 3 5 4 3 0 1 2 477 38
225 2 3 2 6 5 3 2 1 4 0 213 24
226 5 3 3 4 3 4 5 2 251 39
227 5 4 3 6 4 3 2 0 5 1 462 57
228 5 3 3 6 5 4 2 1 0 3 327 26
229 1 0 1 6 1 5 2 3 0 4 1055 35
230 5 3 2 6 0 2 3 5 1 4 253 94
231 1 3 2 6 0 3 5 2 1 4 57 55
232 5 0 1 6 1 5 0 2 4 3 299 74
233 1 4 3 3 3 1 5 527 21
234 1 0 3 4 0 3 4 5 667 18
235 1 0 3 6 2 5 4 1 3 0 399 89
236 2 3 3 3 0 5 4 297 51
38
237 5 4 2 4 3 4 1 0 393 20
238 2 4 2 6 2 1 4 3 0 5 431 23
239 2 0 1 3 0 4 2 424 33
240 5 0 1 5 0 5 3 4 1 355 68
241 5 3 2 3 1 0 3 187 16
242 5 4 3 6 4 3 2 0 5 1 462 57
243 1 0 2 4 2 3 1 0 604 30
244 1 3 4 4 1 0 3 4 386 49
245 1 0 2 6 1 3 0 2 5 4 720 28
246 5 4 1 4 2 3 0 4 277 48
247 1 0 3 3 3 5 1 539 44
248 1 4 2 3 3 2 1 241 42
249 1 4 1 3 3 1 5 527 21
250 2 0 2 3 5 4 1 71 40
251 2 0 3 4 1 0 5 4 618 46
252 5 0 2 6 0 1 2 4 3 5 72 77
253 5 3 2 4 2 4 5 0 341 39
254 1 0 3 4 0 1 5 2 516 47
255 2 4 3 5 1 0 3 2 4 749 97
256 2 0 1 4 2 4 3 5 559 23
257 5 4 2 6 4 3 2 0 5 1 462 57
258 2 3 4 5 5 4 1 2 0 597 65
259 5 4 2 5 0 2 5 4 1 471 63
260 2 3 3 6 1 0 3 5 2 4 511 93
261 2 0 2 6 1 5 4 2 0 3 562 49
262 2 0 2 5 1 0 3 2 5 862 49
263 2 3 2 4 5 3 0 1 414 43
264 5 4 1 5 3 4 0 2 1 362 81
265 1 0 2 5 2 3 4 1 0 587 46
266 2 0 1 4 4 2 0 1 537 36
267 2 0 2 3 5 4 3 217 94
268 2 0 4 6 1 5 4 2 0 3 562 49
269 2 4 2 5 4 3 0 1 2 477 38
270 2 4 3 6 0 5 3 2 4 1 517 77
271 1 3 6 6 0 5 2 4 1 3 198 93
272 5 3 3 5 2 0 4 5 1 79 37
273 2 4 2 6 1 0 2 5 3 4 238 19
274 2 4 4 4 1 0 4 2 511 34
35
275 1 3 1 4 0 4 5 1 379 73
276 1 4 1 4 1 3 5 0 361 36
277 5 0 2 6 0 5 1 3 4 2 201 93
278 1 0 1 5 2 5 1 4 3 1015 49
279 1 4 5 5 1 4 2 3 0 54 32
280 1 3 1 6 5 0 2 1 4 3 296 83
281 2 0 3 3 5 4 1 71 40
282 5 0 1 6 1 5 0 2 4 3 299 74
283 1 3 2 3 5 4 1 95 61
284 2 0 2 4 5 2 3 0 932 54
285 1 4 1 3 5 3 2 204 50
286 5 0 2 6 0 1 2 4 3 5 72 77
287 5 0 2 5 0 2 3 5 4 344 86
288 2 4 2 5 4 3 0 1 2 477 38
289 1 4 2 3 3 2 1 241 42
290 2 4 3 6 2 5 0 3 1 4 385 19
291 1 4 1 4 3 0 4 1 49 85
292 2 4 5 4 1 2 3 0 138 50
293 1 0 6 6 1 3 0 2 5 4 720 28
294 2 3 4 4 0 3 4 1 419 11
295 2 4 2 6 0 2 4 5 1 3 100 58
296 5 4 5 3 4 0 1 229 80
297 2 4 6 6 3 2 1 0 4 5 468 11
298 1 4 1 3 1 5 4 422 69
299 5 3 7 3 1 0 4 164 77
300 2 4 4 5 4 0 5 3 1 774 30
301 2 0 3 6 2 0 3 5 4 1 424 85
302 1 4 3 3 1 5 4 422 69
303 5 3 2 5 3 5 4 2 1 109 98
304 5 3 2 4 2 4 5 0 341 39
305 2 3 6 6 1 0 3 5 2 4 511 93
306 5 4 2 6 1 5 2 0 4 3 432 16
307 2 0 3 4 4 2 0 1 537 36
308 1 0 4 4 3 5 2 0 619 79
309 5 4 2 4 3 4 1 0 393 20
28
310 5 0 1 6 2 5 1 0 3 4 324 57
311 1 0 1 4 0 1 3 2 319 14
312 2 0 1 4 2 5 0 3 695 51
313 2 3 2 5 2 4 3 5 1 204 61
314 1 4 1 5 1 4 2 3 0 54 32
315 1 3 2 4 0 4 5 1 379 73
316 1 4 2 5 4 2 5 0 1 482 68
317 2 4 1 6 2 1 4 3 0 5 431 23
318 5 3 1 4 4 1 5 3 348 29
319 5 4 2 3 2 4 1 372 37
320 2 3 4 3 5 4 1 13 35
321 5 3 1 5 1 0 4 3 2 84 77
322 1 4 2 6 4 2 1 3 0 5 242 52
323 1 3 2 6 4 2 1 5 0 3 164 97
324 1 3 3 3 5 0 2 194 63
325 5 0 2 6 0 1 3 4 5 2 409 67
326 5 3 2 3 4 1 2 126 99
327 5 0 3 5 2 1 0 4 5 193 30
328 1 3 4 6 1 4 5 2 0 3 141 64
329 5 4 4 5 5 4 0 3 1 210 95
330 5 0 4 6 3 0 1 5 4 2 446 11
331 2 3 2 5 5 1 0 4 2 419 12
332 2 3 4 6 4 5 1 0 3 2 143 80
333 1 0 4 3 4 1 2 882 40
334 1 4 4 6 4 2 1 3 0 5 242 52
335 1 3 5 3 5 0 2 194 63
336 5 4 4 5 5 4 3 2 0 148 38
337 1 3 1 3 5 4 2 331 29
33
338 1 4 2 4 5 0 4 3 280 84
339 5 3 1 6 5 4 2 1 0 3 327 26
340 1 4 1 3 1 5 4 422 69
341 2 4 3 6 1 0 2 5 3 4 238 19
342 1 3 3 3 5 4 1 95 61
343 1 3 3 4 0 4 5 1 379 73
344 1 4 1 4 5 2 1 0 103 83
345 1 0 1 3 1 4 0 449 92
346 1 3 1 3 5 4 1 271 31
347 2 0 2 6 2 0 3 5 4 1 424 85
348 1 0 3 5 1 5 2 3 0 521 71
349 2 4 2 6 3 2 1 0 4 5 468 11
350 1 4 3 5 4 3 5 2 1 591 35
351 1 3 4 3 5 0 2 194 63
352 2 4 2 3 5 1 3 425 69
353 2 0 1 4 4 0 3 5 932 54
354 1 3 2 3 5 4 1 271 31
355 2 0 1 3 4 5 3 845 44
356 2 3 4 4 0 3 4 1 419 11
357 5 4 2 5 5 4 3 2 0 148 38
358 5 4 2 4 2 3 0 4 277 48
359 1 3 7 3 5 4 1 95 61
360 2 4 2 3 1 4 3 996 19
361 2 4 2 6 0 4 2 1 3 5 902 35
362 1 0 5 6 5 4 1 2 0 3 572 60
363 2 3 2 4 5 3 0 1 414 43
364 2 3 3 3 5 4 1 13 35
365 5 3 4 5 1 0 4 3 2 84 77
366 1 4 3 3 3 1 5 527 21
367 5 3 2 3 4 5 0 351 32
368 5 3 2 3 4 1 2 126 99
369 2 0 8 3 0 4 2 424 33
370 1 0 3 3 4 1 2 882 40
28
371 5 4 3 5 0 2 5 4 1 471 63
372 5 4 1 4 2 3 0 4 277 48
373 2 4 1 6 3 2 1 0 4 5 468 11
374 5 3 1 6 1 2 0 3 4 5 45 90
375 2 0 2 3 3 0 1 269 57
376 2 4 2 6 0 4 2 1 3 5 902 35
377 1 3 1 3 5 4 2 331 29
378 1 0 5 6 2 0 1 5 3 4 719 100
379 2 4 1 6 0 4 2 1 3 5 902 35
380 1 4 4 3 1 2 5 419 97
381 5 4 3 5 3 4 0 2 1 362 81
382 2 4 1 5 1 2 4 3 0 433 75
383 1 0 2 6 2 0 1 5 3 4 719 100
384 1 3 3 4 1 3 4 2 322 44
385 1 4 2 3 2 5 3 488 31
386 1 4 2 4 5 3 1 4 411 14
387 1 4 5 6 4 2 1 3 0 5 242 52
388 2 3 12 4 2 1 0 5 461 53
389 2 0 2 5 1 0 3 2 5 862 49
390 2 4 4 6 1 0 2 5 3 4 238 19
391 5 4 2 6 1 5 2 0 4 3 432 16
392 1 3 7 6 5 0 2 1 4 3 296 83
393 1 0 3 4 0 1 3 2 319 14
394 1 3 2 6 0 3 5 2 1 4 57 55
395 5 4 2 3 5 4 1 325 90
396 5 4 2 4 3 4 1 0 393 20
397 5 3 2 5 3 5 4 2 1 109 98
398 1 0 4 5 2 3 4 1 0 587 46
34
399 5 4 2 3 0 4 1 237 96
400 2 3 1 4 0 1 2 4 232 91
401 1 3 2 4 3 4 0 1 424 30
402 2 4 1 6 2 5 0 3 1 4 385 19
403 1 3 2 6 1 4 5 2 0 3 141 64
404 1 3 6 4 0 4 5 1 379 73
405 1 4 3 4 1 3 5 2 315 52
406 2 4 1 4 0 2 3 5 460 66
407 2 0 2 6 1 4 2 0 3 5 346 77
408 1 3 1 6 1 4 2 3 5 0 521 78
409 1 0 2 3 1 4 0 449 92
410 5 0 3 3 5 4 3 235 16
411 1 4 3 3 3 2 1 241 42
412 5 4 2 6 1 4 3 0 2 5 252 50
413 2 3 2 6 5 3 4 2 0 1 365 35
414 2 0 2 3 3 0 1 269 57
415 1 3 3 3 5 0 2 194 63
416 2 0 1 4 4 2 0 1 537 36
417 5 0 1 6 2 5 3 0 1 4 234 30
418 1 0 5 3 1 4 0 449 92
419 2 3 6 4 5 3 0 1 414 43
420 1 4 1 4 1 3 5 2 315 52
421 1 0 2 6 0 1 4 5 2 3 543 62
422 1 4 1 5 4 2 5 0 1 482 68
423 1 0 2 6 2 0 1 5 3 4 719 100
424 1 4 2 4 5 3 1 4 411 14
425 1 4 2 3 3 1 4 359 96
426 1 3 2 4 3 4 0 1 424 30
427 2 4 2 4 0 2 3 5 460 66
428 5 0 2 5 2 1 0 4 5 193 30
429 2 0 3 3 3 0 1 269 57
430 5 3 2 3 1 0 4 164 77
431 5 0 3 5 0 2 3 5 4 344 86
432 1 0 2 6 0 1 4 5 2 3 543 62
30
433 1 4 4 3 3 2 5 25 61
434 2 0 2 5 1 0 3 2 5 862 49
435 5 3 3 4 4 1 5 3 348 29
436 5 4 3 3 4 0 1 229 80
437 5 4 2 5 3 4 0 2 1 362 81
438 2 0 1 4 2 5 0 3 695 51
439 5 3 2 6 0 2 3 5 1 4 253 94
440 1 3 1 6 5 0 2 1 4 3 296 83
441 1 3 2 5 0 2 3 5 4 427 93
442 5 0 1 5 3 1 4 2 5 117 48
443 1 4 2 4 1 4 3 2 157 49
444 2 4 2 5 1 4 0 5 3 700 32
445 2 4 2 3 5 1 3 425 69
446 5 4 1 5 0 2 5 4 1 471 63
447 5 4 3 6 4 3 2 0 5 1 462 57
448 1 0 2 3 1 4 0 449 92
449 2 3 2 3 5 4 1 13 35
450 1 3 1 3 5 0 2 194 63
451 2 4 3 5 1 2 4 3 0 433 75
452 2 0 2 3 4 5 3 845 44
453 5 4 7 4 3 4 1 0 393 20
454 1 4 1 3 5 3 2 204 50
455 1 0 2 6 1 3 0 2 5 4 720 28
456 1 3 2 4 1 3 4 2 322 44
457 2 0 2 3 0 5 4 736 57
458 1 4 2 6 4 2 1 3 0 5 242 52
459 2 4 3 5 1 2 4 3 0 433 75
460 1 4 2 4 3 0 4 1 49 85
461 1 0 5 4 3 5 2 0 619 79
462 2 0 2 3 2 1 3 1002 22
25
463 5 4 1 4 3 4 1 0 393 20
464 1 0 2 5 4 3 2 0 1 301 59
465 1 3 1 6 5 0 2 1 4 3 296 83
466 2 4 2 3 3 1 5 473 91
467 2 3 3 3 2 0 3 282 36
468 1 4 1 3 3 1 4 359 96
469 1 3 1 6 1 4 5 2 0 3 141 64
470 2 3 2 3 1 3 0 523 56
471 2 3 3 3 0 5 4 297 51
472 1 4 1 3 5 3 2 204 50
473 2 0 1 3 3 0 2 397 37
474 2 0 3 4 2 4 3 5 559 23
475 1 0 5 4 0 1 5 2 516 47
476 1 4 3 4 3 0 4 1 49 85
477 2 3 2 6 4 5 1 0 3 2 143 80
478 1 0 2 5 2 5 1 4 3 1015 49
479 5 0 4 3 2 0 3 84 70
480 1 3 3 6 4 2 1 5 0 3 164 97
481 2 3 5 4 0 1 2 4 232 91
482 2 4 1 6 2 1 4 3 0 5 431 23
483 5 3 2 5 1 0 4 3 2 84 77
484 5 4 2 6 4 3 2 0 5 1 462 57
485 1 0 2 5 4 3 2 0 1 301 59
486 5 0 4 3 2 0 3 84 70
487 1 3 3 5 2 4 0 3 1 206 86
30
488 1 0 1 5 3 5 0 4 1 298 19
489 5 3 2 3 4 1 2 126 99
490 2 4 1 4 3 0 4 5 369 28
491 2 3 2 6 5 3 2 1 4 0 213 24
492 1 4 6 5 4 2 5 0 1 482 68
493 2 3 2 6 4 5 1 0 3 2 143 80
494 1 3 3 6 0 5 2 4 1 3 198 93
495 1 4 2 4 1 4 3 2 157 49
496 1 3 4 6 1 4 5 2 0 3 141 64
497 1 0 2 3 4 1 2 882 40
498 1 0 1 5 3 5 0 4 1 298 19
499 5 0 2 6 2 5 3 1 4 0 31 37
500 1 3 2 4 4 0 2 1 390 34
501 5 0 1 6 2 5 3 1 4 0 31 37
502 1 4 4 3 3 2 1 241 42
503 5 0 3 6 2 5 3 0 1 4 234 30
504 5 3 1 6 4 2 0 3 1 5 402 20
505 2 3 5 4 0 3 4 1 419 11
506 2 0 4 4 2 5 0 3 695 51
507 2 4 3 6 1 0 2 5 3 4 238 19
508 1 4 2 4 5 2 1 0 103 83
509 2 4 2 6 1 0 2 5 3 4 238 19
510 2 0 2 6 2 0 3 5 4 1 424 85
511 1 0 3 6 2 5 4 1 3 0 399 89
512 1 3 2 6 0 3 5 2 1 4 57 55
513 5 0 4 3 2 0 3 84 70
514 2 0 2 3 3 0 2 397 37
515 1 3 2 4 0 4 5 1 379 73
516 2 4 2 5 4 0 5 3 1 774 30
517 2 3 6 3 1 4 2 346 75
38
518 2 3 2 6 5 3 4 2 0 1 365 35
519 1 3 1 6 1 3 2 4 0 5 337 21
520 5 3 1 6 1 2 0 3 4 5 45 90
521 2 0 2 6 1 4 2 0 3 5 346 77
522 1 3 2 6 0 5 2 4 1 3 198 93
523 5 3 1 5 4 5 3 2 0 368 73
524 2 4 1 6 1 0 4 2 5 3 757 80
525 5 4 2 3 2 4 1 372 37
526 5 0 3 5 0 5 3 4 1 355 68
527 2 0 3 3 3 0 2 397 37
528 5 3 9 4 3 4 5 2 251 39
529 2 0 4 4 2 5 0 3 695 51
530 5 4 3 5 2 3 1 0 4 207 67
531 5 3 1 6 4 2 0 3 1 5 402 20
532 2 4 2 6 1 0 2 5 3 4 238 19
533 2 0 3 3 4 5 3 845 44
534 2 0 2 3 4 5 3 845 44
535 1 0 2 3 4 1 2 882 40
536 2 3 2 4 5 3 0 1 414 43
537 2 4 6 4 1 0 4 2 511 34
538 1 0 1 5 2 5 1 4 3 1015 49
539 2 0 2 4 5 0 4 2 99 74
540 2 3 1 5 5 1 0 4 2 419 12
541 2 4 2 5 1 0 3 2 4 749 97
542 2 0 3 4 5 2 3 0 932 54
543 1 4 2 3 3 1 5 527 21
544 2 4 8 6 2 1 4 3 0 5 431 23
545 5 3 4 5 3 5 4 2 1 109 98
546 2 0 2 5 1 0 3 2 5 862 49
547 5 4 1 4 2 3 0 4 277 48
548 1 0 3 5 1 5 2 3 0 521 71
549 5 0 1 3 3 5 2 72 58
550 2 3 4 4 5 3 0 1 414 43
551 5 0 6 4 4 2 5 0 28 64
552 2 4 12 5 4 3 0 1 2 477 38
553 2 0 2 3 5 4 1 71 40
554 5 4 2 4 2 3 0 4 277 48
555 2 4 3 5 4 3 0 1 2 477 38
29
556 1 3 3 4 0 1 3 4 429 89
557 1 3 1 3 1 2 0 342 13
558 5 0 2 5 2 1 0 4 5 193 30
559 5 3 5 6 5 4 2 1 0 3 327 26
560 5 3 3 6 0 2 3 5 1 4 249 63
561 5 3 1 5 3 1 5 2 4 175 93
562 1 3 2 6 1 3 2 4 0 5 337 21
563 2 4 2 5 4 3 0 1 2 477 38
564 5 4 1 5 0 2 5 4 1 471 63
565 1 3 2 4 4 0 2 1 390 34
566 5 3 2 4 2 4 5 0 341 39
567 1 3 2 6 4 2 1 5 0 3 164 97
568 2 0 1 4 5 2 3 0 932 54
569 1 4 2 4 3 0 4 1 49 85
570 2 3 2 3 1 3 0 523 56
571 5 0 3 5 2 1 0 4 5 193 30
572 5 3 3 3 1 0 3 187 16
573 5 4 3 6 1 4 3 0 2 5 252 50
574 5 3 2 6 4 2 0 3 1 5 402 20
575 5 3 2 3 2 0 4 562 91
576 1 0 2 6 0 1 4 5 2 3 543 62
577 1 0 2 4 3 5 2 0 619 79
578 1 4 2 4 5 2 1 0 103 83
579 5 0 2 6 0 5 1 3 4 2 201 93
580 5 3 2 3 1 0 4 164 77
581 5 0 4 6 0 3 1 2 5 4 278 59
582 2 4 4 6 0 2 4 5 1 3 100 58
583 1 3 2 6 4 2 1 5 0 3 164 97
584 5 0 3 5 2 1 0 4 5 193 30
39
585 5 3 1 4 0 5 1 4 297 30
586 5 3 4 3 4 5 0 351 32
587 2 4 4 4 1 0 4 2 511 34
588 1 3 1 6 0 3 5 2 1 4 57 55
589 2 3 2 4 2 1 0 5 461 53
590 2 4 2 6 0 5 3 2 4 1 517 77
591 1 3 1 4 4 5 2 3 441 83
592 5 3 3 4 2 4 5 0 341 39
593 5 0 1 4 4 2 5 0 28 64
594 5 3 1 6 0 2 3 5 1 4 249 63
595 1 0 2 6 0 1 4 5 2 3 543 62
596 1 3 1 6 5 4 2 3 1 0 123 25
597 1 0 2 5 3 5 0 4 1 298 19
598 1 4 1 3 3 2 5 25 61
599 1 3 2 4 4 5 2 3 441 83
600 5 4 6 3 1 3 2 78 75
601 2 3 6 6 4 5 1 0 3 2 143 80
602 2 3 2 4 2 1 3 5 479 43
603 1 4 6 6 4 2 1 5 0 3 320 34
604 2 3 2 3 5 4 1 13 35
605 2 4 3 5 5 0 1 3 2 221 92
606 5 4 1 3 0 4 1 237 96
607 5 4 3 3 1 3 2 78 75
608 1 4 5 4 5 0 4 3 280 84
609 5 0 3 3 0 5 4 163 77
610 2 4 1 6 3 2 1 0 4 5 468 11
611 5 0 1 6 0 5 1 3 4 2 201 93
612 1 3 3 6 0 5 2 4 1 3 198 93
613 5 0 3 3 2 0 3 84 70
614 1 4 2 6 4 2 1 3 0 5 242 52
615 2 3 2 6 1 0 3 5 2 4 511 93
616 2 0 3 4 4 0 3 5 932 54
617 1 4 2 3 4 0 3 490 28
618 5 0 4 6 2 5 1 0 3 4 324 57
619 1 0 2 5 2 3 4 1 0 587 46
620 5 3 2 3 2 0 4 562 91
621 2 4 2 6 0 5 3 2 4 1 517 77
622 1 4 2 4 1 3 5 2 315 52
623 1 0 1 4 0 1 3 2 319 14
23
624 1 0 2 5 2 5 3 0 4 615 84
625 1 0 1 5 2 5 1 4 3 1015 49
626 1 4 8 4 5 2 1 0 103 83
627 5 3 4 5 5 4 3 2 0 351 47
628 2 3 2 6 4 5 1 0 3 2 143 80
629 5 3 3 3 1 0 3 187 16
630 2 0 1 4 4 2 0 1 537 36
631 2 3 2 5 2 4 3 5 1 204 61
632 5 3 6 5 3 5 4 2 1 109 98
633 2 3 1 3 1 4 2 346 75
634 5 4 2 4 1 0 5 3 506 44
635 5 3 4 6 0 2 3 5 1 4 249 63
636 5 3 2 3 5 0 1 274 76
637 1 0 2 5 2 3 4 1 0 587 46
638 5 4 1 4 1 0 5 3 506 44
639 2 4 1 4 3 0 4 5 369 28
640 1 3 2 6 1 4 2 3 5 0 521 78
641 1 3 8 5 2 4 0 3 1 206 86
642 5 3 2 5 3 5 4 2 1 109 98
643 1 3 6 4 4 0 2 1 390 34
644 1 3 3 6 5 4 2 3 1 0 123 25
645 2 0 3 6 1 5 4 2 0 3 562 49
646 2 0 7 4 4 0 3 5 932 54
34
647 5 3 7 4 4 1 5 3 348 29
648 1 0 2 6 3 0 2 4 1 5 371 41
649 1 0 2 5 2 3 4 1 0 587 46
650 1 4 8 5 4 3 5 2 1 591 35
651 1 3 1 3 5 4 1 95 61
652 5 3 2 3 2 0 4 562 91
653 2 3 2 3 3 0 2 666 79
654 5 4 2 4 3 4 1 0 393 20
655 1 4 1 3 3 1 4 359 96
656 5 4 1 6 2 4 5 3 0 1 269 30
657 1 3 1 6 0 5 2 4 1 3 198 93
658 5 3 3 6 0 2 3 5 1 4 249 63
659 1 3 2 3 5 4 1 95 61
660 1 4 2 4 5 3 1 4 411 14
661 2 0 2 3 3 0 1 269 57
662 1 4 3 3 3 1 4 359 96
663 2 3 4 3 2 1 4 387 18
664 2 3 2 3 2 1 4 387 18
665 1 0 2 6 2 5 4 1 3 0 399 89
666 2 3 5 3 5 4 1 13 35
667 2 3 2 3 3 0 2 666 79
668 1 4 3 6 4 2 1 5 0 3 320 34
669 5 4 5 6 1 5 2 0 4 3 432 16
670 2 3 2 6 2 3 4 5 1 0 495 57
671 5 0 1 6 0 1 2 4 3 5 72 77
672 1 4 7 3 4 0 3 490 28
673 1 3 2 4 1 3 4 2 322 44
674 5 4 13 6 1 4 3 0 2 5 252 50
675 2 3 2 5 5 4 1 2 0 597 65
676 5 4 3 3 5 4 1 325 90
677 5 3 3 3 4 1 2 126 99
678 1 4 2 4 5 2 1 0 103 83
679 2 0 3 6 1 4 2 0 3 5 346 77
680 1 4 4 5 4 3 5 2 1 591 35
46
681 1 3 3 4 2 3 1 5 436 34
682 5 3 3 5 3 5 4 2 1 109 98
683 2 4 4 5 1 2 4 3 0 433 75
684 1 0 1 6 1 5 2 3 0 4 1055 35
685 5 4 2 3 4 1 0 161 41
686 5 3 1 6 4 3 0 5 1 2 34 34
687 1 4 3 4 3 0 4 1 49 85
688 1 3 5 4 0 1 3 4 429 89
689 2 4 4 6 3 2 1 0 4 5 468 11
690 1 0 2 6 3 0 2 4 1 5 371 41
691 1 3 3 4 4 0 2 1 390 34
692 5 3 1 6 5 4 2 1 0 3 327 26
693 2 4 1 6 0 4 2 1 3 5 902 35
694 1 3 2 4 0 4 5 1 379 73
695 2 0 1 4 5 0 4 2 99 74
696 5 0 3 6 0 5 1 3 4 2 201 93
697 2 4 4 6 1 0 4 2 5 3 757 80
698 1 0 5 3 3 5 1 539 44
699 2 4 4 5 1 0 3 2 4 749 97
700 1 4 5 4 1 3 5 2 315 52
701 1 4 4 6 4 2 1 5 0 3 320 34
702 5 4 4 5 0 2 5 4 1 471 63
703 1 3 2 6 4 3 5 2 0 1 206 11
704 2 3 2 6 1 0 3 5 2 4 511 93
705 1 3 3 4 0 1 3 4 429 89
706 1 0 3 6 3 0 2 4 1 5 371 41
707 2 3 1 6 1 0 3 5 2 4 511 93
708 5 3 2 5 5 4 3 2 0 351 47
709 1 3 1 6 1 3 2 4 0 5 337 21
710 1 0 2 4 0 1 3 2 319 14
711 5 3 2 6 1 2 0 3 4 5 45 90
712 5 3 3 3 5 0 1 274 76
713 2 4 2 3 5 1 3 425 69
714 5 0 2 6 2 5 1 0 3 4 324 57
715 5 3 1 4 3 4 5 2 251 39
716 5 0 1 6 0 1 2 4 3 5 72 77
717 1 0 2 5 4 3 2 0 1 301 59
718 5 0 2 6 5 3 4 1 2 0 335 80
719 1 3 3 3 1 2 0 342 13
720 2 3 2 6 5 3 2 1 4 0 213 24
721 2 3 7 6 4 1 5 0 3 2 408 33
722 1 3 2 6 4 3 5 2 0 1 206 11
723 5 0 2 6 3 0 1 5 4 2 446 11
724 2 0 2 4 1 4 0 5 837 43
725 2 0 8 3 0 4 2 424 33
726 2 4 7 4 1 0 4 2 511 34
30
727 1 0 2 6 2 0 1 5 3 4 719 100
728 1 4 1 4 1 4 3 2 157 49
729 2 3 2 4 4 2 3 1 478 92
730 2 4 3 6 0 4 2 1 3 5 902 35
731 2 3 1 3 1 3 0 523 56
732 2 4 2 5 1 0 3 2 4 749 97
733 2 0 2 3 5 4 3 217 94
734 1 0 4 4 1 3 2 5 348 62
735 2 3 5 6 2 3 4 5 1 0 495 57
736 2 3 2 6 4 5 1 0 3 2 143 80
737 5 0 1 6 3 0 1 5 4 2 446 11
738 2 4 6 5 4 0 5 3 1 774 30
739 1 4 3 4 1 4 3 2 157 49
740 1 0 2 6 1 5 2 3 0 4 1055 35
741 1 4 3 3 1 2 5 419 97
742 2 3 1 3 1 3 0 523 56
743 1 0 2 3 4 1 2 882 40
744 2 4 1 5 4 0 5 3 1 774 30
745 5 3 1 5 1 0 4 3 2 84 77
746 2 4 2 6 3 2 1 0 4 5 468 11
747 2 3 10 3 1 3 0 523 56
748 1 0 2 6 3 0 2 4 1 5 371 41
749 1 4 1 3 3 1 4 359 96
750 1 4 3 3 3 1 5 527 21
751 2 3 4 4 4 2 3 1 478 92
752 2 4 2 6 1 0 4 2 5 3 757 80
753 2 3 8 4 0 1 2 4 232 91
754 5 4 3 5 4 2 5 1 3 228 32
755 5 0 2 6 0 3 1 2 5 4 278 59
756 1 3 2 6 5 4 2 3 1 0 123 25
32
757 1 0 3 6 0 1 4 5 2 3 543 62
758 2 0 2 4 4 0 3 5 932 54
759 1 4 2 3 2 5 3 488 31
760 5 3 5 6 5 4 2 1 0 3 327 26
761 2 0 1 4 2 4 3 5 559 23
762 1 4 1 5 1 4 2 3 0 54 32
763 5 0 1 3 3 5 2 72 58
764 1 4 3 4 1 4 3 2 157 49
765 5 4 1 6 4 3 2 0 5 1 462 57
766 5 3 1 5 1 0 4 3 2 84 77
767 2 3 1 3 4 3 1 492 15
768 2 0 1 4 4 2 0 1 537 36
769 1 4 2 4 1 4 3 2 157 49
770 2 3 1 3 2 0 3 282 36
771 1 3 2 4 4 0 2 1 390 34
772 1 0 3 4 3 5 2 0 619 79
773 1 4 2 4 3 0 4 1 49 85
774 2 4 1 4 1 2 3 0 138 50
775 5 3 2 3 2 0 4 562 91
776 5 4 2 6 4 3 2 0 5 1 462 57
777 1 4 2 6 4 2 1 3 0 5 242 52
778 5 4 2 4 1 0 5 3 506 44
779 5 0 2 6 0 3 1 2 5 4 278 59
780 5 4 1 3 4 0 1 229 80
781 5 3 1 6 0 2 3 5 1 4 253 94
782 1 4 2 3 2 5 3 488 31
783 1 4 2 5 1 4 2 3 0 54 32
784 2 0 2 3 2 1 3 1002 22
785 2 3 4 5 5 1 0 4 2 419 12
786 2 4 6 3 5 2 0 485 63
787 5 0 4 4 2 5 0 1 261 44
788 5 0 2 3 5 4 3 235 16
0
0
0
0
0
0
0
0
0
0
0
0
