273
30
13
0 0 11 1 6 4 3 5 1 0 2 40 27
1 1 11 4 5 4 3 5 1 0 332 69
2 2 1 3 3 0 5 3 236 22
3 12 0 2 5 3 2 4 0 1 90 72
4 13 1 1 6 4 3 0 5 1 2 59 38
5 13 10 7 5 5 0 3 2 1 27 31
6 12 11 1 6 1 4 3 2 0 5 75 61
7 13 4 3 3 0 1 4 160 56
8 1 10 8 6 5 3 0 2 4 1 79 26
9 1 5 5 6 2 0 4 3 1 5 316 47
10 2 10 3 4 4 1 5 3 289 87
11 12 11 2 5 5 1 2 0 4 36 45
12 15 16 2 3 0 5 4 50 88
10
13 12 5 4 3 3 1 2 59 52
14 7 5 1 3 2 0 4 112 40
15 7 8 2 4 3 1 2 0 87 52
16 7 0 3 5 2 4 0 5 1 99 49
17 12 11 6 5 5 1 2 0 4 36 45
18 10 5 2 5 0 4 1 5 2 127 89
19 12 16 6 5 5 3 4 2 1 47 27
20 12 5 2 5 2 3 4 0 1 72 72
21 13 11 2 6 2 5 4 1 0 3 78 18
22 0 16 3 5 1 2 4 3 5 121 33
19
23 2 4 1 4 0 5 2 1 127 75
24 15 8 1 4 0 1 2 4 79 69
25 1 5 3 6 1 2 0 5 3 4 259 46
26 10 16 1 4 0 3 2 5 47 11
27 2 5 6 4 1 2 4 3 89 81
28 2 4 1 4 4 1 0 2 129 53
29 10 13 1 6 2 4 3 5 0 1 218 33
30 0 5 3 4 0 5 3 1 64 26
31 2 0 2 4 2 4 1 3 136 21
32 14 16 2 4 4 2 5 0 92 38
33 2 5 2 5 3 1 4 0 2 63 97
34 12 10 6 4 5 1 4 3 94 74
35 2 4 1 3 5 0 2 22 11
36 10 13 2 4 3 1 4 0 97 58
37 1 4 4 3 1 5 4 43 64
38 2 10 3 4 4 1 5 3 289 87
39 14 10 2 5 1 4 2 3 5 268 28
40 2 0 2 5 2 4 1 3 5 45 66
41 12 11 3 5 2 3 5 0 4 63 33
14
42 13 16 1 6 4 3 5 2 1 0 37 99
43 15 11 3 4 5 4 1 2 106 56
44 13 5 3 4 1 3 2 0 39 71
45 14 4 2 6 1 0 3 5 2 4 189 39
46 14 4 3 6 3 0 5 2 1 4 43 90
47 10 5 2 4 3 0 5 2 223 39
48 13 0 4 6 4 0 2 5 1 3 57 70
49 13 10 2 5 5 0 3 2 1 27 31
50 0 11 3 3 2 5 1 101 30
51 1 16 2 3 5 4 2 102 13
52 2 8 2 5 1 5 4 0 3 442 35
53 1 13 2 6 0 4 1 5 3 2 107 29
54 10 4 2 4 0 2 5 4 280 13
55 0 10 5 6 2 3 4 1 5 0 93 65
11
56 14 4 4 6 5 4 3 0 2 1 129 28
57 0 8 1 3 3 0 4 110 63
58 13 16 1 3 2 3 0 190 85
59 1 5 2 6 1 2 3 0 4 5 134 99
60 12 1 2 3 4 3 1 47 42
61 15 10 2 3 2 3 5 66 20
62 7 1 4 6 3 2 5 1 4 0 108 98
63 0 16 3 4 0 1 3 5 133 50
64 10 5 2 5 1 3 5 4 2 43 77
65 7 1 2 5 2 3 1 0 5 31 73
66 12 8 2 3 5 0 3 66 53
14
67 13 10 2 3 3 0 2 139 32
68 13 0 1 4 5 4 1 2 125 84
69 1 11 3 6 1 0 5 2 4 3 59 65
70 12 0 2 6 3 0 4 1 2 5 41 67
71 2 1 1 3 5 4 2 52 71
72 13 5 3 5 2 3 0 4 5 57 94
73 12 4 6 5 5 0 3 2 1 72 33
74 15 16 2 4 0 5 4 3 179 33
75 13 11 2 4 2 0 3 1 181 73
76 14 5 1 3 3 5 0 232 56
77 15 11 2 3 3 5 2 58 19
78 15 8 2 3 4 3 1 86 35
79 13 5 2 4 3 0 2 1 110 54
80 10 4 5 5 2 4 5 1 3 64 45
11
81 2 4 4 4 5 3 4 2 111 20
82 10 8 1 4 0 3 1 5 340 73
83 7 8 1 3 5 0 3 156 91
84 10 0 1 3 0 5 3 108 81
85 10 4 1 3 0 1 5 174 69
86 10 8 2 4 5 4 2 3 39 54
87 7 0 2 5 4 3 2 0 5 25 58
88 1 11 3 6 2 1 3 4 5 0 151 88
89 13 0 1 6 0 2 1 3 5 4 43 95
90 7 13 2 6 4 5 2 1 0 3 33 47
91 15 1 3 3 4 3 2 46 98
11
92 10 4 1 4 0 2 5 4 280 13
93 2 5 2 4 2 5 0 4 131 56
94 13 4 3 3 5 2 4 118 64
95 7 8 1 3 4 1 0 29 15
96 1 0 1 4 2 0 1 3 46 76
97 0 16 2 5 1 3 4 0 5 87 60
98 10 16 2 6 0 3 1 5 2 4 43 86
99 14 11 7 6 4 5 3 0 1 2 73 53
100 2 8 2 5 2 3 1 5 0 82 80
101 10 4 5 3 3 2 4 91 78
102 12 5 2 5 2 3 4 0 1 72 72
18
103 1 8 1 6 2 5 0 3 4 1 302 54
104 2 10 2 4 3 2 0 4 266 81
105 1 16 2 4 0 4 2 5 98 82
106 10 13 2 6 5 2 3 0 4 1 149 91
107 1 11 3 5 5 3 2 1 4 193 90
108 1 16 2 3 0 4 2 38 89
109 1 10 2 5 4 3 5 2 1 96 19
110 15 8 3 3 0 2 5 165 13
111 15 4 3 5 2 0 3 1 5 147 48
112 0 11 3 3 0 1 4 100 43
113 1 0 1 5 3 5 0 2 4 44 65
114 1 5 1 3 0 2 5 199 69
115 14 1 7 3 3 1 0 122 94
116 0 10 1 5 4 5 2 3 1 46 52
117 14 10 2 4 4 5 0 2 150 87
118 15 11 2 6 0 1 2 4 3 5 33 78
119 14 8 2 6 4 5 3 2 0 1 164 73
120 2 13 2 5 4 0 3 2 1 123 75
10
121 7 16 5 4 4 0 3 2 189 65
122 15 10 1 4 2 1 0 4 86 17
123 15 13 1 6 4 5 2 3 1 0 177 63
124 1 13 1 6 4 5 2 0 3 1 77 43
125 14 8 3 6 4 0 3 1 5 2 72 48
126 7 16 1 3 0 1 5 164 31
127 15 1 5 4 0 1 2 3 74 13
128 10 16 3 6 0 3 1 5 2 4 43 86
129 2 11 3 6 1 3 4 2 5 0 321 38
130 0 13 2 5 3 1 0 4 2 31 27
7
131 0 16 3 6 0 4 1 5 3 2 190 63
132 0 16 2 5 0 3 4 5 1 107 71
133 1 10 5 5 1 5 3 0 4 130 83
134 15 8 2 6 1 2 5 4 0 3 19 19
135 15 1 3 4 3 4 0 1 20 25
136 1 10 2 6 0 3 5 4 2 1 74 40
137 1 13 3 6 1 5 0 3 2 4 33 25
10
138 1 11 1 4 0 3 1 4 248 90
139 2 4 2 3 2 4 3 134 66
140 15 0 3 4 5 3 1 0 50 37
141 1 13 3 6 0 4 1 5 3 2 107 29
142 0 13 1 4 0 3 4 2 119 46
143 2 16 2 4 2 3 5 0 75 61
144 0 11 3 3 0 1 4 100 43
145 0 16 1 5 1 3 4 0 5 87 60
146 15 5 2 4 5 0 4 1 95 42
147 15 10 2 6 2 3 4 1 5 0 165 97
14
148 1 5 1 4 1 0 2 4 91 28
149 2 8 4 3 1 4 3 133 35
150 15 4 3 6 4 5 3 0 1 2 13 45
151 0 11 4 6 4 1 3 5 2 0 83 53
152 7 1 1 5 2 3 1 0 5 31 73
153 12 16 1 4 5 2 0 1 104 74
154 1 10 3 5 4 3 1 5 0 118 17
155 0 1 3 3 3 0 5 70 16
156 7 11 4 5 0 1 3 5 2 144 59
157 1 11 3 6 1 0 5 2 4 3 59 65
158 13 1 3 5 3 2 5 1 4 111 19
159 13 16 9 3 4 5 2 108 63
160 12 4 2 3 0 5 4 84 18
161 1 5 2 4 2 0 5 3 233 85
13
162 15 16 7 5 5 3 4 0 2 68 74
163 1 4 2 6 1 5 0 4 2 3 74 49
164 15 13 2 3 1 5 0 68 46
165 14 0 3 6 5 3 2 1 0 4 115 41
166 7 5 1 5 5 1 3 2 0 58 19
167 14 13 1 6 1 0 2 4 3 5 136 71
168 12 11 5 6 1 4 0 5 2 3 40 79
169 10 8 5 3 3 5 1 150 29
170 1 0 1 4 2 0 1 3 46 76
171 15 4 4 4 5 1 0 2 161 59
172 7 4 2 5 1 4 0 2 3 106 55
173 10 8 3 4 5 4 2 3 39 54
174 2 4 3 5 5 4 2 1 3 107 92
12
175 7 8 1 5 5 3 2 1 0 125 90
176 14 8 1 6 1 3 5 4 0 2 79 55
177 15 8 3 3 3 0 5 76 43
178 12 13 2 5 3 2 0 5 1 81 26
179 14 10 5 3 5 0 3 166 83
180 0 5 2 5 3 5 4 2 0 23 12
181 13 11 1 3 2 4 0 108 16
182 1 0 1 4 3 4 1 0 75 29
183 13 8 1 4 5 0 2 1 136 32
184 12 5 2 5 0 1 4 3 2 25 23
185 12 8 1 3 1 5 3 93 10
186 2 0 4 6 3 1 5 0 4 2 113 97
4
187 12 4 1 3 0 5 4 84 18
188 1 4 4 3 1 5 4 43 64
189 7 16 4 5 5 1 2 0 4 39 64
190 14 13 6 5 4 5 2 0 3 24 91
11
191 12 8 1 4 4 5 2 3 25 98
192 7 8 1 6 0 1 2 3 4 5 98 16
193 12 13 2 3 2 5 3 60 61
194 10 8 1 6 5 2 3 0 4 1 288 38
195 13 10 1 3 1 0 3 26 12
196 2 0 4 4 1 3 5 4 81 88
197 2 1 1 6 3 0 2 5 4 1 34 20
198 0 13 1 6 4 2 3 5 0 1 53 18
199 10 16 2 5 2 4 0 3 1 19 71
200 1 4 1 3 3 0 4 161 47
201 10 16 4 6 5 2 3 0 4 1 31 20
13
202 0 16 1 6 4 3 2 1 0 5 57 45
203 12 1 4 4 2 3 0 5 83 48
204 15 16 1 6 1 0 5 2 3 4 56 25
205 13 1 1 5 3 2 1 5 4 68 77
206 14 11 3 3 2 0 3 90 25
207 1 11 2 4 4 3 2 5 182 72
208 14 0 3 4 0 4 2 3 151 14
209 7 1 2 5 2 3 1 0 5 31 73
210 14 10 1 3 2 4 5 110 19
211 7 16 1 6 5 4 1 3 2 0 96 23
212 0 5 1 5 0 1 3 4 5 101 42
213 2 13 1 5 3 5 1 4 2 79 86
214 1 8 1 5 4 5 1 3 0 85 25
8
215 15 13 2 5 4 5 1 3 2 120 23
216 15 5 2 5 3 1 0 4 2 133 71
217 7 5 2 3 3 5 1 95 46
218 7 10 2 6 1 3 4 2 5 0 67 92
219 10 4 2 6 2 0 4 1 5 3 206 29
220 0 8 2 4 0 3 4 5 72 98
221 7 4 2 6 2 1 3 5 0 4 176 67
222 1 0 4 4 0 1 3 4 84 76
9
223 7 4 1 4 2 1 0 3 97 22
224 7 1 1 4 0 4 5 3 176 14
225 10 1 3 5 5 2 4 1 3 103 68
226 15 16 5 6 1 0 5 2 3 4 56 25
227 2 5 5 3 1 5 3 185 67
228 14 10 1 4 0 5 1 2 164 14
229 14 10 10 6 1 3 5 0 4 2 87 51
230 15 13 2 6 2 5 3 1 0 4 240 49
231 15 5 4 6 1 3 2 4 5 0 159 46
13
232 0 10 1 5 1 3 2 5 4 72 31
233 7 11 2 3 5 0 1 103 42
234 15 8 2 6 1 2 5 4 0 3 19 19
235 13 11 1 6 1 2 5 3 4 0 102 11
236 7 1 1 4 2 1 4 5 28 72
237 12 5 3 6 5 3 0 4 2 1 135 55
238 14 5 6 5 4 2 5 0 1 147 87
239 1 4 1 5 3 4 5 0 1 96 93
240 1 4 3 5 4 2 0 1 3 25 75
241 15 8 3 4 5 4 2 3 147 22
242 7 16 4 3 1 5 4 11 29
243 13 8 4 4 5 3 2 1 75 47
244 14 11 6 4 5 2 0 1 110 22
8
245 13 10 2 5 5 0 3 2 1 27 31
246 2 4 2 4 5 3 4 2 111 20
247 2 10 1 4 0 1 2 4 296 43
248 14 0 1 5 5 3 1 4 2 40 54
249 2 4 2 3 4 0 1 93 86
250 15 11 3 3 4 0 5 230 13
251 14 10 3 5 0 1 4 5 2 212 21
252 2 11 1 6 4 5 0 3 2 1 418 64
14
253 12 5 4 5 2 1 0 5 3 20 70
254 0 13 4 6 5 2 3 0 4 1 110 94
255 15 1 5 4 3 1 4 0 90 10
256 12 16 2 5 3 2 1 5 0 137 19
257 14 0 3 4 1 3 0 2 21 56
258 7 16 2 5 1 5 4 2 0 88 91
259 15 13 1 4 4 5 3 0 196 95
260 15 4 3 6 5 0 4 1 2 3 97 13
261 10 0 2 3 4 2 3 128 31
262 15 0 3 5 1 2 4 3 0 46 19
263 10 16 4 5 2 1 5 0 3 83 53
264 7 16 6 6 1 0 2 4 5 3 152 21
265 12 10 1 4 2 4 0 5 81 37
266 12 13 2 5 3 0 4 5 2 121 32
6
267 7 16 1 3 0 2 1 57 33
268 12 8 2 5 2 0 4 5 3 43 94
269 1 4 1 5 3 4 5 0 1 96 93
270 1 13 3 6 2 3 0 5 4 1 207 85
271 0 13 1 3 1 3 0 67 99
272 0 5 3 4 0 5 3 1 64 26
0
0
0
0
0
0
