1015
31
47
0 5 0 3 4 2 3 1 4 397 18
1 5 3 4 6 3 2 5 1 4 0 555 91
2 2 3 1 3 5 2 1 157 14
3 2 0 2 5 1 4 5 2 0 403 93
4 5 3 1 3 4 2 3 194 46
5 2 0 1 6 3 4 0 5 2 1 888 84
6 5 4 1 5 2 3 4 1 5 181 77
7 5 0 1 3 3 1 0 652 56
8 0 4 2 6 5 0 1 3 4 2 112 35
9 2 4 4 3 3 4 2 215 42
10 5 3 2 3 5 2 0 117 85
11 0 4 3 6 4 1 2 5 0 3 504 38
12 0 4 2 3 2 0 3 204 52
13 2 0 2 6 3 5 0 1 4 2 975 22
14 5 4 1 4 3 5 4 0 314 98
15 2 3 6 6 4 3 5 1 2 0 483 96
16 0 3 6 3 0 5 1 382 75
17 0 3 1 4 5 0 2 4 633 52
18 5 3 2 3 5 0 1 647 28
19 5 4 2 4 1 0 3 4 331 64
20 2 4 1 4 2 1 5 4 117 99
21 0 4 2 3 1 4 2 496 92
22 2 3 2 4 0 3 1 5 440 34
23 5 3 2 6 3 0 1 5 2 4 549 48
24 2 4 2 3 5 1 2 321 100
25 5 3 1 4 5 0 1 2 341 84
26 0 3 1 3 4 0 5 29 82
27 0 3 2 5 0 3 5 2 1 340 29
28 5 3 4 3 4 2 3 194 46
29 2 4 2 3 2 1 3 339 97
30 5 3 3 3 2 0 3 86 98
31 5 3 2 5 3 4 2 5 0 193 73
32 0 4 2 6 0 4 3 2 5 1 722 61
33 2 4 3 6 2 3 4 5 1 0 503 48
34 5 0 3 3 0 3 4 190 79
35 0 3 2 6 3 4 1 5 0 2 477 19
36 2 0 3 3 4 1 2 648 69
37 0 3 3 6 1 4 3 0 2 5 97 68
38 5 3 3 3 4 5 3 182 98
39 0 4 2 6 5 0 1 3 4 2 112 35
40 2 3 4 3 4 1 3 470 31
41 0 3 3 5 0 3 5 2 1 340 29
42 2 4 3 3 2 1 3 339 97
43 0 3 3 4 0 1 5 4 355 85
44 2 4 4 3 2 1 3 339 97
45 2 4 7 4 4 3 5 2 117 36
46 0 3 5 3 0 1 3 265 63
45
47 2 4 5 3 2 1 3 339 97
48 0 3 1 3 4 0 5 29 82
49 2 3 1 3 5 2 1 157 14
50 2 3 1 3 2 3 4 587 72
51 5 4 3 3 1 4 5 231 15
52 0 3 2 4 0 1 3 4 604 48
53 5 4 2 3 5 2 0 190 65
54 5 3 1 3 1 0 4 443 10
55 2 4 1 6 5 0 4 3 2 1 410 92
56 2 0 1 6 3 5 0 1 4 2 975 22
57 5 0 6 5 4 0 3 2 1 331 14
58 2 3 2 6 4 3 5 1 2 0 483 96
59 5 4 3 3 4 5 3 452 38
60 2 0 5 6 3 4 0 5 2 1 888 84
61 5 0 2 4 2 3 1 4 397 18
62 5 3 1 5 4 0 5 1 3 297 12
63 5 0 1 3 5 2 4 391 26
64 2 4 1 5 1 3 4 0 2 128 18
65 5 0 1 4 1 4 2 0 307 47
66 2 3 3 5 0 2 4 1 3 302 96
67 5 3 4 6 0 1 2 3 5 4 331 49
68 5 0 3 3 4 2 1 413 97
69 5 3 8 3 4 2 0 272 12
70 0 3 3 5 0 3 5 2 1 340 29
71 2 4 2 3 3 4 2 215 42
72 5 4 3 3 1 4 5 231 15
73 0 4 2 6 4 5 1 0 2 3 397 32
74 2 3 2 3 3 5 0 259 32
75 5 0 3 4 2 3 1 4 397 18
76 2 3 2 4 0 3 1 5 440 34
77 0 4 3 3 1 4 2 468 50
78 5 3 2 3 4 2 3 194 46
79 5 0 1 3 0 1 3 382 70
80 5 3 4 3 4 2 0 272 12
81 5 4 4 3 4 5 3 452 38
82 2 0 2 3 2 1 4 497 42
83 0 4 4 3 2 0 3 204 52
84 2 3 2 6 2 5 0 3 1 4 52 48
85 2 3 2 4 0 1 4 5 248 81
86 2 0 2 3 2 4 0 920 27
87 2 4 2 5 1 3 4 0 2 128 18
88 0 3 3 5 0 3 5 2 1 340 29
89 2 4 2 5 1 3 4 0 2 128 18
90 5 0 3 4 4 2 0 1 504 79
91 5 0 3 5 4 0 3 2 1 331 14
42
92 5 3 3 6 3 0 1 5 2 4 549 48
93 2 4 4 4 2 1 5 4 117 99
94 5 3 3 3 5 2 0 117 85
95 0 4 3 3 4 2 1 724 52
96 2 4 1 5 0 3 2 1 4 107 61
97 5 4 3 5 4 0 2 1 3 334 51
98 5 3 2 3 5 3 1 281 56
99 5 4 2 4 3 5 4 0 314 98
100 2 0 2 3 2 1 4 497 42
101 5 4 2 4 2 1 3 4 141 14
102 2 3 3 5 3 4 0 5 2 393 12
103 2 0 2 3 0 3 5 475 21
104 2 3 2 4 0 3 1 5 440 34
105 2 4 4 3 5 0 4 505 79
106 0 4 2 4 5 2 0 3 529 40
107 5 4 1 3 0 5 2 408 47
108 2 4 1 3 3 1 0 399 47
109 2 3 1 5 3 5 0 1 4 569 30
110 5 0 2 3 1 0 2 450 35
111 2 3 2 6 2 5 0 3 1 4 52 48
112 2 4 2 3 5 1 2 321 100
113 5 0 2 5 3 5 4 1 2 277 62
114 5 4 1 5 4 0 2 1 3 334 51
115 2 0 3 5 2 0 1 3 5 764 95
116 2 0 1 6 3 5 0 1 4 2 975 22
117 5 4 2 3 4 5 3 452 38
118 0 3 2 6 0 4 2 3 5 1 368 77
119 5 0 2 3 0 3 4 190 79
120 2 0 3 5 2 0 1 3 5 764 95
121 2 4 3 4 4 3 5 2 117 36
122 0 4 4 6 0 4 3 2 5 1 722 61
123 5 4 1 5 2 3 4 1 5 181 77
124 5 0 2 5 4 1 5 0 2 381 21
125 2 0 5 4 5 0 2 4 510 95
126 0 4 7 6 5 0 1 3 4 2 112 35
127 0 4 4 3 5 2 1 796 17
128 2 0 6 5 1 2 0 4 5 753 59
129 2 4 1 6 2 3 4 5 1 0 503 48
130 5 3 1 5 4 0 5 1 3 297 12
131 2 0 2 5 2 4 5 3 1 226 12
132 2 0 3 6 3 4 0 5 2 1 888 84
133 5 0 3 3 0 3 4 190 79
51
134 2 3 1 3 2 4 3 187 43
135 0 4 1 5 4 1 0 3 5 587 31
136 5 0 2 4 4 5 2 0 329 100
137 5 3 4 3 2 0 3 86 98
138 5 3 1 3 4 2 0 272 12
139 5 0 1 3 0 3 5 135 53
140 5 0 3 5 4 1 5 0 2 381 21
141 5 0 1 3 0 3 4 190 79
142 0 3 1 4 2 1 5 0 352 86
143 5 0 1 3 0 3 5 135 53
144 2 4 4 4 1 5 0 4 224 35
145 5 0 2 3 3 0 4 135 26
146 5 4 1 6 2 3 4 5 1 0 246 16
147 5 3 4 3 4 2 3 194 46
148 2 0 2 6 3 5 0 1 4 2 399 84
149 2 4 8 6 3 5 4 0 1 2 525 87
150 2 0 2 3 2 4 3 833 56
151 2 4 1 3 0 1 3 574 80
152 2 3 1 3 5 2 1 157 14
153 5 0 3 5 4 0 1 3 2 182 51
154 5 3 2 4 0 5 4 1 670 90
155 0 4 4 3 4 2 1 724 52
156 5 3 1 5 4 0 5 1 3 297 12
157 2 4 4 6 2 3 4 5 1 0 503 48
158 5 0 7 5 3 5 4 1 2 277 62
159 2 3 2 4 2 4 5 0 558 70
160 2 0 3 3 2 1 4 497 42
161 5 3 2 3 1 0 4 443 10
162 5 3 2 4 1 5 4 2 287 69
163 2 4 1 5 1 3 4 0 2 128 18
164 0 3 2 4 5 0 2 4 633 52
165 2 4 2 3 3 2 4 801 55
166 2 3 2 6 4 3 5 1 2 0 483 96
167 5 0 4 5 4 2 5 0 1 152 50
168 0 3 2 3 0 1 3 265 63
169 2 4 3 5 4 3 2 1 5 277 76
170 0 3 2 5 4 0 2 1 3 526 21
171 2 4 2 4 3 1 0 4 309 28
172 2 3 3 4 1 3 5 0 302 11
173 2 3 1 3 2 4 3 187 43
174 2 0 2 3 0 3 5 475 21
175 5 3 2 5 5 0 4 1 3 110 30
176 2 3 3 5 1 4 5 0 2 240 15
177 2 0 1 4 0 2 3 4 609 56
178 5 0 2 4 1 4 2 0 307 47
179 2 3 3 6 2 4 3 5 0 1 210 85
180 0 3 3 3 3 1 4 490 58
181 0 4 2 3 0 1 4 835 48
182 0 3 5 3 3 1 5 109 11
183 0 3 2 6 3 4 1 5 2 0 59 81
184 2 4 3 5 4 3 2 1 5 277 76
55
185 2 3 1 4 1 5 3 0 279 20
186 5 3 3 5 4 0 5 1 3 297 12
187 0 4 1 3 2 0 3 204 52
188 2 0 1 3 0 3 5 475 21
189 5 4 4 6 2 3 4 5 1 0 246 16
190 2 4 1 4 2 1 5 4 117 99
191 2 4 1 3 2 1 3 339 97
192 2 3 1 3 3 5 0 259 32
193 2 0 3 4 0 2 3 4 609 56
194 5 4 4 6 2 4 1 5 0 3 604 56
195 5 4 2 3 2 5 1 397 36
196 5 0 1 6 5 0 2 1 3 4 227 53
197 2 3 1 3 5 2 1 157 14
198 5 0 2 4 5 2 0 3 235 56
199 0 3 5 4 0 1 5 4 355 85
200 2 3 1 6 1 5 0 4 2 3 501 50
201 0 4 2 3 1 4 2 468 50
202 0 4 1 6 0 4 3 2 5 1 722 61
203 2 4 2 5 1 3 4 0 2 128 18
204 5 4 2 4 3 5 4 0 314 98
205 5 4 2 5 4 0 2 1 3 334 51
206 0 4 1 5 4 1 0 3 5 587 31
207 2 4 3 3 3 4 2 215 42
208 2 4 3 3 2 1 3 339 97
209 2 4 1 3 3 2 4 801 55
210 5 0 1 5 4 0 3 2 1 331 14
211 2 4 2 5 5 1 3 0 2 823 89
212 0 3 3 3 4 3 0 142 88
213 0 4 1 5 2 0 3 1 4 732 12
214 2 4 2 4 4 3 5 2 117 36
215 5 0 1 4 1 4 2 0 307 47
216 2 0 1 3 2 4 0 920 27
217 2 3 2 4 2 4 5 0 558 70
218 0 4 2 3 4 2 1 724 52
219 2 3 2 3 2 3 4 587 72
220 2 4 4 6 5 0 4 3 2 1 410 92
221 2 0 3 4 2 5 4 1 334 44
222 0 4 2 5 2 3 1 5 4 112 55
223 0 3 4 4 2 1 5 0 352 86
224 5 4 3 6 2 3 4 5 1 0 246 16
225 2 4 2 6 3 5 4 0 1 2 525 87
226 0 3 2 3 3 1 5 109 11
227 0 4 3 3 1 4 2 468 50
228 2 4 2 3 3 1 0 399 47
229 2 4 2 5 4 3 2 1 5 277 76
230 0 4 4 4 5 2 0 3 529 40
231 5 0 4 6 5 0 2 1 3 4 227 53
232 2 0 3 5 2 4 5 3 1 226 12
233 0 3 4 4 2 5 4 3 378 85
234 2 3 4 3 1 5 3 200 88
235 0 3 3 6 3 4 1 5 2 0 59 81
236 2 4 3 6 4 5 2 3 0 1 638 98
237 5 0 2 3 4 5 3 354 73
238 2 3 3 3 4 1 3 470 31
239 0 4 2 3 1 4 2 496 92
45
240 5 3 2 4 5 0 1 2 341 84
241 5 4 1 6 2 3 4 5 1 0 246 16
242 2 0 1 5 2 0 1 3 5 764 95
243 0 3 2 3 0 1 3 265 63
244 0 4 2 4 5 2 0 3 529 40
245 2 4 1 3 2 1 3 339 97
246 2 3 1 5 0 2 3 5 4 302 75
247 5 0 2 6 5 0 2 1 3 4 227 53
248 5 0 7 5 1 5 0 3 4 176 75
249 0 4 1 5 2 3 1 5 4 112 55
250 0 4 2 3 2 0 3 204 52
251 2 0 1 5 2 0 1 3 5 764 95
252 5 0 4 3 2 1 3 393 46
253 5 4 1 3 1 4 5 231 15
254 2 3 2 3 4 1 3 470 31
255 2 4 4 3 5 1 2 321 100
256 5 0 2 4 5 2 0 3 235 56
257 2 4 3 5 1 3 4 0 2 128 18
258 2 4 2 6 3 5 4 0 1 2 525 87
259 5 3 2 4 0 3 2 5 330 26
260 2 0 2 5 2 4 5 3 1 226 12
261 0 3 1 4 0 1 3 4 604 48
262 2 4 2 3 5 0 4 539 49
263 0 4 14 5 3 1 0 4 5 394 34
264 5 0 3 3 4 2 1 413 97
265 0 3 2 6 2 4 0 5 3 1 232 59
266 2 3 3 6 1 5 0 4 2 3 501 50
267 2 0 1 5 0 4 1 2 3 712 39
268 2 4 2 3 0 5 1 234 62
269 5 4 5 4 4 0 3 5 291 89
270 2 3 1 6 2 5 0 3 1 4 52 48
271 5 4 1 5 5 4 0 3 2 381 38
272 2 4 8 6 3 5 4 0 1 2 525 87
273 2 4 1 4 1 5 0 4 224 35
274 0 3 4 3 3 1 4 490 58
275 2 3 4 5 0 2 4 1 3 302 96
276 5 0 1 3 1 0 2 450 35
277 5 3 2 3 1 0 4 443 10
278 2 3 2 5 3 4 0 5 2 393 12
279 5 3 4 3 1 0 4 443 10
280 5 3 2 5 4 0 5 1 3 297 12
281 2 0 2 4 2 5 4 1 334 44
282 2 4 9 3 3 1 0 399 47
283 5 0 3 5 4 0 3 2 1 331 14
284 0 3 2 3 4 3 0 142 88
44
285 2 4 2 3 5 0 4 539 49
286 2 0 1 3 0 3 5 475 21
287 2 4 1 3 0 1 3 574 80
288 2 3 1 4 1 3 5 0 302 11
289 5 3 1 4 1 3 5 2 239 64
290 2 3 2 3 1 5 3 200 88
291 5 3 2 4 1 3 5 2 239 64
292 5 3 2 4 0 3 2 5 330 26
293 5 0 6 3 5 2 4 391 26
294 0 4 1 5 3 1 0 4 5 394 34
295 2 3 2 6 2 4 3 5 0 1 210 85
296 0 3 2 4 2 5 4 3 378 85
297 2 3 6 6 4 3 5 1 2 0 483 96
298 5 0 2 4 5 1 4 2 302 82
299 5 0 6 3 5 2 4 391 26
300 0 3 1 3 0 5 1 382 75
301 2 3 4 5 3 5 0 1 4 569 30
302 2 3 1 5 3 4 0 5 2 393 12
303 5 3 2 4 0 3 2 5 330 26
304 0 3 2 4 5 0 2 4 633 52
305 0 4 3 6 5 0 1 3 4 2 112 35
306 5 4 2 4 4 0 3 5 291 89
307 0 4 1 3 2 0 3 204 52
308 0 4 1 3 4 2 1 724 52
309 0 3 1 3 3 1 5 109 11
310 5 0 3 4 2 3 1 4 397 18
311 5 4 2 6 2 4 1 5 0 3 604 56
312 2 4 2 3 2 1 3 339 97
313 2 0 1 3 0 5 3 816 100
314 2 0 2 5 2 4 5 3 1 226 12
315 0 4 1 5 2 3 1 5 4 112 55
316 0 3 1 6 3 1 5 4 0 2 318 36
317 2 4 2 3 5 0 4 539 49
318 2 0 2 3 0 4 3 751 62
319 0 3 2 6 3 1 5 4 0 2 318 36
320 0 4 4 5 3 1 0 4 5 394 34
321 0 4 2 4 4 0 5 2 238 35
322 2 3 1 3 2 3 4 587 72
323 0 3 5 3 3 4 0 121 22
324 2 0 2 5 1 2 0 4 5 753 59
325 5 4 2 4 3 0 2 4 331 39
326 2 4 5 6 4 5 2 3 0 1 638 98
327 2 0 2 6 3 5 0 1 4 2 975 22
328 5 0 2 3 2 1 3 393 46
31
329 5 4 1 4 2 1 3 4 141 14
330 2 4 2 4 1 5 0 4 224 35
331 0 4 1 3 1 4 2 496 92
332 5 3 2 6 3 0 1 5 2 4 549 48
333 5 0 1 5 1 5 0 3 4 176 75
334 0 4 1 6 4 5 3 2 1 0 341 20
335 0 4 3 3 1 4 2 496 92
336 2 3 2 5 0 2 4 1 3 302 96
337 2 4 3 5 0 3 2 1 5 458 44
338 2 4 2 6 4 5 2 3 0 1 638 98
339 5 3 2 4 0 3 2 5 330 26
340 5 4 6 4 3 5 4 0 314 98
341 0 3 1 3 3 4 0 121 22
342 2 4 5 4 4 3 5 2 117 36
343 5 3 1 6 3 2 5 1 4 0 555 91
344 5 0 5 5 4 0 1 3 2 182 51
345 2 3 1 4 0 3 1 5 440 34
346 2 0 5 3 0 3 5 475 21
347 5 3 9 4 1 3 5 2 239 64
348 5 0 2 5 4 0 3 2 1 331 14
349 2 4 5 3 2 1 3 339 97
350 0 4 2 6 0 2 5 1 4 3 186 69
351 0 3 3 4 5 0 2 4 633 52
352 0 3 2 3 4 3 5 191 47
353 0 3 3 3 4 3 0 142 88
354 0 3 5 6 3 4 1 5 2 0 59 81
355 5 3 2 3 4 5 3 182 98
356 2 3 2 5 3 5 0 1 4 569 30
357 5 0 2 3 5 3 2 465 82
358 0 3 5 6 5 4 2 1 3 0 647 93
359 2 3 3 5 1 0 3 5 2 474 39
38
360 0 4 1 4 4 0 5 2 238 35
361 5 0 1 3 2 1 3 393 46
362 2 3 2 5 3 4 0 5 2 393 12
363 0 4 4 6 5 3 1 4 2 0 446 42
364 2 4 1 5 0 3 2 1 5 458 44
365 2 4 3 3 3 4 2 215 42
366 5 0 2 5 3 5 4 1 2 277 62
367 5 0 1 4 4 5 2 0 329 100
368 2 3 1 6 4 3 5 1 2 0 483 96
369 5 3 1 3 4 2 3 194 46
370 0 3 2 6 3 1 5 4 0 2 318 36
371 0 3 4 6 0 4 2 3 5 1 368 77
372 5 4 1 5 4 0 1 2 5 194 64
373 2 4 2 6 4 5 2 3 0 1 638 98
374 5 0 1 4 5 1 4 2 302 82
375 2 4 4 4 4 3 5 2 117 36
376 5 3 1 6 3 2 5 1 4 0 555 91
377 2 0 1 3 0 4 3 751 62
378 5 3 7 5 5 0 4 1 3 110 30
379 2 3 1 4 4 5 3 0 552 19
380 0 4 3 3 1 4 2 468 50
381 0 4 2 6 4 5 3 2 1 0 341 20
382 5 0 5 3 1 0 2 450 35
383 2 3 5 3 2 4 3 187 43
384 5 4 2 4 3 0 2 4 331 39
385 0 3 3 4 2 5 4 3 378 85
386 5 4 1 5 4 0 2 1 3 334 51
387 2 3 3 6 2 5 0 3 1 4 52 48
388 2 3 2 4 2 4 5 0 558 70
389 0 4 4 4 5 3 0 1 754 51
390 5 3 3 3 5 2 0 117 85
391 0 4 3 3 4 2 1 724 52
392 5 4 1 4 0 5 1 3 214 79
393 2 4 2 3 3 4 2 215 42
394 2 4 3 6 3 5 4 0 1 2 525 87
395 5 4 3 4 3 5 4 0 314 98
396 2 0 2 4 0 2 3 4 609 56
397 2 0 2 6 3 4 0 5 2 1 888 84
55
398 0 3 2 4 5 0 2 4 633 52
399 5 0 5 5 4 0 1 3 2 182 51
400 5 4 4 3 5 2 0 190 65
401 2 4 1 3 3 2 4 801 55
402 5 3 2 3 5 2 0 117 85
403 0 4 4 3 2 0 3 204 52
404 0 3 2 6 3 4 1 5 2 0 59 81
405 2 4 1 6 2 3 4 5 1 0 503 48
406 5 4 1 6 2 3 4 5 1 0 246 16
407 5 3 4 3 1 0 4 443 10
408 5 3 1 6 3 0 1 5 2 4 549 48
409 2 0 4 4 1 0 3 5 362 57
410 2 4 1 4 4 3 5 2 117 36
411 2 4 2 6 3 5 4 0 1 2 525 87
412 5 4 1 5 4 0 2 1 3 334 51
413 0 4 2 4 5 2 0 3 529 40
414 5 4 1 5 5 4 0 3 2 381 38
415 2 0 7 3 0 4 3 751 62
416 5 0 3 5 4 0 3 2 1 331 14
417 5 3 2 5 3 4 2 5 0 193 73
418 2 3 3 6 4 3 5 1 2 0 483 96
419 5 3 2 3 1 0 4 443 10
420 5 0 2 4 5 1 4 2 302 82
421 5 4 1 5 5 4 0 3 2 381 38
422 5 0 2 3 2 1 3 393 46
423 2 0 5 5 2 0 1 3 5 764 95
424 2 4 4 3 2 1 3 339 97
425 5 0 4 4 1 4 2 0 307 47
426 5 4 1 5 5 4 0 3 2 381 38
427 2 4 2 3 0 5 1 234 62
428 0 4 3 3 1 4 2 468 50
429 2 3 3 3 4 1 3 470 31
430 0 4 1 6 5 0 1 3 4 2 112 35
431 2 4 2 6 5 0 4 3 2 1 410 92
432 5 0 2 3 0 1 3 382 70
433 5 3 2 3 4 5 3 182 98
434 5 3 2 5 3 4 2 5 0 193 73
435 2 0 2 6 3 5 0 1 4 2 975 22
436 2 0 4 3 0 4 3 751 62
437 5 4 5 4 1 0 3 4 331 64
438 5 3 2 3 1 0 4 443 10
439 2 0 2 3 0 5 3 816 100
440 2 0 3 5 0 4 1 2 3 712 39
441 5 3 2 4 0 5 4 1 670 90
442 5 4 2 4 2 5 4 0 290 64
443 0 4 3 3 2 0 3 204 52
444 2 3 3 5 3 4 0 5 2 393 12
445 2 4 1 4 3 1 0 4 309 28
446 5 3 1 3 5 0 1 647 28
447 5 4 1 6 2 4 1 5 0 3 604 56
448 5 3 1 3 1 0 4 443 10
449 5 4 5 3 1 4 5 231 15
450 2 0 2 6 3 5 0 1 4 2 975 22
451 0 4 2 5 4 1 0 3 5 587 31
452 2 0 2 4 1 0 3 5 362 57
39
453 5 0 5 4 4 2 0 1 504 79
454 5 4 1 5 0 1 3 4 5 369 20
455 2 3 1 4 0 1 4 5 248 81
456 5 4 1 4 3 0 2 4 331 39
457 5 4 2 4 2 1 3 4 141 14
458 0 3 1 3 3 1 5 109 11
459 5 4 1 5 4 0 1 2 5 194 64
460 2 0 2 5 1 4 5 2 0 403 93
461 5 0 1 4 1 4 2 0 307 47
462 0 3 2 6 2 4 0 5 3 1 232 59
463 5 3 1 4 2 1 5 4 20 66
464 5 0 1 3 5 2 4 391 26
465 5 3 2 4 5 0 1 2 341 84
466 2 4 3 3 2 1 3 339 97
467 2 4 3 4 4 3 5 2 117 36
468 2 3 8 5 3 4 0 5 2 393 12
469 2 4 1 3 5 1 2 321 100
470 2 4 1 5 5 1 3 0 2 823 89
471 0 3 3 4 2 5 4 3 378 85
472 2 4 3 5 5 1 3 0 2 823 89
473 0 3 1 3 3 1 5 109 11
474 2 0 3 6 5 4 1 3 2 0 487 33
475 2 4 2 3 0 1 3 574 80
476 0 3 7 3 0 1 3 265 63
477 5 4 1 6 2 3 4 5 1 0 246 16
478 2 3 2 5 1 4 5 0 2 240 15
479 5 0 4 3 0 3 5 135 53
480 0 3 1 3 3 1 4 490 58
481 0 4 1 6 4 5 1 0 2 3 397 32
482 0 4 1 3 5 2 1 796 17
483 5 0 2 4 4 2 0 1 504 79
484 2 0 5 3 2 1 4 497 42
485 5 4 1 5 4 0 2 1 3 334 51
486 0 4 3 3 1 4 2 496 92
487 5 4 2 5 2 3 4 1 5 181 77
488 5 0 3 4 4 5 2 0 329 100
489 2 4 2 3 3 2 4 801 55
490 5 0 3 5 4 2 5 0 1 152 50
491 0 4 5 5 2 3 5 4 1 448 91
48
492 0 4 2 4 5 3 0 1 754 51
493 0 3 4 6 1 4 3 0 2 5 97 68
494 2 0 2 4 2 5 4 1 334 44
495 0 4 2 4 3 2 4 5 331 18
496 5 0 3 5 4 0 3 2 1 331 14
497 2 3 1 4 2 4 5 0 558 70
498 0 4 1 6 0 4 3 2 5 1 722 61
499 5 0 1 3 0 3 5 135 53
500 2 4 2 3 2 1 3 339 97
501 5 3 2 6 0 1 2 3 5 4 331 49
502 5 3 1 6 3 2 5 1 4 0 555 91
503 2 3 1 5 3 5 0 1 4 569 30
504 5 4 3 6 0 5 3 2 4 1 516 22
505 0 4 1 3 2 0 3 204 52
506 0 4 3 3 1 4 2 468 50
507 5 3 3 4 5 0 1 2 341 84
508 0 4 6 6 4 5 1 0 2 3 397 32
509 2 3 3 6 0 1 4 3 2 5 178 70
510 0 4 1 4 5 2 0 3 529 40
511 5 0 1 4 5 2 0 3 235 56
512 5 0 2 5 1 5 0 3 4 176 75
513 5 4 2 6 0 5 3 2 4 1 516 22
514 2 3 1 5 3 4 0 5 2 393 12
515 0 4 2 5 2 0 3 1 4 732 12
516 5 0 1 3 5 2 4 391 26
517 2 3 4 4 4 5 3 0 552 19
518 2 0 1 5 1 2 0 4 5 753 59
519 2 3 3 5 1 0 3 5 2 474 39
520 5 3 1 3 2 0 3 86 98
521 0 3 4 5 4 0 2 1 3 526 21
522 2 3 2 3 1 5 3 200 88
523 5 3 2 6 3 2 5 1 4 0 555 91
524 5 3 2 4 5 0 1 2 341 84
525 2 0 1 4 2 5 4 1 334 44
526 2 4 4 3 2 1 3 339 97
527 2 4 2 4 3 1 0 4 309 28
528 5 3 2 6 0 1 2 3 5 4 331 49
529 2 4 1 5 4 3 2 1 5 277 76
530 2 0 2 4 0 2 3 4 609 56
531 5 3 2 4 0 5 4 1 670 90
532 2 0 4 6 3 4 1 0 5 2 491 11
533 0 3 5 4 5 0 2 4 633 52
534 5 0 4 5 3 5 4 1 2 277 62
535 2 4 4 3 5 0 4 539 49
536 5 4 2 6 2 3 4 5 1 0 246 16
537 0 4 3 6 4 5 3 2 1 0 341 20
538 0 3 3 3 4 3 5 191 47
539 5 0 2 5 4 1 5 0 2 381 21
46
540 5 0 1 3 3 1 0 652 56
541 0 3 2 4 2 5 4 3 378 85
542 5 3 1 3 5 2 0 117 85
543 5 0 2 5 4 2 5 0 1 152 50
544 2 4 2 3 5 1 2 321 100
545 2 4 1 3 0 5 1 234 62
546 2 0 2 3 2 4 0 920 27
547 0 4 1 3 2 0 3 204 52
548 5 3 1 6 3 0 1 5 2 4 549 48
549 2 0 1 6 3 4 1 0 5 2 491 11
550 2 3 6 6 2 5 0 3 1 4 52 48
551 2 4 2 5 0 3 2 1 4 107 61
552 0 4 5 5 3 1 0 4 5 394 34
553 2 4 5 4 3 1 0 4 309 28
554 0 4 2 4 3 2 4 5 331 18
555 5 4 5 5 0 1 3 4 5 369 20
556 5 0 1 4 5 1 4 2 302 82
557 5 4 2 3 5 2 0 190 65
558 2 3 3 5 3 5 0 1 4 569 30
559 2 0 3 6 5 4 1 3 2 0 487 33
560 5 3 1 3 5 3 1 281 56
561 5 3 2 3 4 5 3 182 98
562 0 3 2 4 0 1 3 4 604 48
563 5 0 4 3 1 0 2 450 35
564 5 3 4 3 5 2 0 117 85
565 2 0 2 3 0 4 3 751 62
566 2 3 2 4 0 3 1 5 440 34
567 2 4 2 3 1 5 3 618 14
568 5 0 1 4 1 4 2 0 307 47
569 2 3 1 6 2 4 3 5 0 1 210 85
570 2 3 2 3 1 5 3 200 88
571 5 3 4 4 1 5 4 2 287 69
572 0 4 3 4 5 3 0 1 754 51
573 2 4 2 5 0 3 2 1 5 458 44
574 2 4 1 3 5 0 4 539 49
575 2 4 2 3 2 1 3 339 97
576 0 3 2 6 2 4 0 5 3 1 232 59
577 0 4 3 4 4 0 5 2 238 35
578 2 0 3 3 4 1 2 648 69
579 5 3 5 6 3 0 1 5 2 4 549 48
580 0 4 4 5 2 3 1 5 4 112 55
581 5 0 2 5 4 0 3 2 1 331 14
582 5 4 4 3 1 4 5 231 15
583 5 3 2 4 5 0 1 2 341 84
584 0 4 3 3 0 1 4 835 48
585 0 4 2 6 0 4 3 2 5 1 722 61
38
586 5 3 1 4 0 3 2 5 330 26
587 5 3 2 5 5 0 4 1 3 110 30
588 2 0 1 6 3 4 1 0 5 2 491 11
589 5 3 1 3 4 2 1 157 92
590 0 4 1 6 5 3 1 4 2 0 446 42
591 0 3 4 3 4 0 5 29 82
592 0 3 2 4 2 5 4 3 378 85
593 5 3 2 5 4 0 5 1 3 297 12
594 5 0 1 3 2 1 3 393 46
595 0 3 2 4 2 5 4 3 378 85
596 5 0 1 3 5 3 2 465 82
597 5 3 2 3 2 0 3 86 98
598 0 3 1 6 0 4 2 3 5 1 368 77
599 2 3 1 5 1 4 5 0 2 240 15
600 2 4 4 3 2 1 3 339 97
601 2 0 3 5 2 4 5 3 1 226 12
602 5 0 2 3 1 0 2 450 35
603 0 3 6 6 5 4 2 1 3 0 647 93
604 2 3 1 4 0 1 4 5 248 81
605 2 4 4 4 2 1 5 4 117 99
606 2 0 3 5 1 4 5 2 0 403 93
607 2 3 6 6 0 1 4 3 2 5 178 70
608 0 3 2 6 5 4 2 1 3 0 647 93
609 5 0 2 3 3 0 4 135 26
610 2 3 4 4 2 4 5 0 558 70
611 5 3 9 4 2 1 5 4 20 66
612 5 4 2 6 0 5 3 2 4 1 516 22
613 5 3 5 4 2 1 5 4 20 66
614 0 3 3 4 0 1 3 4 604 48
615 5 0 3 4 4 2 0 1 504 79
616 5 0 3 4 2 3 1 4 397 18
617 5 4 3 4 1 0 3 4 331 64
618 5 0 1 3 0 1 3 382 70
619 5 0 2 6 5 0 2 1 3 4 227 53
620 0 4 2 6 5 0 1 3 4 2 112 35
621 5 0 2 3 3 1 0 652 56
622 2 0 4 3 2 1 4 497 42
623 5 4 6 5 0 5 2 3 1 187 24
35
624 0 4 2 3 5 2 1 796 17
625 0 3 1 3 3 1 5 109 11
626 2 0 1 5 1 4 5 2 0 403 93
627 5 4 1 4 5 3 2 4 142 93
628 0 4 2 6 0 2 5 1 4 3 186 69
629 5 3 1 3 4 2 3 194 46
630 0 3 1 3 0 1 3 265 63
631 5 4 2 6 5 3 0 2 1 4 358 61
632 2 0 5 3 2 4 0 920 27
633 2 0 2 5 2 0 1 3 5 764 95
634 0 3 3 6 0 4 2 3 5 1 368 77
635 0 4 6 3 0 1 4 835 48
636 0 4 5 3 5 2 1 796 17
637 0 3 2 6 3 1 5 4 0 2 318 36
638 5 0 3 4 5 1 4 2 302 82
639 0 4 2 4 4 0 5 2 238 35
640 2 3 1 3 5 2 1 157 14
641 5 4 2 5 4 0 1 2 5 194 64
642 2 4 2 5 0 3 2 1 4 107 61
643 2 0 8 5 2 4 5 3 1 226 12
644 0 3 2 4 2 5 4 3 378 85
645 5 3 3 6 3 0 1 5 2 4 549 48
646 5 0 1 5 4 2 5 0 1 152 50
647 5 3 5 3 2 0 3 86 98
648 2 4 2 3 3 1 0 399 47
649 5 3 2 5 5 0 4 1 3 110 30
650 0 3 2 3 4 3 0 142 88
651 2 4 2 3 3 4 2 215 42
652 0 3 2 3 0 5 1 382 75
653 5 3 2 3 5 0 1 647 28
654 5 4 2 3 2 5 1 397 36
655 5 4 3 5 5 4 0 3 2 381 38
656 2 3 4 4 1 3 5 0 302 11
657 2 4 2 5 4 3 2 1 5 277 76
658 5 4 2 6 0 5 3 2 4 1 516 22
39
659 5 4 1 4 1 0 3 4 331 64
660 0 3 5 4 2 5 4 3 378 85
661 2 0 1 3 2 4 0 920 27
662 2 4 2 4 2 1 5 4 117 99
663 2 0 2 5 1 4 5 2 0 403 93
664 5 0 3 3 4 5 3 354 73
665 0 4 3 6 4 5 1 0 2 3 397 32
666 2 4 3 4 1 5 0 4 224 35
667 2 0 1 4 0 2 3 4 609 56
668 5 4 1 3 5 2 0 190 65
669 5 3 2 5 4 0 5 1 3 297 12
670 5 4 2 5 4 0 2 1 3 334 51
671 0 4 3 6 5 0 1 3 4 2 112 35
672 2 4 5 3 0 1 3 574 80
673 0 4 3 6 4 1 2 5 0 3 504 38
674 2 4 2 4 3 1 0 4 309 28
675 2 3 3 3 2 4 3 187 43
676 5 3 2 3 4 5 3 182 98
677 5 0 1 4 4 5 2 0 329 100
678 2 3 2 3 2 4 3 187 43
679 5 0 2 5 1 5 0 3 4 176 75
680 2 3 1 3 4 1 3 470 31
681 0 3 2 6 3 1 5 4 0 2 318 36
682 2 3 2 4 1 3 5 0 302 11
683 2 0 2 5 2 0 1 3 5 764 95
684 0 3 3 6 1 4 3 0 2 5 97 68
685 2 0 2 3 0 4 3 751 62
686 5 3 2 3 5 2 0 117 85
687 0 4 3 4 4 0 5 2 238 35
688 2 0 1 6 5 4 1 3 2 0 487 33
689 5 4 1 3 1 4 5 231 15
690 5 4 4 4 2 1 3 4 141 14
691 5 0 2 3 5 3 2 465 82
692 2 4 3 3 1 5 3 618 14
693 5 0 3 3 2 1 3 393 46
694 5 3 4 3 4 2 1 157 92
695 2 4 2 3 0 5 1 234 62
696 2 0 4 3 4 1 2 648 69
697 0 3 6 5 4 0 2 1 3 526 21
36
698 0 3 2 6 3 4 1 5 2 0 59 81
699 2 4 2 4 3 1 0 4 309 28
700 2 4 2 3 0 5 1 234 62
701 0 4 1 6 0 2 5 1 4 3 186 69
702 5 3 3 4 0 3 2 5 330 26
703 2 0 1 4 5 0 2 4 510 95
704 5 4 1 4 5 3 2 4 142 93
705 2 0 2 4 5 0 2 4 510 95
706 2 4 1 3 5 0 4 539 49
707 0 4 3 4 4 0 5 2 238 35
708 5 4 1 3 0 5 2 408 47
709 2 0 3 3 0 3 5 475 21
710 2 3 1 5 0 2 3 5 4 302 75
711 0 3 1 6 3 1 5 4 0 2 318 36
712 2 3 2 5 1 0 3 5 2 474 39
713 0 3 5 6 2 4 0 5 3 1 232 59
714 2 0 2 3 4 1 2 648 69
715 0 4 1 6 0 2 5 1 4 3 186 69
716 0 3 1 3 0 1 3 265 63
717 5 3 2 4 5 0 1 2 341 84
718 5 3 7 4 0 5 4 1 670 90
719 5 0 3 5 4 0 1 3 2 182 51
720 2 3 2 3 4 1 3 470 31
721 5 3 2 3 1 0 4 443 10
722 5 0 5 4 4 2 0 1 504 79
723 5 4 3 6 2 4 1 5 0 3 604 56
724 0 3 2 6 3 1 5 4 0 2 318 36
725 2 3 3 5 1 0 3 5 2 474 39
726 5 0 3 5 4 0 3 2 1 331 14
727 5 0 1 5 4 2 5 0 1 152 50
728 2 0 4 6 3 4 1 0 5 2 491 11
729 2 4 3 3 5 0 4 505 79
730 2 4 2 6 3 5 4 0 1 2 525 87
731 2 3 2 3 4 1 3 470 31
732 2 4 2 4 2 1 5 4 117 99
733 2 0 3 4 5 0 2 4 510 95
48
734 5 4 3 4 1 0 3 4 331 64
735 5 0 2 4 5 1 4 2 302 82
736 2 4 1 5 1 3 4 0 2 128 18
737 5 0 1 4 4 2 0 1 504 79
738 5 4 1 4 3 5 4 0 314 98
739 0 4 5 5 4 1 0 3 5 587 31
740 5 0 3 4 5 1 4 2 302 82
741 2 4 1 6 2 3 4 5 1 0 503 48
742 0 4 1 5 2 0 3 1 4 732 12
743 0 3 2 6 2 4 0 5 3 1 232 59
744 2 4 5 5 5 1 3 0 2 823 89
745 2 0 3 4 2 5 4 1 334 44
746 2 3 4 3 2 3 4 587 72
747 5 3 4 3 4 2 1 157 92
748 0 3 2 6 3 1 5 4 0 2 318 36
749 5 4 1 3 0 5 2 408 47
750 5 3 5 4 1 5 4 2 287 69
751 2 0 2 5 2 4 5 3 1 226 12
752 0 4 3 3 1 4 2 468 50
753 2 0 3 6 3 4 0 5 2 1 888 84
754 5 3 2 3 4 2 1 157 92
755 5 0 2 3 0 3 5 135 53
756 5 4 1 5 0 1 3 4 5 369 20
757 0 4 1 5 2 3 5 4 1 448 91
758 0 3 3 3 0 5 1 382 75
759 5 3 4 4 5 0 1 2 341 84
760 5 4 1 3 1 4 5 231 15
761 2 4 2 3 5 1 2 321 100
762 2 0 5 4 2 5 4 1 334 44
763 2 4 4 3 3 1 0 399 47
764 5 0 4 4 2 3 1 4 397 18
765 0 3 1 4 0 1 3 4 604 48
766 2 0 5 4 1 0 3 5 362 57
767 2 4 3 5 1 3 4 0 2 128 18
768 2 3 5 5 1 0 3 5 2 474 39
769 2 4 3 4 2 1 5 4 117 99
770 5 4 4 5 0 1 3 4 5 369 20
771 2 3 2 3 1 5 3 200 88
772 2 4 1 5 5 1 3 0 2 823 89
773 5 3 2 4 0 5 4 1 670 90
774 2 4 2 3 1 5 3 618 14
775 2 4 4 3 0 1 3 574 80
776 0 3 3 4 2 5 4 3 378 85
777 5 0 4 4 1 4 2 0 307 47
778 2 3 2 3 3 5 0 259 32
779 5 3 2 3 4 2 1 157 92
780 2 0 2 4 0 2 3 4 609 56
781 2 4 5 5 0 3 2 1 4 107 61
26
782 0 3 3 4 0 1 5 4 355 85
783 5 3 1 4 0 3 2 5 330 26
784 2 0 2 3 0 4 3 751 62
785 5 0 1 5 4 1 5 0 2 381 21
786 2 4 1 4 1 5 0 4 224 35
787 2 3 1 3 2 4 3 187 43
788 2 3 2 6 1 5 0 4 2 3 501 50
789 5 4 2 3 0 5 2 408 47
790 2 4 1 6 4 5 2 3 0 1 638 98
791 5 4 2 4 4 0 3 5 291 89
792 5 3 2 6 3 2 5 1 4 0 555 91
793 0 4 2 3 1 4 2 468 50
794 2 3 1 6 2 4 3 5 0 1 210 85
795 5 4 2 4 5 3 2 4 142 93
796 5 3 3 3 4 2 0 272 12
797 2 4 2 4 3 1 0 4 309 28
798 2 0 2 6 3 5 0 1 4 2 399 84
799 5 0 2 4 4 5 2 0 329 100
800 2 0 2 6 3 4 1 0 5 2 491 11
801 0 4 3 3 1 4 2 468 50
802 2 3 3 3 1 5 3 200 88
803 2 4 2 3 3 1 0 399 47
804 2 4 5 3 0 1 3 574 80
805 5 0 2 3 5 3 2 465 82
806 0 4 2 5 2 3 5 4 1 448 91
807 2 3 2 3 4 1 3 470 31
50
808 5 0 2 3 3 1 0 652 56
809 0 4 4 4 5 3 0 1 754 51
810 5 0 1 6 5 0 2 1 3 4 227 53
811 5 4 1 3 0 5 2 408 47
812 2 3 2 5 0 2 3 5 4 302 75
813 2 4 4 3 5 0 4 505 79
814 2 4 3 3 2 1 3 339 97
815 5 3 3 4 2 1 5 4 20 66
816 0 3 1 5 0 3 5 2 1 340 29
817 2 3 6 4 0 3 1 5 440 34
818 5 3 2 3 5 3 1 281 56
819 5 0 4 3 0 1 3 382 70
820 5 0 3 3 4 5 3 354 73
821 0 3 3 3 4 0 5 29 82
822 5 4 3 5 2 3 4 1 5 181 77
823 2 0 1 6 3 4 0 5 2 1 888 84
824 0 4 2 4 3 2 4 5 331 18
825 5 3 1 3 1 0 4 443 10
826 5 0 8 3 5 2 4 391 26
827 2 0 4 3 0 5 3 816 100
828 5 4 2 4 3 5 4 0 314 98
829 0 4 2 6 4 5 1 0 2 3 397 32
830 2 0 2 5 1 4 5 2 0 403 93
831 5 3 2 3 4 2 0 272 12
832 5 0 4 4 4 2 0 1 504 79
833 0 3 1 3 3 1 4 490 58
834 5 4 1 4 2 1 3 4 141 14
835 2 4 2 5 5 1 3 0 2 823 89
836 5 0 3 6 5 0 2 1 3 4 227 53
837 0 3 2 3 0 5 1 382 75
838 2 0 5 6 3 5 0 1 4 2 399 84
839 5 0 2 4 4 5 2 0 329 100
840 5 0 1 3 4 2 1 413 97
841 2 3 4 6 0 1 4 3 2 5 178 70
842 5 3 1 4 0 5 4 1 670 90
843 2 0 6 5 1 2 0 4 5 753 59
844 0 3 6 3 0 5 1 382 75
845 0 3 3 6 5 4 2 1 3 0 647 93
846 5 0 2 3 4 2 1 413 97
847 5 0 2 4 4 5 2 0 329 100
848 0 4 2 6 4 5 3 2 1 0 341 20
849 5 3 2 3 4 5 3 182 98
850 5 0 2 5 4 2 5 0 1 152 50
851 5 3 2 3 5 3 1 281 56
852 5 3 1 3 1 0 4 443 10
853 2 4 2 3 3 2 4 801 55
854 2 3 3 4 2 4 5 0 558 70
855 2 4 5 6 2 3 4 5 1 0 503 48
856 2 0 2 5 1 2 0 4 5 753 59
857 0 4 3 3 1 4 2 468 50
43
858 2 3 4 3 5 2 1 157 14
859 5 0 1 3 2 1 3 393 46
860 5 4 2 6 0 5 3 2 4 1 516 22
861 0 4 1 5 2 0 3 1 4 732 12
862 5 0 2 4 4 5 2 0 329 100
863 0 3 1 6 3 1 5 4 0 2 318 36
864 0 3 1 6 3 1 5 4 0 2 318 36
865 0 4 2 4 4 0 5 2 238 35
866 5 3 3 3 1 0 4 443 10
867 2 0 5 6 3 4 1 0 5 2 491 11
868 5 0 2 3 0 3 5 135 53
869 0 3 3 3 0 1 3 265 63
870 0 3 2 3 0 1 3 265 63
871 0 4 2 5 2 0 3 1 4 732 12
872 2 3 2 6 0 1 4 3 2 5 178 70
873 0 4 1 6 5 3 1 4 2 0 446 42
874 5 3 2 4 2 1 5 4 20 66
875 0 4 5 6 0 4 3 2 5 1 722 61
876 2 4 2 3 5 0 4 505 79
877 5 4 2 5 0 5 2 3 1 187 24
878 0 4 2 3 5 2 1 796 17
879 2 0 2 3 4 1 2 648 69
880 0 3 2 3 4 3 0 142 88
881 5 3 2 4 2 1 5 4 20 66
882 2 4 5 3 1 5 3 618 14
883 0 3 2 3 3 4 0 121 22
884 0 4 1 5 2 0 3 1 4 732 12
885 2 0 3 6 3 5 0 1 4 2 399 84
886 5 4 2 5 2 3 4 1 5 181 77
887 2 0 1 4 1 0 3 5 362 57
888 5 0 4 3 1 0 2 450 35
889 2 3 2 4 4 5 3 0 552 19
890 2 0 2 4 1 0 3 5 362 57
891 0 4 3 4 5 2 0 3 529 40
892 2 4 2 4 3 1 0 4 309 28
893 2 4 2 3 5 0 4 539 49
894 0 4 5 3 2 0 3 204 52
895 5 3 4 6 3 0 1 5 2 4 549 48
896 0 3 2 6 3 1 5 4 0 2 318 36
897 0 4 4 4 5 2 0 3 529 40
898 0 4 7 6 5 0 1 3 4 2 112 35
899 2 4 2 3 0 5 1 234 62
900 2 3 2 5 0 2 3 5 4 302 75
32
901 5 4 3 3 4 5 3 452 38
902 5 3 1 3 5 3 1 281 56
903 2 3 1 4 0 3 1 5 440 34
904 5 3 1 6 3 0 1 5 2 4 549 48
905 2 3 2 6 2 5 0 3 1 4 52 48
906 0 4 1 5 3 1 0 4 5 394 34
907 5 0 5 3 5 2 4 391 26
908 5 0 3 5 4 1 5 0 2 381 21
909 0 4 3 5 4 1 0 3 5 587 31
910 2 0 2 4 2 5 4 1 334 44
911 5 4 3 4 0 5 1 3 214 79
912 0 3 7 3 3 4 0 121 22
913 2 0 1 6 3 5 0 1 4 2 975 22
914 2 0 4 5 2 4 5 3 1 226 12
915 2 0 4 6 3 4 0 5 2 1 888 84
916 5 0 1 3 4 2 1 413 97
917 2 0 2 6 5 4 1 3 2 0 487 33
918 2 4 3 3 3 2 4 801 55
919 0 4 2 3 1 4 2 468 50
920 0 4 3 4 4 0 5 2 238 35
921 2 0 2 4 1 0 3 5 362 57
922 5 3 2 3 4 2 1 157 92
923 0 3 4 6 2 4 0 5 3 1 232 59
924 0 3 4 4 0 1 3 4 604 48
925 0 3 2 4 0 1 5 4 355 85
926 5 0 1 4 4 2 0 1 504 79
927 0 4 1 5 4 1 0 3 5 587 31
928 0 3 3 6 1 4 3 0 2 5 97 68
929 5 0 2 3 4 5 3 354 73
930 0 4 2 3 0 1 4 835 48
931 0 3 8 4 2 5 4 3 378 85
932 5 0 4 4 4 2 0 1 504 79
28
933 5 0 3 6 5 0 2 1 3 4 227 53
934 0 4 1 3 0 1 4 835 48
935 5 0 2 3 5 2 4 391 26
936 0 3 1 3 3 4 0 121 22
937 0 3 2 6 2 4 0 5 3 1 232 59
938 5 0 4 5 1 5 0 3 4 176 75
939 5 4 1 6 5 3 0 2 1 4 358 61
940 2 0 1 3 0 4 3 751 62
941 5 3 3 3 5 3 1 281 56
942 0 3 4 6 1 4 3 0 2 5 97 68
943 5 4 1 4 2 1 3 4 141 14
944 0 4 5 4 3 2 4 5 331 18
945 0 4 2 3 1 4 2 468 50
946 2 4 1 3 5 0 4 539 49
947 5 3 5 5 4 0 5 1 3 297 12
948 2 4 2 5 0 3 2 1 4 107 61
949 5 3 3 3 1 0 4 443 10
950 2 0 3 5 2 4 5 3 1 226 12
951 2 3 2 3 3 5 0 259 32
952 2 4 2 4 4 3 5 2 117 36
953 5 4 2 4 0 5 1 3 214 79
954 5 3 2 5 5 0 4 1 3 110 30
955 0 4 3 6 4 5 1 0 2 3 397 32
956 5 0 2 4 1 4 2 0 307 47
957 2 4 4 5 5 1 3 0 2 823 89
958 2 4 3 3 1 5 3 618 14
959 2 3 2 5 1 4 5 0 2 240 15
960 5 4 3 5 2 3 4 1 5 181 77
54
961 2 0 1 6 3 5 0 1 4 2 399 84
962 0 3 1 6 0 4 2 3 5 1 368 77
963 5 4 2 6 2 4 1 5 0 3 604 56
964 5 0 1 5 3 5 4 1 2 277 62
965 2 4 6 3 5 0 4 539 49
966 5 0 1 5 4 0 3 2 1 331 14
967 5 0 1 5 4 0 1 3 2 182 51
968 5 0 1 4 1 4 2 0 307 47
969 5 3 3 5 4 0 5 1 3 297 12
970 2 4 1 4 4 3 5 2 117 36
971 5 4 3 3 1 4 5 231 15
972 2 3 1 5 1 0 3 5 2 474 39
973 0 4 2 6 4 5 3 2 1 0 341 20
974 2 4 1 5 5 1 3 0 2 823 89
975 2 0 2 3 2 4 3 833 56
976 2 0 1 5 2 4 5 3 1 226 12
977 5 0 5 3 5 2 4 391 26
978 2 4 1 3 3 1 0 399 47
979 5 4 2 5 4 0 1 2 5 194 64
980 2 0 1 3 4 1 2 648 69
981 0 4 1 6 5 0 1 3 4 2 112 35
982 0 4 3 6 5 3 1 4 2 0 446 42
983 2 4 2 6 2 3 4 5 1 0 503 48
984 5 4 1 5 0 1 3 4 5 369 20
985 5 3 2 6 3 0 1 5 2 4 549 48
986 0 4 3 5 2 3 1 5 4 112 55
987 2 4 5 3 1 5 3 618 14
988 5 4 3 3 5 2 0 190 65
989 2 3 2 3 1 5 3 200 88
990 5 4 2 4 1 0 3 4 331 64
991 2 4 2 5 5 1 3 0 2 823 89
992 0 4 1 6 4 1 2 5 0 3 504 38
993 2 3 7 5 3 4 0 5 2 393 12
994 2 0 1 3 2 4 3 833 56
995 0 3 2 6 0 4 2 3 5 1 368 77
996 0 3 6 4 2 1 5 0 352 86
997 2 4 6 3 5 0 4 505 79
998 5 0 3 4 5 2 0 3 235 56
999 5 0 2 4 1 4 2 0 307 47
1000 5 0 4 4 4 2 0 1 504 79
1001 5 4 5 3 5 2 0 190 65
1002 5 4 4 3 4 5 3 452 38
1003 5 4 2 6 2 3 4 5 1 0 246 16
1004 0 3 1 3 0 1 3 265 63
1005 2 0 3 4 0 2 3 4 609 56
1006 5 3 1 3 5 3 1 281 56
1007 5 4 5 3 4 5 3 452 38
1008 5 0 2 6 5 0 2 1 3 4 227 53
1009 5 3 2 4 1 3 5 2 239 64
1010 5 0 2 3 0 3 4 190 79
1011 5 4 3 3 1 4 5 231 15
1012 0 4 3 3 1 4 2 468 50
1013 5 0 2 5 4 0 1 3 2 182 51
1014 5 3 2 4 2 1 5 4 20 66
0
0
0
0
0
0
0
0
0
0
0
0
0
0

