92
0 1.43 15991.7 3640.95 43.61 3.6 37.98 127.59 207.85 99.2 102.31 63.02 0.01 0.01 0.01 1.69 1969.74 11199.2 28160.6 44055.1 56118.8 63051.4 61156.8 57434.2 45652.5 30887.2 
1 1.22 0 0 0 0 0 0 0 0 0 0 0 0 0 0 0 0 0 0 0 0 0 0 0 0 
2 1.44 0 0 0 0 0 0 0 0 0 0 0 0 0 0 0 0 0 0 0 0 0 0 0 0 
3 1.09 9053.98 705.34 0 0 0 0 0 0 0 0 0 0 188.07 1551.66 10729.7 33021.8 55492.7 72539.5 83864.7 86058.9 82376.5 70535.6 51932.3 28545.2 
4 1.22 0 0 0 0 0 0 0 0 0 0 0 0 0 0 0 0 0 0 0 0 0 0 0 0 
5 1.06 0 0 0 0 0 0 0 0 0 0 0 0 0 0 0 0 0 0 0 0 0 0 0 0 
6 0.83 0 0 0 0 0 0 0 0 0 0 0 0 0 0 0 0 0 0 0 0 0 0 0 0 
7 0.83 0 0 0 0 0 0 0 0 0 0 0 66.6 1600.42 7141.02 24675.8 41434.6 62683.6 69872.1 67422.5 58865.8 44603.1 11091.6 1934.52 108.29 
8 1.36 2745.88 13.55 0.01 0.01 0.02 0.01 0.01 0.01 0.01 0.01 0.01 0.01 144.72 3831.79 17135 36435.7 55151.5 68313.3 76271.2 75400.4 68711.2 55278 34715.7 15176.3 
9 1.28 1476.33 32.01 0.02 0.03 0.03 0.03 0.04 0.04 0.04 0.05 0.04 0.04 12.38 1278.57 9609.25 26507.8 43382.9 57205.1 66213.7 65544.8 60572.6 48842.9 32558.4 12826 
10 1.27 0 0 0 0 0 0 0 0 0 0 0 0 0 0 0 0 0 0 0 0 0 0 0 0 
11 1.44 0 0 0 0 0 0 0 0 0 0 0 454.85 6959.3 24036.1 46729.7 66007 78191.3 81720.1 79382.4 67623.2 52609 32978.5 11311.9 696.11 
12 1.27 4530.19 418.22 0.02 0.02 0.02 0.02 0.03 0.03 0.03 0.02 0.02 0.02 0.03 191.69 2955.05 9435.54 21863.5 34104.4 45476.9 49437.2 48984.5 43034.7 29914.7 14423.2 
13 0.95 0 0 0 0 0 0 0 0 0 0 0 0 0 0 0 0 0 0 0 0 0 0 0 0 
14 0.87 0 0 0 0 0 0 0 0 0 0 0 0 0 0 0 0 0 0 0 0 0 0 0 0 
15 0.84 0 0 0 0 0 0 0 0 0 0 0 0 0 0 0 0 0 0 0 0 0 0 0 0 
16 1.26 0 0 0 0 0 0 0 0 0 0 0 0 0 0 0 0 0 0 0 0 0 0 0 0 
17 1.01 0.01 0.01 0.01 0 0 0 0 0 0 0 0 731.93 9544.89 30893.3 53105 72000.2 84913.1 90646.6 86245.2 75217.9 58291.2 34374.4 11138.4 771.83 
18 1.15 0 0 0 0 0 0 0 0 0 0 0 0 0 0 0 0 0 0 0 0 0 0 0 0 
19 0.86 4403.39 3799.83 4219.39 7252.3 11584.3 16468.6 20297 22521.8 23356.4 21614.4 18329 12874.2 7181.44 2586.39 682.21 365.28 354.15 329.55 378.51 648.95 1544.96 2875.62 4451.5 4724.53 
20 1.48 3120.7 53.43 0.01 0.01 0.01 0.01 0.01 0.01 0.01 0.01 0.01 0.01 1.8 2053.95 14049 36302 59792.9 75952.1 80588.7 79107.4 73093.7 57404.1 39388.3 18429.4 
21 1.3 0 0 0 6.23 1035.72 3832.02 6965.79 10447.6 11599 10961.9 11347.8 16672.4 21668.5 27717.4 36233.3 40655.9 43903.7 40639.7 33869.4 21909.8 8117.45 870.41 0.72 0 
22 1.43 0 0 0 0 0 0 0 0 0 0 0 0 0 0 0 0 0 0 0 0 0 0 0 0 
23 1.02 13982.7 2898.51 5.18 0.02 0.02 0.02 0.03 0.03 0.02 0.03 0.03 0.03 0.03 15.72 1830.92 9648.77 27284.3 45068.4 54863.1 63882.4 64186.3 57337.1 47108.2 31448.8 
24 1.03 0 0 0 0 0 0 0 0 0 0 0 0 0 0 0 0 0 0 0 0 0 0 0 0 
25 1.5 16206.7 10467.6 5155.36 1404.44 52.47 0 0 0 0 0 0 0 0 0 0 39.65 723.3 4214.75 9286.61 14313.7 18956.1 22706 23648.6 21527.5 
26 1.33 0.01 0.01 0.01 0.01 0.01 0.01 0.01 0.01 0.01 0.01 0.01 256.72 3648.27 13757 28024.2 37529.1 45533.2 49039.4 46519.9 39553 29236.6 17025.8 5697.55 385.86 
27 1.42 0 0 0 0 0 0 0 0 0 0 0 0 0 0 0 0 0 0 0 0 0 0 0 0 
28 1.49 0 0 0 0 0 0 0 0 0 0 0 0 0 0 0 0 0 0 0 0 0 0 0 0 
29 0.94 0 0 0 0 0 0 0 0 0 0 0 0 0 0 0 0 0 0 0 0 0 0 0 0 
30 1.4 10.48 0.06 0.06 0.06 0.06 510.25 3505.4 7611.99 11256.4 13182.5 13850.9 12200.4 11108 12419.1 17009 26006.2 36218 41949.3 43117.9 39802.5 33310.7 22971.3 10923.9 1754.52 
31 1.21 3745.79 11.4 0.01 0.01 0.01 0.01 0.01 0.01 0.01 0.01 0.01 0.01 73.81 3036.02 15798.3 35737.4 54514.1 67874.1 75172.6 77224.1 70491.7 57828.3 38446.3 18416.1 
32 1.03 18551.4 2705.62 0.36 0 0 0 0 0.01 0.01 0.01 0.01 0.01 0.01 45.05 3979.49 19194 40009.9 59176.6 73435.9 81513.1 81672.5 74978 60443.2 41219.5 
33 1.05 0 0 0 0 0 0 0 0 0 0 0 0 0 0 0 0 0 0 0 0 0 0 0 0 
34 1.14 83.5 0 0 0 0 0 0 0 0 0 0 0 464.08 5143.98 16842.5 25081.6 42626.7 50983.6 53879.8 52397 42476.2 28690.7 13649.7 3501.27 
35 1.17 83.86 0.01 0 0 0.01 0.01 0.01 0.01 0.01 0 0.01 1.32 1029.49 8437.89 23429.5 38963.2 51812.1 61055.9 65321.3 58445.8 49337.2 35432.7 18874.4 4617.38 
36 1.07 134.53 0 0 0 0 0 0 0 0 0 0 0 95.24 2206.2 12004.4 27647.6 42729.1 52776.7 55782.8 54048.4 45747.7 32590.4 19248.4 4820.66 
37 1.43 0 0 0 0 0 0 0 0 0 0 0 0 0 0 0 0 0 0 0 0 0 0 0 0 
38 0.97 0 0 0 0 0 0 0 0 0 0 0 0 0 0 0 0 0 0 0 0 0 0 0 0 
39 1.04 0 0 0 0 0 0 0 0 0 0 0 0 0 0 0 0 0 0 0 0 0 0 0 0 
40 1.15 0 0 0 0 0 0 0 0 0 0 0 0 0 0 0 0 0 0 0 0 0 0 0 0 
41 1.43 0 0 0 0 0 0 0 0 0 0 0 0 0 0 0 0 0 0 0 0 0 0 0 0 
42 0.85 5122.3 312.78 0 0 0 0 0 0 0 0 0 0 0 460.84 5216.81 17749.7 33951.6 47478.6 56059.6 59464.5 56786.4 47309.2 34262.8 18433.3 
43 0.98 0 0 0 0 0 0 0 0 0 0 0 0 0 0 0 0 0 0 0 0 0 0 0 0 
44 1.42 28057.6 9968.68 1656.48 233.15 0 0 0 0 0 0 0 0 0 0 603.57 10215.6 29207.9 49078.5 63494.3 77814.6 84357.6 79614.6 67088.7 46765.9 
45 0.81 0 0 0 0 0 0 0 0 0 0 0 0 0 0 0 0 0 0 0 0 0 0 0 0 
46 0.93 0 0 0 0 0 0 0 0 0 0 0 0 0 0 0 0 0 0 0 0 0 0 0 0 
47 0.9 0 0 0 0 0 0 0 0 0 0 0 0 0 0 0 0 0 0 0 0 0 0 0 0 
48 1.31 0 0 0 0 0 0 0 0 0 0 0 0 0 0 0 0 0 0 0 0 0 0 0 0 
49 1.4 0 0 0 0 0 0 0 0 0 0 0 0 0 0 0 0 0 0 0 0 0 0 0 0 
50 1.5 0 0 0 0 0 0 0 0 0 0 0 0 0 0 0 0 0 0 0 0 0 0 0 0 
51 0.95 0 0 0 0 0 0 0 0 0 0 0 0 0 0 0 0 0 0 0 0 0 0 0 0 
52 1.43 0 0 0 0 0 0 0 0 0 0 0 0 0 0 0 0 0 0 0 0 0 0 0 0 
53 0.95 0 0 0 0 0 0 0 0 0 0 0 0 0 0 0 0 0 0 0 0 0 0 0 0 
54 0.91 7582.93 2453.33 534.51 10.3 0 0 0 0 0 0 0 0 0 0 3.23 307.63 1524.11 3566.2 7803.23 14708.1 22030.2 18675.5 15437.3 9499.12 
55 1.36 5105.89 163.88 0 0 0 0 0 0.01 0.01 0 0 0 1.32 1355.09 9757.51 25676.6 42302 55277.9 65485.6 66285.3 61019.5 49588.8 33847.3 17698.2 
56 1.13 0 0 0 0 0 0 0 0 0 0 0 0 0 0 0 0 0 0 0 0 0 0 0 0 
57 1.33 0 0 0 0 0 0 0 0 0 0 0 114.64 4430.74 22154.8 43718.6 63675.4 78355.1 84337.4 80424.7 69863.7 54672.9 34452.2 14008.2 1316.63 
58 1.35 0.01 0.01 0.01 0.01 0.01 0.01 0.01 0.01 0.01 0.01 0.01 359.74 3877.31 12782.3 25079.4 38481.2 47488.6 47143.6 41619 33836.9 23322.5 12001.7 3505.6 182.22 
59 1.37 0 0 0 0 0 0 0 0 0 0 0 0 0 0 0 0 0 0 0 0 0 0 0 0 
60 0.91 218.62 0 0 0.01 0.01 0.01 0.01 0.01 0.01 0.01 0.01 247.97 3856.58 12629.4 29334.8 47912.8 65141.9 75331.4 78941.4 75689.3 64105.8 45760.1 24963 6352.92 
61 0.8 87075.2 67941.8 43375.7 17439.5 1306.02 0.05 0.06 0.06 0.06 0.06 0.06 0.06 0.05 0.05 0.05 0.05 1292.72 16828.1 47382.7 76538.5 98502.2 110859 111922 100633 
62 1.1 0 0 0 0 0 0 0 0 0 0 0 0 0 0 0 0 0 0 0 0 0 0 0 0 
63 1.49 3949.67 5.04 0.01 0.01 0.01 0.01 0.01 0.01 0.01 0 0 0.01 74.75 4067.29 19848.5 42403.2 63017.5 80274.3 87712.2 87886 80294.1 65105.5 43689.1 21233.3 
64 0.84 410.89 0.01 0.01 0.01 0.01 0.01 0.01 0.01 0.01 0.01 0.01 0.01 331.71 4400.79 16002.4 32066.6 46165.6 55129.6 58122.7 54473.8 45442.4 32771.3 18338 5607.82 
65 1.41 0 0 0 0 0 0 0 0 0 0 0 0 0 0 0 0 0 0 0 0 0 0 0 0 
66 1.38 6720.8 253 0 0 0 0 0 0.01 0.01 0 0 0 0 497.74 7825.04 25866.5 45921.2 63811.7 73191.4 79211.2 75070.1 62668.2 47547.7 23042.3 
67 1.4 0 0 0 0 0 0 0 0 0 0 0 0 0 0 0 0 0 0 0 0 0 0 0 0 
68 0.81 1725.61 0.01 0.01 0.01 0.01 0.01 2.41621e+06 0.01 0.01 0 0 871.85 5641.35 16924.7 33907.4 51933.2 66150.8 73742.6 76106.8 68875.8 56995.6 41402.1 27080.8 12503 
69 1.2 0 0 0 0 0 0 0 0 0 0 0 0 0 0 0 0 0 0 0 0 0 0 0 0 
70 1.21 0 0 0 0 0 0 0 0 0 0 11.38 1912.48 10372.8 24463.3 38417.2 50430.5 54407.3 55032.3 48911.6 38699.2 20367.8 5205.67 337.46 0 
71 1.31 0 0 0 0 0 0 0 0 0 0 0 0 0 0 0 0 0 0 0 0 0 0 0 0 
72 0.85 136.17 0 0 0 0.37 419.87 3975.21 11765 22736.8 33898.8 39748.2 43891.2 40045 33724 21673 10872.1 3260.86 1102.9 1624.56 2294.13 2120.77 1548.22 1308.92 852.84 
73 1.09 0 0 0 0 0 0 0 0 0 0 0 0 0 0 0 0 0 0 0 0 0 0 0 0 
74 1.43 0 0 0 0 0 0 0 0 0 0 0 0 0 0 0 0 0 0 0 0 0 0 0 0 
75 0.85 37253.8 28417.5 17448 7928.08 2140.94 604.62 552.03 552.04 552.04 552.04 552.03 552.03 552.03 552.03 552.03 553.35 933.57 3632.83 9684.47 19056 29699.5 38655.7 42855.9 43164.7 
76 1.32 0 0 0 0 0 0 0 0 0 0 0 0 0 0 0 0 0 0 0 0 0 0 0 0 
77 1.12 52.59 0 0 0 0 0 0 0 0 0 0 31.39 1849.23 11334.2 26277.9 42458.7 54548.8 62507.7 62206.7 59389.1 47763.9 33139.2 16589.7 2876.8 
78 1.07 12879.5 2067.13 45.65 0 0 0 0 0 0.01 0 0.01 0.01 0.01 28.88 1635.28 8948.92 23918.3 39664.1 50850.4 57963.1 58616.4 52536.7 42163.7 28754.6 
79 0.87 3599.14 916.29 31.63 0 0 0 0 0 0 0 0 0 0 2.52 420.11 2782.52 8278.08 18852.3 28138.1 33270.9 26708.8 20802.8 13561.4 8390.09 
80 1.48 0 0 0 0 0 0 0 0 0 0 0 0 0 0 0 0 0 0 0 0 0 0 0 0 
81 1.36 0 0 0 0 0 0 0 0 0 0 0 0 0 0 0 0 0 0 0 0 0 0 0 0 
82 0.95 0.12 0.01 0 0 0 0 0.01 0 0.01 0.01 72.96 1209.66 4178.82 11674.8 25284.3 37469.4 45757.1 48031.4 47273.8 41745 31110.2 19590 7111.44 633.7 
83 1.04 1735.68 4.93 0.01 0.01 0.01 0.01 0.01 0.01 0.01 0.01 0.01 0.01 40.14 1843.72 8491.45 22871.2 39762.2 54032.5 60782.7 61998.8 56380 44250.2 27304.6 10860.2 
84 0.84 15846.4 3431.46 46.74 0.02 0.02 0.02 0.02 0.02 0.02 0.02 0.02 0.01 0.01 815.79 3648.87 11527.2 26548.6 41398.6 55355.5 60289.1 62030.9 60088 48170.8 32541.2 
85 1.37 0 0 0 0 0 0 0 0 0 0 0 0 0 0 0 0 0 0 0 0 0 0 0 0 
86 1.02 0 0 0 0 0 0 0 0 0 0 0 0 0 0 0 0 0 0 0 0 0 0 0 0 
87 1.13 7774.48 1116.7 4.91 0 0 0 22.52 109.01 119.91 110.21 111.89 21.92 6.35 118.84 1764.77 6845.38 17305.2 29015.1 37688 40522.9 40367.6 34744.9 27956.5 17931.7 
88 0.83 0 0 0 0 0 0 0 0 0 0 0 0 0 0 0 0 0 0 0 0 0 0 0 0 
89 1.24 0 0 0 0 0 0 0 0 0 0 0 0 0 0 0 0 0 0 0 0 0 0 0 0 
90 0.83 0 0 0 0 0 0 0 0 0 0 0 0 0 0 0 0 0 0 0 0 0 0 0 0 
91 1.03 1431.53 1.46 0.02 0.02 0.02 0.02 0.02 0.02 0.02 0.01 0.02 0.02 77.52 1439.43 7673.39 21288.1 36300 48293.2 56907.3 56314.3 49967.4 38949.1 22515.6 8704.44 
828 2498
0 s 0 0.08 0.25
1 s 0 0.08 0.25
2 s 0 0.08 0.25
3 s 0 0.08 0.25
4 s 0 0.08 0.25
5 c 0 0.02415 0.0805 640 0.165
6 c 0 0.02415 0.0805 640 0.165
7 c 0 0.02415 0.0805 640 0.165
8 c 0 0.02415 0.0805 640 0.165
9 s 1 0.08 0.25
10 s 1 0.08 0.25
11 s 1 0.08 0.25
12 s 1 0.08 0.25
13 s 1 0.08 0.25
14 c 1 0.02415 0.0805 640 0.165
15 c 1 0.02415 0.0805 640 0.165
16 c 1 0.02415 0.0805 640 0.165
17 c 1 0.02415 0.0805 640 0.165
18 s 2 0.08 0.25
19 s 2 0.08 0.25
20 s 2 0.08 0.25
21 s 2 0.08 0.25
22 s 2 0.08 0.25
23 c 2 0.02415 0.0805 640 0.165
24 c 2 0.02415 0.0805 640 0.165
25 c 2 0.02415 0.0805 640 0.165
26 c 2 0.02415 0.0805 640 0.165
27 s 3 0.08 0.25
28 s 3 0.08 0.25
29 s 3 0.08 0.25
30 s 3 0.08 0.25
31 s 3 0.08 0.25
32 c 3 0.02415 0.0805 640 0.165
33 c 3 0.02415 0.0805 640 0.165
34 c 3 0.02415 0.0805 640 0.165
35 c 3 0.02415 0.0805 640 0.165
36 s 4 0.08 0.25
37 s 4 0.08 0.25
38 s 4 0.08 0.25
39 s 4 0.08 0.25
40 s 4 0.08 0.25
41 c 4 0.02415 0.0805 640 0.165
42 c 4 0.02415 0.0805 640 0.165
43 c 4 0.02415 0.0805 640 0.165
44 c 4 0.02415 0.0805 640 0.165
45 s 5 0.08 0.25
46 s 5 0.08 0.25
47 s 5 0.08 0.25
48 s 5 0.08 0.25
49 s 5 0.08 0.25
50 c 5 0.02415 0.0805 640 0.165
51 c 5 0.02415 0.0805 640 0.165
52 c 5 0.02415 0.0805 640 0.165
53 c 5 0.02415 0.0805 640 0.165
54 s 6 0.08 0.25
55 s 6 0.08 0.25
56 s 6 0.08 0.25
57 s 6 0.08 0.25
58 s 6 0.08 0.25
59 c 6 0.02415 0.0805 640 0.165
60 c 6 0.02415 0.0805 640 0.165
61 c 6 0.02415 0.0805 640 0.165
62 c 6 0.02415 0.0805 640 0.165
63 s 7 0.08 0.25
64 s 7 0.08 0.25
65 s 7 0.08 0.25
66 s 7 0.08 0.25
67 s 7 0.08 0.25
68 c 7 0.02415 0.0805 640 0.165
69 c 7 0.02415 0.0805 640 0.165
70 c 7 0.02415 0.0805 640 0.165
71 c 7 0.02415 0.0805 640 0.165
72 s 8 0.08 0.25
73 s 8 0.08 0.25
74 s 8 0.08 0.25
75 s 8 0.08 0.25
76 s 8 0.08 0.25
77 c 8 0.02415 0.0805 640 0.165
78 c 8 0.02415 0.0805 640 0.165
79 c 8 0.02415 0.0805 640 0.165
80 c 8 0.02415 0.0805 640 0.165
81 s 9 0.08 0.25
82 s 9 0.08 0.25
83 s 9 0.08 0.25
84 s 9 0.08 0.25
85 s 9 0.08 0.25
86 c 9 0.02415 0.0805 640 0.165
87 c 9 0.02415 0.0805 640 0.165
88 c 9 0.02415 0.0805 640 0.165
89 c 9 0.02415 0.0805 640 0.165
90 s 10 0.08 0.25
91 s 10 0.08 0.25
92 s 10 0.08 0.25
93 s 10 0.08 0.25
94 s 10 0.08 0.25
95 c 10 0.02415 0.0805 640 0.165
96 c 10 0.02415 0.0805 640 0.165
97 c 10 0.02415 0.0805 640 0.165
98 c 10 0.02415 0.0805 640 0.165
99 s 11 0.08 0.25
100 s 11 0.08 0.25
101 s 11 0.08 0.25
102 s 11 0.08 0.25
103 s 11 0.08 0.25
104 c 11 0.02415 0.0805 640 0.165
105 c 11 0.02415 0.0805 640 0.165
106 c 11 0.02415 0.0805 640 0.165
107 c 11 0.02415 0.0805 640 0.165
108 s 12 0.08 0.25
109 s 12 0.08 0.25
110 s 12 0.08 0.25
111 s 12 0.08 0.25
112 s 12 0.08 0.25
113 c 12 0.02415 0.0805 640 0.165
114 c 12 0.02415 0.0805 640 0.165
115 c 12 0.02415 0.0805 640 0.165
116 c 12 0.02415 0.0805 640 0.165
117 s 13 0.08 0.25
118 s 13 0.08 0.25
119 s 13 0.08 0.25
120 s 13 0.08 0.25
121 s 13 0.08 0.25
122 c 13 0.02415 0.0805 640 0.165
123 c 13 0.02415 0.0805 640 0.165
124 c 13 0.02415 0.0805 640 0.165
125 c 13 0.02415 0.0805 640 0.165
126 s 14 0.08 0.25
127 s 14 0.08 0.25
128 s 14 0.08 0.25
129 s 14 0.08 0.25
130 s 14 0.08 0.25
131 c 14 0.02415 0.0805 640 0.165
132 c 14 0.02415 0.0805 640 0.165
133 c 14 0.02415 0.0805 640 0.165
134 c 14 0.02415 0.0805 640 0.165
135 s 15 0.08 0.25
136 s 15 0.08 0.25
137 s 15 0.08 0.25
138 s 15 0.08 0.25
139 s 15 0.08 0.25
140 c 15 0.02415 0.0805 640 0.165
141 c 15 0.02415 0.0805 640 0.165
142 c 15 0.02415 0.0805 640 0.165
143 c 15 0.02415 0.0805 640 0.165
144 s 16 0.08 0.25
145 s 16 0.08 0.25
146 s 16 0.08 0.25
147 s 16 0.08 0.25
148 s 16 0.08 0.25
149 c 16 0.02415 0.0805 640 0.165
150 c 16 0.02415 0.0805 640 0.165
151 c 16 0.02415 0.0805 640 0.165
152 c 16 0.02415 0.0805 640 0.165
153 s 17 0.08 0.25
154 s 17 0.08 0.25
155 s 17 0.08 0.25
156 s 17 0.08 0.25
157 s 17 0.08 0.25
158 c 17 0.02415 0.0805 640 0.165
159 c 17 0.02415 0.0805 640 0.165
160 c 17 0.02415 0.0805 640 0.165
161 c 17 0.02415 0.0805 640 0.165
162 s 18 0.08 0.25
163 s 18 0.08 0.25
164 s 18 0.08 0.25
165 s 18 0.08 0.25
166 s 18 0.08 0.25
167 c 18 0.02415 0.0805 640 0.165
168 c 18 0.02415 0.0805 640 0.165
169 c 18 0.02415 0.0805 640 0.165
170 c 18 0.02415 0.0805 640 0.165
171 s 19 0.08 0.25
172 s 19 0.08 0.25
173 s 19 0.08 0.25
174 s 19 0.08 0.25
175 s 19 0.08 0.25
176 c 19 0.02415 0.0805 640 0.165
177 c 19 0.02415 0.0805 640 0.165
178 c 19 0.02415 0.0805 640 0.165
179 c 19 0.02415 0.0805 640 0.165
180 s 20 0.08 0.25
181 s 20 0.08 0.25
182 s 20 0.08 0.25
183 s 20 0.08 0.25
184 s 20 0.08 0.25
185 c 20 0.02415 0.0805 640 0.165
186 c 20 0.02415 0.0805 640 0.165
187 c 20 0.02415 0.0805 640 0.165
188 c 20 0.02415 0.0805 640 0.165
189 s 21 0.08 0.25
190 s 21 0.08 0.25
191 s 21 0.08 0.25
192 s 21 0.08 0.25
193 s 21 0.08 0.25
194 c 21 0.02415 0.0805 640 0.165
195 c 21 0.02415 0.0805 640 0.165
196 c 21 0.02415 0.0805 640 0.165
197 c 21 0.02415 0.0805 640 0.165
198 s 22 0.08 0.25
199 s 22 0.08 0.25
200 s 22 0.08 0.25
201 s 22 0.08 0.25
202 s 22 0.08 0.25
203 c 22 0.02415 0.0805 640 0.165
204 c 22 0.02415 0.0805 640 0.165
205 c 22 0.02415 0.0805 640 0.165
206 c 22 0.02415 0.0805 640 0.165
207 s 23 0.08 0.25
208 s 23 0.08 0.25
209 s 23 0.08 0.25
210 s 23 0.08 0.25
211 s 23 0.08 0.25
212 c 23 0.02415 0.0805 640 0.165
213 c 23 0.02415 0.0805 640 0.165
214 c 23 0.02415 0.0805 640 0.165
215 c 23 0.02415 0.0805 640 0.165
216 s 24 0.08 0.25
217 s 24 0.08 0.25
218 s 24 0.08 0.25
219 s 24 0.08 0.25
220 s 24 0.08 0.25
221 c 24 0.02415 0.0805 640 0.165
222 c 24 0.02415 0.0805 640 0.165
223 c 24 0.02415 0.0805 640 0.165
224 c 24 0.02415 0.0805 640 0.165
225 s 25 0.08 0.25
226 s 25 0.08 0.25
227 s 25 0.08 0.25
228 s 25 0.08 0.25
229 s 25 0.08 0.25
230 c 25 0.02415 0.0805 640 0.165
231 c 25 0.02415 0.0805 640 0.165
232 c 25 0.02415 0.0805 640 0.165
233 c 25 0.02415 0.0805 640 0.165
234 s 26 0.08 0.25
235 s 26 0.08 0.25
236 s 26 0.08 0.25
237 s 26 0.08 0.25
238 s 26 0.08 0.25
239 c 26 0.02415 0.0805 640 0.165
240 c 26 0.02415 0.0805 640 0.165
241 c 26 0.02415 0.0805 640 0.165
242 c 26 0.02415 0.0805 640 0.165
243 s 27 0.08 0.25
244 s 27 0.08 0.25
245 s 27 0.08 0.25
246 s 27 0.08 0.25
247 s 27 0.08 0.25
248 c 27 0.02415 0.0805 640 0.165
249 c 27 0.02415 0.0805 640 0.165
250 c 27 0.02415 0.0805 640 0.165
251 c 27 0.02415 0.0805 640 0.165
252 s 28 0.08 0.25
253 s 28 0.08 0.25
254 s 28 0.08 0.25
255 s 28 0.08 0.25
256 s 28 0.08 0.25
257 c 28 0.02415 0.0805 640 0.165
258 c 28 0.02415 0.0805 640 0.165
259 c 28 0.02415 0.0805 640 0.165
260 c 28 0.02415 0.0805 640 0.165
261 s 29 0.08 0.25
262 s 29 0.08 0.25
263 s 29 0.08 0.25
264 s 29 0.08 0.25
265 s 29 0.08 0.25
266 c 29 0.02415 0.0805 640 0.165
267 c 29 0.02415 0.0805 640 0.165
268 c 29 0.02415 0.0805 640 0.165
269 c 29 0.02415 0.0805 640 0.165
270 s 30 0.08 0.25
271 s 30 0.08 0.25
272 s 30 0.08 0.25
273 s 30 0.08 0.25
274 s 30 0.08 0.25
275 c 30 0.02415 0.0805 640 0.165
276 c 30 0.02415 0.0805 640 0.165
277 c 30 0.02415 0.0805 640 0.165
278 c 30 0.02415 0.0805 640 0.165
279 s 31 0.08 0.25
280 s 31 0.08 0.25
281 s 31 0.08 0.25
282 s 31 0.08 0.25
283 s 31 0.08 0.25
284 c 31 0.02415 0.0805 640 0.165
285 c 31 0.02415 0.0805 640 0.165
286 c 31 0.02415 0.0805 640 0.165
287 c 31 0.02415 0.0805 640 0.165
288 s 32 0.08 0.25
289 s 32 0.08 0.25
290 s 32 0.08 0.25
291 s 32 0.08 0.25
292 s 32 0.08 0.25
293 c 32 0.02415 0.0805 640 0.165
294 c 32 0.02415 0.0805 640 0.165
295 c 32 0.02415 0.0805 640 0.165
296 c 32 0.02415 0.0805 640 0.165
297 s 33 0.08 0.25
298 s 33 0.08 0.25
299 s 33 0.08 0.25
300 s 33 0.08 0.25
301 s 33 0.08 0.25
302 c 33 0.02415 0.0805 640 0.165
303 c 33 0.02415 0.0805 640 0.165
304 c 33 0.02415 0.0805 640 0.165
305 c 33 0.02415 0.0805 640 0.165
306 s 34 0.08 0.25
307 s 34 0.08 0.25
308 s 34 0.08 0.25
309 s 34 0.08 0.25
310 s 34 0.08 0.25
311 c 34 0.02415 0.0805 640 0.165
312 c 34 0.02415 0.0805 640 0.165
313 c 34 0.02415 0.0805 640 0.165
314 c 34 0.02415 0.0805 640 0.165
315 s 35 0.08 0.25
316 s 35 0.08 0.25
317 s 35 0.08 0.25
318 s 35 0.08 0.25
319 s 35 0.08 0.25
320 c 35 0.02415 0.0805 640 0.165
321 c 35 0.02415 0.0805 640 0.165
322 c 35 0.02415 0.0805 640 0.165
323 c 35 0.02415 0.0805 640 0.165
324 s 36 0.08 0.25
325 s 36 0.08 0.25
326 s 36 0.08 0.25
327 s 36 0.08 0.25
328 s 36 0.08 0.25
329 c 36 0.02415 0.0805 640 0.165
330 c 36 0.02415 0.0805 640 0.165
331 c 36 0.02415 0.0805 640 0.165
332 c 36 0.02415 0.0805 640 0.165
333 s 37 0.08 0.25
334 s 37 0.08 0.25
335 s 37 0.08 0.25
336 s 37 0.08 0.25
337 s 37 0.08 0.25
338 c 37 0.02415 0.0805 640 0.165
339 c 37 0.02415 0.0805 640 0.165
340 c 37 0.02415 0.0805 640 0.165
341 c 37 0.02415 0.0805 640 0.165
342 s 38 0.08 0.25
343 s 38 0.08 0.25
344 s 38 0.08 0.25
345 s 38 0.08 0.25
346 s 38 0.08 0.25
347 c 38 0.02415 0.0805 640 0.165
348 c 38 0.02415 0.0805 640 0.165
349 c 38 0.02415 0.0805 640 0.165
350 c 38 0.02415 0.0805 640 0.165
351 s 39 0.08 0.25
352 s 39 0.08 0.25
353 s 39 0.08 0.25
354 s 39 0.08 0.25
355 s 39 0.08 0.25
356 c 39 0.02415 0.0805 640 0.165
357 c 39 0.02415 0.0805 640 0.165
358 c 39 0.02415 0.0805 640 0.165
359 c 39 0.02415 0.0805 640 0.165
360 s 40 0.08 0.25
361 s 40 0.08 0.25
362 s 40 0.08 0.25
363 s 40 0.08 0.25
364 s 40 0.08 0.25
365 c 40 0.02415 0.0805 640 0.165
366 c 40 0.02415 0.0805 640 0.165
367 c 40 0.02415 0.0805 640 0.165
368 c 40 0.02415 0.0805 640 0.165
369 s 41 0.08 0.25
370 s 41 0.08 0.25
371 s 41 0.08 0.25
372 s 41 0.08 0.25
373 s 41 0.08 0.25
374 c 41 0.02415 0.0805 640 0.165
375 c 41 0.02415 0.0805 640 0.165
376 c 41 0.02415 0.0805 640 0.165
377 c 41 0.02415 0.0805 640 0.165
378 s 42 0.08 0.25
379 s 42 0.08 0.25
380 s 42 0.08 0.25
381 s 42 0.08 0.25
382 s 42 0.08 0.25
383 c 42 0.02415 0.0805 640 0.165
384 c 42 0.02415 0.0805 640 0.165
385 c 42 0.02415 0.0805 640 0.165
386 c 42 0.02415 0.0805 640 0.165
387 s 43 0.08 0.25
388 s 43 0.08 0.25
389 s 43 0.08 0.25
390 s 43 0.08 0.25
391 s 43 0.08 0.25
392 c 43 0.02415 0.0805 640 0.165
393 c 43 0.02415 0.0805 640 0.165
394 c 43 0.02415 0.0805 640 0.165
395 c 43 0.02415 0.0805 640 0.165
396 s 44 0.08 0.25
397 s 44 0.08 0.25
398 s 44 0.08 0.25
399 s 44 0.08 0.25
400 s 44 0.08 0.25
401 c 44 0.02415 0.0805 640 0.165
402 c 44 0.02415 0.0805 640 0.165
403 c 44 0.02415 0.0805 640 0.165
404 c 44 0.02415 0.0805 640 0.165
405 s 45 0.08 0.25
406 s 45 0.08 0.25
407 s 45 0.08 0.25
408 s 45 0.08 0.25
409 s 45 0.08 0.25
410 c 45 0.02415 0.0805 640 0.165
411 c 45 0.02415 0.0805 640 0.165
412 c 45 0.02415 0.0805 640 0.165
413 c 45 0.02415 0.0805 640 0.165
414 s 46 0.08 0.25
415 s 46 0.08 0.25
416 s 46 0.08 0.25
417 s 46 0.08 0.25
418 s 46 0.08 0.25
419 c 46 0.02415 0.0805 640 0.165
420 c 46 0.02415 0.0805 640 0.165
421 c 46 0.02415 0.0805 640 0.165
422 c 46 0.02415 0.0805 640 0.165
423 s 47 0.08 0.25
424 s 47 0.08 0.25
425 s 47 0.08 0.25
426 s 47 0.08 0.25
427 s 47 0.08 0.25
428 c 47 0.02415 0.0805 640 0.165
429 c 47 0.02415 0.0805 640 0.165
430 c 47 0.02415 0.0805 640 0.165
431 c 47 0.02415 0.0805 640 0.165
432 s 48 0.08 0.25
433 s 48 0.08 0.25
434 s 48 0.08 0.25
435 s 48 0.08 0.25
436 s 48 0.08 0.25
437 c 48 0.02415 0.0805 640 0.165
438 c 48 0.02415 0.0805 640 0.165
439 c 48 0.02415 0.0805 640 0.165
440 c 48 0.02415 0.0805 640 0.165
441 s 49 0.08 0.25
442 s 49 0.08 0.25
443 s 49 0.08 0.25
444 s 49 0.08 0.25
445 s 49 0.08 0.25
446 c 49 0.02415 0.0805 640 0.165
447 c 49 0.02415 0.0805 640 0.165
448 c 49 0.02415 0.0805 640 0.165
449 c 49 0.02415 0.0805 640 0.165
450 s 50 0.08 0.25
451 s 50 0.08 0.25
452 s 50 0.08 0.25
453 s 50 0.08 0.25
454 s 50 0.08 0.25
455 c 50 0.02415 0.0805 640 0.165
456 c 50 0.02415 0.0805 640 0.165
457 c 50 0.02415 0.0805 640 0.165
458 c 50 0.02415 0.0805 640 0.165
459 s 51 0.08 0.25
460 s 51 0.08 0.25
461 s 51 0.08 0.25
462 s 51 0.08 0.25
463 s 51 0.08 0.25
464 c 51 0.02415 0.0805 640 0.165
465 c 51 0.02415 0.0805 640 0.165
466 c 51 0.02415 0.0805 640 0.165
467 c 51 0.02415 0.0805 640 0.165
468 s 52 0.08 0.25
469 s 52 0.08 0.25
470 s 52 0.08 0.25
471 s 52 0.08 0.25
472 s 52 0.08 0.25
473 c 52 0.02415 0.0805 640 0.165
474 c 52 0.02415 0.0805 640 0.165
475 c 52 0.02415 0.0805 640 0.165
476 c 52 0.02415 0.0805 640 0.165
477 s 53 0.08 0.25
478 s 53 0.08 0.25
479 s 53 0.08 0.25
480 s 53 0.08 0.25
481 s 53 0.08 0.25
482 c 53 0.02415 0.0805 640 0.165
483 c 53 0.02415 0.0805 640 0.165
484 c 53 0.02415 0.0805 640 0.165
485 c 53 0.02415 0.0805 640 0.165
486 s 54 0.08 0.25
487 s 54 0.08 0.25
488 s 54 0.08 0.25
489 s 54 0.08 0.25
490 s 54 0.08 0.25
491 c 54 0.02415 0.0805 640 0.165
492 c 54 0.02415 0.0805 640 0.165
493 c 54 0.02415 0.0805 640 0.165
494 c 54 0.02415 0.0805 640 0.165
495 s 55 0.08 0.25
496 s 55 0.08 0.25
497 s 55 0.08 0.25
498 s 55 0.08 0.25
499 s 55 0.08 0.25
500 c 55 0.02415 0.0805 640 0.165
501 c 55 0.02415 0.0805 640 0.165
502 c 55 0.02415 0.0805 640 0.165
503 c 55 0.02415 0.0805 640 0.165
504 s 56 0.08 0.25
505 s 56 0.08 0.25
506 s 56 0.08 0.25
507 s 56 0.08 0.25
508 s 56 0.08 0.25
509 c 56 0.02415 0.0805 640 0.165
510 c 56 0.02415 0.0805 640 0.165
511 c 56 0.02415 0.0805 640 0.165
512 c 56 0.02415 0.0805 640 0.165
513 s 57 0.08 0.25
514 s 57 0.08 0.25
515 s 57 0.08 0.25
516 s 57 0.08 0.25
517 s 57 0.08 0.25
518 c 57 0.02415 0.0805 640 0.165
519 c 57 0.02415 0.0805 640 0.165
520 c 57 0.02415 0.0805 640 0.165
521 c 57 0.02415 0.0805 640 0.165
522 s 58 0.08 0.25
523 s 58 0.08 0.25
524 s 58 0.08 0.25
525 s 58 0.08 0.25
526 s 58 0.08 0.25
527 c 58 0.02415 0.0805 640 0.165
528 c 58 0.02415 0.0805 640 0.165
529 c 58 0.02415 0.0805 640 0.165
530 c 58 0.02415 0.0805 640 0.165
531 s 59 0.08 0.25
532 s 59 0.08 0.25
533 s 59 0.08 0.25
534 s 59 0.08 0.25
535 s 59 0.08 0.25
536 c 59 0.02415 0.0805 640 0.165
537 c 59 0.02415 0.0805 640 0.165
538 c 59 0.02415 0.0805 640 0.165
539 c 59 0.02415 0.0805 640 0.165
540 s 60 0.08 0.25
541 s 60 0.08 0.25
542 s 60 0.08 0.25
543 s 60 0.08 0.25
544 s 60 0.08 0.25
545 c 60 0.02415 0.0805 640 0.165
546 c 60 0.02415 0.0805 640 0.165
547 c 60 0.02415 0.0805 640 0.165
548 c 60 0.02415 0.0805 640 0.165
549 s 61 0.08 0.25
550 s 61 0.08 0.25
551 s 61 0.08 0.25
552 s 61 0.08 0.25
553 s 61 0.08 0.25
554 c 61 0.02415 0.0805 640 0.165
555 c 61 0.02415 0.0805 640 0.165
556 c 61 0.02415 0.0805 640 0.165
557 c 61 0.02415 0.0805 640 0.165
558 s 62 0.08 0.25
559 s 62 0.08 0.25
560 s 62 0.08 0.25
561 s 62 0.08 0.25
562 s 62 0.08 0.25
563 c 62 0.02415 0.0805 640 0.165
564 c 62 0.02415 0.0805 640 0.165
565 c 62 0.02415 0.0805 640 0.165
566 c 62 0.02415 0.0805 640 0.165
567 s 63 0.08 0.25
568 s 63 0.08 0.25
569 s 63 0.08 0.25
570 s 63 0.08 0.25
571 s 63 0.08 0.25
572 c 63 0.02415 0.0805 640 0.165
573 c 63 0.02415 0.0805 640 0.165
574 c 63 0.02415 0.0805 640 0.165
575 c 63 0.02415 0.0805 640 0.165
576 s 64 0.08 0.25
577 s 64 0.08 0.25
578 s 64 0.08 0.25
579 s 64 0.08 0.25
580 s 64 0.08 0.25
581 c 64 0.02415 0.0805 640 0.165
582 c 64 0.02415 0.0805 640 0.165
583 c 64 0.02415 0.0805 640 0.165
584 c 64 0.02415 0.0805 640 0.165
585 s 65 0.08 0.25
586 s 65 0.08 0.25
587 s 65 0.08 0.25
588 s 65 0.08 0.25
589 s 65 0.08 0.25
590 c 65 0.02415 0.0805 640 0.165
591 c 65 0.02415 0.0805 640 0.165
592 c 65 0.02415 0.0805 640 0.165
593 c 65 0.02415 0.0805 640 0.165
594 s 66 0.08 0.25
595 s 66 0.08 0.25
596 s 66 0.08 0.25
597 s 66 0.08 0.25
598 s 66 0.08 0.25
599 c 66 0.02415 0.0805 640 0.165
600 c 66 0.02415 0.0805 640 0.165
601 c 66 0.02415 0.0805 640 0.165
602 c 66 0.02415 0.0805 640 0.165
603 s 67 0.08 0.25
604 s 67 0.08 0.25
605 s 67 0.08 0.25
606 s 67 0.08 0.25
607 s 67 0.08 0.25
608 c 67 0.02415 0.0805 640 0.165
609 c 67 0.02415 0.0805 640 0.165
610 c 67 0.02415 0.0805 640 0.165
611 c 67 0.02415 0.0805 640 0.165
612 s 68 0.08 0.25
613 s 68 0.08 0.25
614 s 68 0.08 0.25
615 s 68 0.08 0.25
616 s 68 0.08 0.25
617 c 68 0.02415 0.0805 640 0.165
618 c 68 0.02415 0.0805 640 0.165
619 c 68 0.02415 0.0805 640 0.165
620 c 68 0.02415 0.0805 640 0.165
621 s 69 0.08 0.25
622 s 69 0.08 0.25
623 s 69 0.08 0.25
624 s 69 0.08 0.25
625 s 69 0.08 0.25
626 c 69 0.02415 0.0805 640 0.165
627 c 69 0.02415 0.0805 640 0.165
628 c 69 0.02415 0.0805 640 0.165
629 c 69 0.02415 0.0805 640 0.165
630 s 70 0.08 0.25
631 s 70 0.08 0.25
632 s 70 0.08 0.25
633 s 70 0.08 0.25
634 s 70 0.08 0.25
635 c 70 0.02415 0.0805 640 0.165
636 c 70 0.02415 0.0805 640 0.165
637 c 70 0.02415 0.0805 640 0.165
638 c 70 0.02415 0.0805 640 0.165
639 s 71 0.08 0.25
640 s 71 0.08 0.25
641 s 71 0.08 0.25
642 s 71 0.08 0.25
643 s 71 0.08 0.25
644 c 71 0.02415 0.0805 640 0.165
645 c 71 0.02415 0.0805 640 0.165
646 c 71 0.02415 0.0805 640 0.165
647 c 71 0.02415 0.0805 640 0.165
648 s 72 0.08 0.25
649 s 72 0.08 0.25
650 s 72 0.08 0.25
651 s 72 0.08 0.25
652 s 72 0.08 0.25
653 c 72 0.02415 0.0805 640 0.165
654 c 72 0.02415 0.0805 640 0.165
655 c 72 0.02415 0.0805 640 0.165
656 c 72 0.02415 0.0805 640 0.165
657 s 73 0.08 0.25
658 s 73 0.08 0.25
659 s 73 0.08 0.25
660 s 73 0.08 0.25
661 s 73 0.08 0.25
662 c 73 0.02415 0.0805 640 0.165
663 c 73 0.02415 0.0805 640 0.165
664 c 73 0.02415 0.0805 640 0.165
665 c 73 0.02415 0.0805 640 0.165
666 s 74 0.08 0.25
667 s 74 0.08 0.25
668 s 74 0.08 0.25
669 s 74 0.08 0.25
670 s 74 0.08 0.25
671 c 74 0.02415 0.0805 640 0.165
672 c 74 0.02415 0.0805 640 0.165
673 c 74 0.02415 0.0805 640 0.165
674 c 74 0.02415 0.0805 640 0.165
675 s 75 0.08 0.25
676 s 75 0.08 0.25
677 s 75 0.08 0.25
678 s 75 0.08 0.25
679 s 75 0.08 0.25
680 c 75 0.02415 0.0805 640 0.165
681 c 75 0.02415 0.0805 640 0.165
682 c 75 0.02415 0.0805 640 0.165
683 c 75 0.02415 0.0805 640 0.165
684 s 76 0.08 0.25
685 s 76 0.08 0.25
686 s 76 0.08 0.25
687 s 76 0.08 0.25
688 s 76 0.08 0.25
689 c 76 0.02415 0.0805 640 0.165
690 c 76 0.02415 0.0805 640 0.165
691 c 76 0.02415 0.0805 640 0.165
692 c 76 0.02415 0.0805 640 0.165
693 s 77 0.08 0.25
694 s 77 0.08 0.25
695 s 77 0.08 0.25
696 s 77 0.08 0.25
697 s 77 0.08 0.25
698 c 77 0.02415 0.0805 640 0.165
699 c 77 0.02415 0.0805 640 0.165
700 c 77 0.02415 0.0805 640 0.165
701 c 77 0.02415 0.0805 640 0.165
702 s 78 0.08 0.25
703 s 78 0.08 0.25
704 s 78 0.08 0.25
705 s 78 0.08 0.25
706 s 78 0.08 0.25
707 c 78 0.02415 0.0805 640 0.165
708 c 78 0.02415 0.0805 640 0.165
709 c 78 0.02415 0.0805 640 0.165
710 c 78 0.02415 0.0805 640 0.165
711 s 79 0.08 0.25
712 s 79 0.08 0.25
713 s 79 0.08 0.25
714 s 79 0.08 0.25
715 s 79 0.08 0.25
716 c 79 0.02415 0.0805 640 0.165
717 c 79 0.02415 0.0805 640 0.165
718 c 79 0.02415 0.0805 640 0.165
719 c 79 0.02415 0.0805 640 0.165
720 s 80 0.08 0.25
721 s 80 0.08 0.25
722 s 80 0.08 0.25
723 s 80 0.08 0.25
724 s 80 0.08 0.25
725 c 80 0.02415 0.0805 640 0.165
726 c 80 0.02415 0.0805 640 0.165
727 c 80 0.02415 0.0805 640 0.165
728 c 80 0.02415 0.0805 640 0.165
729 s 81 0.08 0.25
730 s 81 0.08 0.25
731 s 81 0.08 0.25
732 s 81 0.08 0.25
733 s 81 0.08 0.25
734 c 81 0.02415 0.0805 640 0.165
735 c 81 0.02415 0.0805 640 0.165
736 c 81 0.02415 0.0805 640 0.165
737 c 81 0.02415 0.0805 640 0.165
738 s 82 0.08 0.25
739 s 82 0.08 0.25
740 s 82 0.08 0.25
741 s 82 0.08 0.25
742 s 82 0.08 0.25
743 c 82 0.02415 0.0805 640 0.165
744 c 82 0.02415 0.0805 640 0.165
745 c 82 0.02415 0.0805 640 0.165
746 c 82 0.02415 0.0805 640 0.165
747 s 83 0.08 0.25
748 s 83 0.08 0.25
749 s 83 0.08 0.25
750 s 83 0.08 0.25
751 s 83 0.08 0.25
752 c 83 0.02415 0.0805 640 0.165
753 c 83 0.02415 0.0805 640 0.165
754 c 83 0.02415 0.0805 640 0.165
755 c 83 0.02415 0.0805 640 0.165
756 s 84 0.08 0.25
757 s 84 0.08 0.25
758 s 84 0.08 0.25
759 s 84 0.08 0.25
760 s 84 0.08 0.25
761 c 84 0.02415 0.0805 640 0.165
762 c 84 0.02415 0.0805 640 0.165
763 c 84 0.02415 0.0805 640 0.165
764 c 84 0.02415 0.0805 640 0.165
765 s 85 0.08 0.25
766 s 85 0.08 0.25
767 s 85 0.08 0.25
768 s 85 0.08 0.25
769 s 85 0.08 0.25
770 c 85 0.02415 0.0805 640 0.165
771 c 85 0.02415 0.0805 640 0.165
772 c 85 0.02415 0.0805 640 0.165
773 c 85 0.02415 0.0805 640 0.165
774 s 86 0.08 0.25
775 s 86 0.08 0.25
776 s 86 0.08 0.25
777 s 86 0.08 0.25
778 s 86 0.08 0.25
779 c 86 0.02415 0.0805 640 0.165
780 c 86 0.02415 0.0805 640 0.165
781 c 86 0.02415 0.0805 640 0.165
782 c 86 0.02415 0.0805 640 0.165
783 s 87 0.08 0.25
784 s 87 0.08 0.25
785 s 87 0.08 0.25
786 s 87 0.08 0.25
787 s 87 0.08 0.25
788 c 87 0.02415 0.0805 640 0.165
789 c 87 0.02415 0.0805 640 0.165
790 c 87 0.02415 0.0805 640 0.165
791 c 87 0.02415 0.0805 640 0.165
792 s 88 0.08 0.25
793 s 88 0.08 0.25
794 s 88 0.08 0.25
795 s 88 0.08 0.25
796 s 88 0.08 0.25
797 c 88 0.02415 0.0805 640 0.165
798 c 88 0.02415 0.0805 640 0.165
799 c 88 0.02415 0.0805 640 0.165
800 c 88 0.02415 0.0805 640 0.165
801 s 89 0.08 0.25
802 s 89 0.08 0.25
803 s 89 0.08 0.25
804 s 89 0.08 0.25
805 s 89 0.08 0.25
806 c 89 0.02415 0.0805 640 0.165
807 c 89 0.02415 0.0805 640 0.165
808 c 89 0.02415 0.0805 640 0.165
809 c 89 0.02415 0.0805 640 0.165
810 s 90 0.08 0.25
811 s 90 0.08 0.25
812 s 90 0.08 0.25
813 s 90 0.08 0.25
814 s 90 0.08 0.25
815 c 90 0.02415 0.0805 640 0.165
816 c 90 0.02415 0.0805 640 0.165
817 c 90 0.02415 0.0805 640 0.165
818 c 90 0.02415 0.0805 640 0.165
819 s 91 0.08 0.25
820 s 91 0.08 0.25
821 s 91 0.08 0.25
822 s 91 0.08 0.25
823 s 91 0.08 0.25
824 c 91 0.02415 0.0805 640 0.165
825 c 91 0.02415 0.0805 640 0.165
826 c 91 0.02415 0.0805 640 0.165
827 c 91 0.02415 0.0805 640 0.165
0 0 18 b -1 100000 1
1 18 0 b -1 100000 1
2 0 9 b -1 100000 1
3 9 0 b -1 100000 1
4 9 207 b -1 100000 0
5 207 9 b -1 100000 0
6 18 207 b -1 100000 1
7 207 18 b -1 100000 1
8 27 162 b -1 100000 31
9 162 27 b -1 100000 31
10 27 153 b -1 100000 44
11 153 27 b -1 100000 44
12 27 144 b -1 100000 44
13 144 27 b -1 100000 44
14 27 135 b -1 100000 0
15 135 27 b -1 100000 0
16 27 126 b -1 100000 2
17 126 27 b -1 100000 2
18 27 36 b -1 100000 45
19 36 27 b -1 100000 45
20 27 45 b -1 100000 36
21 45 27 b -1 100000 36
22 27 54 b -1 100000 1
23 54 27 b -1 100000 1
24 27 63 b -1 100000 33
25 63 27 b -1 100000 33
26 27 72 b -1 100000 3
27 72 27 b -1 100000 3
28 27 81 b -1 100000 40
29 81 27 b -1 100000 40
30 27 90 b -1 100000 2
31 90 27 b -1 100000 2
32 27 99 b -1 100000 3
33 99 27 b -1 100000 3
34 27 108 b -1 100000 30
35 108 27 b -1 100000 30
36 27 117 b -1 100000 5
37 117 27 b -1 100000 5
38 36 162 b -1 100000 18
39 162 36 b -1 100000 18
40 36 342 b -1 100000 60
41 342 36 b -1 100000 60
42 36 333 b -1 100000 8
43 333 36 b -1 100000 8
44 36 153 b -1 100000 3
45 153 36 b -1 100000 3
46 36 144 b -1 100000 3
47 144 36 b -1 100000 3
48 36 324 b -1 100000 3
49 324 36 b -1 100000 3
50 36 315 b -1 100000 5
51 315 36 b -1 100000 5
52 36 306 b -1 100000 18
53 306 36 b -1 100000 18
54 36 216 b -1 100000 11
55 216 36 b -1 100000 11
56 36 207 b -1 100000 47
57 207 36 b -1 100000 47
58 36 198 b -1 100000 0
59 198 36 b -1 100000 0
60 36 189 b -1 100000 7
61 189 36 b -1 100000 7
62 36 81 b -1 100000 10
63 81 36 b -1 100000 10
64 36 288 b -1 100000 3
65 288 36 b -1 100000 3
66 36 180 b -1 100000 16
67 180 36 b -1 100000 16
68 36 63 b -1 100000 14
69 63 36 b -1 100000 14
70 36 270 b -1 100000 46
71 270 36 b -1 100000 46
72 36 54 b -1 100000 45
73 54 36 b -1 100000 45
74 36 261 b -1 100000 14
75 261 36 b -1 100000 14
76 36 171 b -1 100000 21
77 171 36 b -1 100000 21
78 36 45 b -1 100000 15
79 45 36 b -1 100000 15
80 36 252 b -1 100000 12
81 252 36 b -1 100000 12
82 36 225 b -1 100000 11
83 225 36 b -1 100000 11
84 36 90 b -1 100000 44
85 90 36 b -1 100000 44
86 36 297 b -1 100000 18
87 297 36 b -1 100000 18
88 36 234 b -1 100000 0
89 234 36 b -1 100000 0
90 36 243 b -1 100000 19
91 243 36 b -1 100000 19
92 36 108 b -1 100000 20
93 108 36 b -1 100000 20
94 36 126 b -1 100000 45
95 126 36 b -1 100000 45
96 36 279 b -1 100000 19
97 279 36 b -1 100000 19
98 45 162 b -1 100000 4
99 162 45 b -1 100000 4
100 45 333 b -1 100000 18
101 333 45 b -1 100000 18
102 45 153 b -1 100000 17
103 153 45 b -1 100000 17
104 45 225 b -1 100000 5
105 225 45 b -1 100000 5
106 45 216 b -1 100000 6
107 216 45 b -1 100000 6
108 45 207 b -1 100000 37
109 207 45 b -1 100000 37
110 45 189 b -1 100000 10
111 189 45 b -1 100000 10
112 45 81 b -1 100000 6
113 81 45 b -1 100000 6
114 45 288 b -1 100000 13
115 288 45 b -1 100000 13
116 45 180 b -1 100000 4
117 180 45 b -1 100000 4
118 45 63 b -1 100000 5
119 63 45 b -1 100000 5
120 45 171 b -1 100000 8
121 171 45 b -1 100000 8
122 45 54 b -1 100000 35
123 54 45 b -1 100000 35
124 45 261 b -1 100000 2
125 261 45 b -1 100000 2
126 45 351 b -1 100000 0
127 351 45 b -1 100000 0
128 45 90 b -1 100000 34
129 90 45 b -1 100000 34
130 45 297 b -1 100000 3
131 297 45 b -1 100000 3
132 45 243 b -1 100000 5
133 243 45 b -1 100000 5
134 45 252 b -1 100000 7
135 252 45 b -1 100000 7
136 45 108 b -1 100000 6
137 108 45 b -1 100000 6
138 45 315 b -1 100000 13
139 315 45 b -1 100000 13
140 45 126 b -1 100000 35
141 126 45 b -1 100000 35
142 45 279 b -1 100000 5
143 279 45 b -1 100000 5
144 45 306 b -1 100000 4
145 306 45 b -1 100000 4
146 45 324 b -1 100000 17
147 324 45 b -1 100000 17
148 54 513 b -1 100000 2
149 513 54 b -1 100000 2
150 54 153 b -1 100000 44
151 153 54 b -1 100000 44
152 54 144 b -1 100000 44
153 144 54 b -1 100000 44
154 54 90 b -1 100000 2
155 90 54 b -1 100000 2
156 54 504 b -1 100000 6
157 504 54 b -1 100000 6
158 54 108 b -1 100000 29
159 108 54 b -1 100000 29
160 54 207 b -1 100000 2
161 207 54 b -1 100000 2
162 54 81 b -1 100000 40
163 81 54 b -1 100000 40
164 54 162 b -1 100000 31
165 162 54 b -1 100000 31
166 54 63 b -1 100000 33
167 63 54 b -1 100000 33
168 63 162 b -1 100000 5
169 162 63 b -1 100000 5
170 63 558 b -1 100000 4
171 558 63 b -1 100000 4
172 63 333 b -1 100000 14
173 333 63 b -1 100000 14
174 63 153 b -1 100000 15
175 153 63 b -1 100000 15
176 63 144 b -1 100000 15
177 144 63 b -1 100000 15
178 63 324 b -1 100000 15
179 324 63 b -1 100000 15
180 63 243 b -1 100000 10
181 243 63 b -1 100000 10
182 63 216 b -1 100000 8
183 216 63 b -1 100000 8
184 63 207 b -1 100000 35
185 207 63 b -1 100000 35
186 63 225 b -1 100000 3
187 225 63 b -1 100000 3
188 63 522 b -1 100000 0
189 522 63 b -1 100000 0
190 63 315 b -1 100000 10
191 315 63 b -1 100000 10
192 63 90 b -1 100000 32
193 90 63 b -1 100000 32
194 63 297 b -1 100000 5
195 297 63 b -1 100000 5
196 63 189 b -1 100000 7
197 189 63 b -1 100000 7
198 63 81 b -1 100000 6
199 81 63 b -1 100000 6
200 63 288 b -1 100000 12
201 288 63 b -1 100000 12
202 63 180 b -1 100000 2
203 180 63 b -1 100000 2
204 63 171 b -1 100000 7
205 171 63 b -1 100000 7
206 63 252 b -1 100000 3
207 252 63 b -1 100000 3
208 63 261 b -1 100000 3
209 261 63 b -1 100000 3
210 63 108 b -1 100000 6
211 108 63 b -1 100000 6
212 63 531 b -1 100000 0
213 531 63 b -1 100000 0
214 63 540 b -1 100000 5
215 540 63 b -1 100000 5
216 63 279 b -1 100000 5
217 279 63 b -1 100000 5
218 63 306 b -1 100000 5
219 306 63 b -1 100000 5
220 63 126 b -1 100000 33
221 126 63 b -1 100000 33
222 63 549 b -1 100000 1
223 549 63 b -1 100000 1
224 72 504 b -1 100000 3
225 504 72 b -1 100000 3
226 81 162 b -1 100000 9
227 162 81 b -1 100000 9
228 81 333 b -1 100000 14
229 333 81 b -1 100000 14
230 81 243 b -1 100000 9
231 243 81 b -1 100000 9
232 81 225 b -1 100000 4
233 225 81 b -1 100000 4
234 81 216 b -1 100000 2
235 216 81 b -1 100000 2
236 81 207 b -1 100000 41
237 207 81 b -1 100000 41
238 81 90 b -1 100000 38
239 90 81 b -1 100000 38
240 81 297 b -1 100000 8
241 297 81 b -1 100000 8
242 81 189 b -1 100000 5
243 189 81 b -1 100000 5
244 81 180 b -1 100000 8
245 180 81 b -1 100000 8
246 81 360 b -1 100000 1
247 360 81 b -1 100000 1
248 81 153 b -1 100000 12
249 153 81 b -1 100000 12
250 81 171 b -1 100000 12
251 171 81 b -1 100000 12
252 81 252 b -1 100000 7
253 252 81 b -1 100000 7
254 81 261 b -1 100000 5
255 261 81 b -1 100000 5
256 81 108 b -1 100000 11
257 108 81 b -1 100000 11
258 81 315 b -1 100000 8
259 315 81 b -1 100000 8
260 81 126 b -1 100000 40
261 126 81 b -1 100000 40
262 81 279 b -1 100000 10
263 279 81 b -1 100000 10
264 81 288 b -1 100000 7
265 288 81 b -1 100000 7
266 81 306 b -1 100000 9
267 306 81 b -1 100000 9
268 81 324 b -1 100000 12
269 324 81 b -1 100000 12
270 81 567 b -1 100000 0
271 567 81 b -1 100000 0
272 81 144 b -1 100000 12
273 144 81 b -1 100000 12
274 90 162 b -1 100000 29
275 162 90 b -1 100000 29
276 90 738 b -1 100000 0
277 738 90 b -1 100000 0
278 90 144 b -1 100000 43
279 144 90 b -1 100000 43
280 90 126 b -1 100000 2
281 126 90 b -1 100000 2
282 90 729 b -1 100000 1
283 729 90 b -1 100000 1
284 90 108 b -1 100000 28
285 108 90 b -1 100000 28
286 90 207 b -1 100000 3
287 207 90 b -1 100000 3
288 90 603 b -1 100000 2
289 603 90 b -1 100000 2
290 90 153 b -1 100000 43
291 153 90 b -1 100000 43
292 90 450 b -1 100000 1
293 450 90 b -1 100000 1
294 99 657 b -1 100000 2
295 657 99 b -1 100000 2
296 99 648 b -1 100000 1
297 648 99 b -1 100000 1
298 99 765 b -1 100000 1
299 765 99 b -1 100000 1
300 99 639 b -1 100000 1
301 639 99 b -1 100000 1
302 99 477 b -1 100000 2
303 477 99 b -1 100000 2
304 99 405 b -1 100000 2
305 405 99 b -1 100000 2
306 99 207 b -1 100000 2
307 207 99 b -1 100000 2
308 99 585 b -1 100000 2
309 585 99 b -1 100000 2
310 99 495 b -1 100000 3
311 495 99 b -1 100000 3
312 99 396 b -1 100000 2
313 396 99 b -1 100000 2
314 108 774 b -1 100000 0
315 774 108 b -1 100000 0
316 108 162 b -1 100000 2
317 162 108 b -1 100000 2
318 108 558 b -1 100000 3
319 558 108 b -1 100000 3
320 108 252 b -1 100000 8
321 252 108 b -1 100000 8
322 108 243 b -1 100000 9
323 243 108 b -1 100000 9
324 108 225 b -1 100000 9
325 225 108 b -1 100000 9
326 108 306 b -1 100000 2
327 306 108 b -1 100000 2
328 108 216 b -1 100000 11
329 216 108 b -1 100000 11
330 108 207 b -1 100000 31
331 207 108 b -1 100000 31
332 108 189 b -1 100000 13
333 189 108 b -1 100000 13
334 108 180 b -1 100000 3
335 180 108 b -1 100000 3
336 108 171 b -1 100000 2
337 171 108 b -1 100000 2
338 108 684 b -1 100000 1
339 684 108 b -1 100000 1
340 108 261 b -1 100000 6
341 261 108 b -1 100000 6
342 108 126 b -1 100000 29
343 126 108 b -1 100000 29
344 108 540 b -1 100000 1
345 540 108 b -1 100000 1
346 108 333 b -1 100000 19
347 333 108 b -1 100000 19
348 108 279 b -1 100000 1
349 279 108 b -1 100000 1
350 108 288 b -1 100000 17
351 288 108 b -1 100000 17
352 108 720 b -1 100000 0
353 720 108 b -1 100000 0
354 108 297 b -1 100000 3
355 297 108 b -1 100000 3
356 108 315 b -1 100000 16
357 315 108 b -1 100000 16
358 108 324 b -1 100000 21
359 324 108 b -1 100000 21
360 108 144 b -1 100000 20
361 144 108 b -1 100000 20
362 108 153 b -1 100000 21
363 153 108 b -1 100000 21
364 126 162 b -1 100000 31
365 162 126 b -1 100000 31
366 126 153 b -1 100000 45
367 153 126 b -1 100000 45
368 126 378 b -1 100000 5
369 378 126 b -1 100000 5
370 126 612 b -1 100000 2
371 612 126 b -1 100000 2
372 126 207 b -1 100000 2
373 207 126 b -1 100000 2
374 126 369 b -1 100000 4
375 369 126 b -1 100000 4
376 144 162 b -1 100000 19
377 162 144 b -1 100000 19
378 144 153 b -1 100000 0
379 153 144 b -1 100000 0
380 144 324 b -1 100000 0
381 324 144 b -1 100000 0
382 144 234 b -1 100000 2
383 234 144 b -1 100000 2
384 144 207 b -1 100000 46
385 207 144 b -1 100000 46
386 153 342 b -1 100000 60
387 342 153 b -1 100000 60
388 153 333 b -1 100000 6
389 333 153 b -1 100000 6
390 153 324 b -1 100000 0
391 324 153 b -1 100000 0
392 153 315 b -1 100000 5
393 315 153 b -1 100000 5
394 153 306 b -1 100000 19
395 306 153 b -1 100000 19
396 153 297 b -1 100000 19
397 297 153 b -1 100000 19
398 153 288 b -1 100000 5
399 288 153 b -1 100000 5
400 153 279 b -1 100000 20
401 279 153 b -1 100000 20
402 153 162 b -1 100000 19
403 162 153 b -1 100000 19
404 153 783 b -1 100000 0
405 783 153 b -1 100000 0
406 153 171 b -1 100000 22
407 171 153 b -1 100000 22
408 153 801 b -1 100000 0
409 801 153 b -1 100000 0
410 153 180 b -1 100000 17
411 180 153 b -1 100000 17
412 153 810 b -1 100000 42
413 810 153 b -1 100000 42
414 153 189 b -1 100000 8
415 189 153 b -1 100000 8
416 153 207 b -1 100000 46
417 207 153 b -1 100000 46
418 153 216 b -1 100000 13
419 216 153 b -1 100000 13
420 153 225 b -1 100000 12
421 225 153 b -1 100000 12
422 153 234 b -1 100000 2
423 234 153 b -1 100000 2
424 153 243 b -1 100000 21
425 243 153 b -1 100000 21
426 153 252 b -1 100000 13
427 252 153 b -1 100000 13
428 153 261 b -1 100000 16
429 261 153 b -1 100000 16
430 162 324 b -1 100000 20
431 324 162 b -1 100000 20
432 162 315 b -1 100000 15
433 315 162 b -1 100000 15
434 162 306 b -1 100000 0
435 306 162 b -1 100000 0
436 162 333 b -1 100000 19
437 333 162 b -1 100000 19
438 162 540 b -1 100000 0
439 540 162 b -1 100000 0
440 162 171 b -1 100000 3
441 171 162 b -1 100000 3
442 162 189 b -1 100000 12
443 189 162 b -1 100000 12
444 162 288 b -1 100000 16
445 288 162 b -1 100000 16
446 162 207 b -1 100000 33
447 207 162 b -1 100000 33
448 162 216 b -1 100000 10
449 216 162 b -1 100000 10
450 162 243 b -1 100000 7
451 243 162 b -1 100000 7
452 162 252 b -1 100000 8
453 252 162 b -1 100000 8
454 162 261 b -1 100000 5
455 261 162 b -1 100000 5
456 162 279 b -1 100000 1
457 279 162 b -1 100000 1
458 162 711 b -1 100000 2
459 711 162 b -1 100000 2
460 162 297 b -1 100000 2
461 297 162 b -1 100000 2
462 171 333 b -1 100000 20
463 333 171 b -1 100000 20
464 171 324 b -1 100000 22
465 324 171 b -1 100000 22
466 171 315 b -1 100000 17
467 315 171 b -1 100000 17
468 171 306 b -1 100000 3
469 306 171 b -1 100000 3
470 171 180 b -1 100000 4
471 180 171 b -1 100000 4
472 171 279 b -1 100000 2
473 279 171 b -1 100000 2
474 171 189 b -1 100000 14
475 189 171 b -1 100000 14
476 171 288 b -1 100000 18
477 288 171 b -1 100000 18
478 171 216 b -1 100000 13
479 216 171 b -1 100000 13
480 171 225 b -1 100000 10
481 225 171 b -1 100000 10
482 171 243 b -1 100000 10
483 243 171 b -1 100000 10
484 171 459 b -1 100000 0
485 459 171 b -1 100000 0
486 171 252 b -1 100000 9
487 252 171 b -1 100000 9
488 171 261 b -1 100000 8
489 261 171 b -1 100000 8
490 171 297 b -1 100000 5
491 297 171 b -1 100000 5
492 180 333 b -1 100000 16
493 333 180 b -1 100000 16
494 180 324 b -1 100000 17
495 324 180 b -1 100000 17
496 180 306 b -1 100000 2
497 306 180 b -1 100000 2
498 180 189 b -1 100000 10
499 189 180 b -1 100000 10
500 189 333 b -1 100000 8
501 333 189 b -1 100000 8
502 189 306 b -1 100000 12
503 306 189 b -1 100000 12
504 189 297 b -1 100000 12
505 297 189 b -1 100000 12
506 189 288 b -1 100000 5
507 288 189 b -1 100000 5
508 189 279 b -1 100000 13
509 279 189 b -1 100000 13
510 189 261 b -1 100000 8
511 261 189 b -1 100000 8
512 189 252 b -1 100000 6
513 252 189 b -1 100000 6
514 189 243 b -1 100000 14
515 243 189 b -1 100000 14
516 189 225 b -1 100000 4
517 225 189 b -1 100000 4
518 189 216 b -1 100000 7
519 216 189 b -1 100000 7
520 207 513 b -1 100000 1
521 513 207 b -1 100000 1
522 207 657 b -1 100000 3
523 657 207 b -1 100000 3
524 207 648 b -1 100000 1
525 648 207 b -1 100000 1
526 207 387 b -1 100000 2
527 387 207 b -1 100000 2
528 207 396 b -1 100000 2
529 396 207 b -1 100000 2
530 207 495 b -1 100000 2
531 495 207 b -1 100000 2
532 207 405 b -1 100000 0
533 405 207 b -1 100000 0
534 207 612 b -1 100000 2
535 612 207 b -1 100000 2
536 207 639 b -1 100000 1
537 639 207 b -1 100000 1
538 207 432 b -1 100000 1
539 432 207 b -1 100000 1
540 207 630 b -1 100000 0
541 630 207 b -1 100000 0
542 207 621 b -1 100000 2
543 621 207 b -1 100000 2
544 207 477 b -1 100000 1
545 477 207 b -1 100000 1
546 207 585 b -1 100000 1
547 585 207 b -1 100000 1
548 207 378 b -1 100000 7
549 378 207 b -1 100000 7
550 216 333 b -1 100000 15
551 333 216 b -1 100000 15
552 216 324 b -1 100000 13
553 324 216 b -1 100000 13
554 216 306 b -1 100000 10
555 306 216 b -1 100000 10
556 216 243 b -1 100000 8
557 243 216 b -1 100000 8
558 225 333 b -1 100000 12
559 333 225 b -1 100000 12
560 225 324 b -1 100000 12
561 324 225 b -1 100000 12
562 225 306 b -1 100000 7
563 306 225 b -1 100000 7
564 243 333 b -1 100000 22
565 333 243 b -1 100000 22
566 243 324 b -1 100000 21
567 324 243 b -1 100000 21
568 243 306 b -1 100000 7
569 306 243 b -1 100000 7
570 252 333 b -1 100000 11
571 333 252 b -1 100000 11
572 252 324 b -1 100000 13
573 324 252 b -1 100000 13
574 252 306 b -1 100000 7
575 306 252 b -1 100000 7
576 261 333 b -1 100000 16
577 333 261 b -1 100000 16
578 261 324 b -1 100000 16
579 324 261 b -1 100000 16
580 261 306 b -1 100000 4
581 306 261 b -1 100000 4
582 279 333 b -1 100000 19
583 333 279 b -1 100000 19
584 279 324 b -1 100000 20
585 324 279 b -1 100000 20
586 279 306 b -1 100000 1
587 306 279 b -1 100000 1
588 288 333 b -1 100000 9
589 333 288 b -1 100000 9
590 288 324 b -1 100000 5
591 324 288 b -1 100000 5
592 288 306 b -1 100000 16
593 306 288 b -1 100000 16
594 297 333 b -1 100000 19
595 333 297 b -1 100000 19
596 297 324 b -1 100000 19
597 324 297 b -1 100000 19
598 297 306 b -1 100000 2
599 306 297 b -1 100000 2
600 306 333 b -1 100000 19
601 333 306 b -1 100000 19
602 306 324 b -1 100000 20
603 324 306 b -1 100000 20
604 306 315 b -1 100000 15
605 315 306 b -1 100000 15
606 315 333 b -1 100000 6
607 333 315 b -1 100000 6
608 315 324 b -1 100000 5
609 324 315 b -1 100000 5
610 324 333 b -1 100000 5
611 333 324 b -1 100000 5
612 324 783 b -1 100000 0
613 783 324 b -1 100000 0
614 333 819 b -1 100000 0
615 819 333 b -1 100000 0
616 333 792 b -1 100000 1
617 792 333 b -1 100000 1
618 369 378 b -1 100000 3
619 378 369 b -1 100000 3
620 378 414 b -1 100000 8
621 414 378 b -1 100000 8
622 387 405 b -1 100000 2
623 405 387 b -1 100000 2
624 387 396 b -1 100000 1
625 396 387 b -1 100000 1
626 405 621 b -1 100000 2
627 621 405 b -1 100000 2
628 414 441 b -1 100000 0
629 441 414 b -1 100000 0
630 414 432 b -1 100000 0
631 432 414 b -1 100000 0
632 414 423 b -1 100000 5
633 423 414 b -1 100000 5
634 432 486 b -1 100000 0
635 486 432 b -1 100000 0
636 432 468 b -1 100000 0
637 468 432 b -1 100000 0
638 468 477 b -1 100000 1
639 477 468 b -1 100000 1
640 486 495 b -1 100000 1
641 495 486 b -1 100000 1
642 495 675 b -1 100000 0
643 675 495 b -1 100000 0
644 495 666 b -1 100000 0
645 666 495 b -1 100000 0
646 504 756 b -1 100000 6
647 756 504 b -1 100000 6
648 513 747 b -1 100000 1
649 747 513 b -1 100000 1
650 576 594 b -1 100000 1
651 594 576 b -1 100000 1
652 576 585 b -1 100000 0
653 585 576 b -1 100000 0
654 648 693 b -1 100000 2
655 693 648 b -1 100000 2
656 702 711 b -1 100000 2
657 711 702 b -1 100000 2
658 0 2 i 0 100000 1
659 2 0 i 0 100000 1
660 0 1 i 0 100000 1
661 1 0 i 0 100000 1
662 1 4 i 0 25000 1
663 4 1 i 0 25000 1
664 1 3 i 0 25000 1
665 3 1 i 0 25000 1
666 2 4 i 0 25000 1
667 4 2 i 0 25000 1
668 2 3 i 0 25000 1
669 3 2 i 0 25000 1
670 3 6 i 0 100000 1
671 6 3 i 0 100000 1
672 3 5 i 0 100000 1
673 5 3 i 0 100000 1
674 4 8 i 0 100000 1
675 8 4 i 0 100000 1
676 4 7 i 0 100000 1
677 7 4 i 0 100000 1
678 9 11 i 1 100000 1
679 11 9 i 1 100000 1
680 9 10 i 1 100000 1
681 10 9 i 1 100000 1
682 10 13 i 1 25000 1
683 13 10 i 1 25000 1
684 10 12 i 1 25000 1
685 12 10 i 1 25000 1
686 11 13 i 1 25000 1
687 13 11 i 1 25000 1
688 11 12 i 1 25000 1
689 12 11 i 1 25000 1
690 12 15 i 1 100000 1
691 15 12 i 1 100000 1
692 12 14 i 1 100000 1
693 14 12 i 1 100000 1
694 13 17 i 1 100000 1
695 17 13 i 1 100000 1
696 13 16 i 1 100000 1
697 16 13 i 1 100000 1
698 18 20 i 2 100000 1
699 20 18 i 2 100000 1
700 18 19 i 2 100000 1
701 19 18 i 2 100000 1
702 19 22 i 2 25000 1
703 22 19 i 2 25000 1
704 19 21 i 2 25000 1
705 21 19 i 2 25000 1
706 20 22 i 2 25000 1
707 22 20 i 2 25000 1
708 20 21 i 2 25000 1
709 21 20 i 2 25000 1
710 21 24 i 2 100000 1
711 24 21 i 2 100000 1
712 21 23 i 2 100000 1
713 23 21 i 2 100000 1
714 22 26 i 2 100000 1
715 26 22 i 2 100000 1
716 22 25 i 2 100000 1
717 25 22 i 2 100000 1
718 27 29 i 3 100000 1
719 29 27 i 3 100000 1
720 27 28 i 3 100000 1
721 28 27 i 3 100000 1
722 28 31 i 3 25000 1
723 31 28 i 3 25000 1
724 28 30 i 3 25000 1
725 30 28 i 3 25000 1
726 29 31 i 3 25000 1
727 31 29 i 3 25000 1
728 29 30 i 3 25000 1
729 30 29 i 3 25000 1
730 30 33 i 3 100000 1
731 33 30 i 3 100000 1
732 30 32 i 3 100000 1
733 32 30 i 3 100000 1
734 31 35 i 3 100000 1
735 35 31 i 3 100000 1
736 31 34 i 3 100000 1
737 34 31 i 3 100000 1
738 36 38 i 4 100000 1
739 38 36 i 4 100000 1
740 36 37 i 4 100000 1
741 37 36 i 4 100000 1
742 37 40 i 4 25000 1
743 40 37 i 4 25000 1
744 37 39 i 4 25000 1
745 39 37 i 4 25000 1
746 38 40 i 4 25000 1
747 40 38 i 4 25000 1
748 38 39 i 4 25000 1
749 39 38 i 4 25000 1
750 39 42 i 4 100000 1
751 42 39 i 4 100000 1
752 39 41 i 4 100000 1
753 41 39 i 4 100000 1
754 40 44 i 4 100000 1
755 44 40 i 4 100000 1
756 40 43 i 4 100000 1
757 43 40 i 4 100000 1
758 45 47 i 5 100000 1
759 47 45 i 5 100000 1
760 45 46 i 5 100000 1
761 46 45 i 5 100000 1
762 46 49 i 5 25000 1
763 49 46 i 5 25000 1
764 46 48 i 5 25000 1
765 48 46 i 5 25000 1
766 47 49 i 5 25000 1
767 49 47 i 5 25000 1
768 47 48 i 5 25000 1
769 48 47 i 5 25000 1
770 48 51 i 5 100000 1
771 51 48 i 5 100000 1
772 48 50 i 5 100000 1
773 50 48 i 5 100000 1
774 49 53 i 5 100000 1
775 53 49 i 5 100000 1
776 49 52 i 5 100000 1
777 52 49 i 5 100000 1
778 54 56 i 6 100000 1
779 56 54 i 6 100000 1
780 54 55 i 6 100000 1
781 55 54 i 6 100000 1
782 55 58 i 6 25000 1
783 58 55 i 6 25000 1
784 55 57 i 6 25000 1
785 57 55 i 6 25000 1
786 56 58 i 6 25000 1
787 58 56 i 6 25000 1
788 56 57 i 6 25000 1
789 57 56 i 6 25000 1
790 57 60 i 6 100000 1
791 60 57 i 6 100000 1
792 57 59 i 6 100000 1
793 59 57 i 6 100000 1
794 58 62 i 6 100000 1
795 62 58 i 6 100000 1
796 58 61 i 6 100000 1
797 61 58 i 6 100000 1
798 63 65 i 7 100000 1
799 65 63 i 7 100000 1
800 63 64 i 7 100000 1
801 64 63 i 7 100000 1
802 64 67 i 7 25000 1
803 67 64 i 7 25000 1
804 64 66 i 7 25000 1
805 66 64 i 7 25000 1
806 65 67 i 7 25000 1
807 67 65 i 7 25000 1
808 65 66 i 7 25000 1
809 66 65 i 7 25000 1
810 66 69 i 7 100000 1
811 69 66 i 7 100000 1
812 66 68 i 7 100000 1
813 68 66 i 7 100000 1
814 67 71 i 7 100000 1
815 71 67 i 7 100000 1
816 67 70 i 7 100000 1
817 70 67 i 7 100000 1
818 72 74 i 8 100000 1
819 74 72 i 8 100000 1
820 72 73 i 8 100000 1
821 73 72 i 8 100000 1
822 73 76 i 8 25000 1
823 76 73 i 8 25000 1
824 73 75 i 8 25000 1
825 75 73 i 8 25000 1
826 74 76 i 8 25000 1
827 76 74 i 8 25000 1
828 74 75 i 8 25000 1
829 75 74 i 8 25000 1
830 75 78 i 8 100000 1
831 78 75 i 8 100000 1
832 75 77 i 8 100000 1
833 77 75 i 8 100000 1
834 76 80 i 8 100000 1
835 80 76 i 8 100000 1
836 76 79 i 8 100000 1
837 79 76 i 8 100000 1
838 81 83 i 9 100000 1
839 83 81 i 9 100000 1
840 81 82 i 9 100000 1
841 82 81 i 9 100000 1
842 82 85 i 9 25000 1
843 85 82 i 9 25000 1
844 82 84 i 9 25000 1
845 84 82 i 9 25000 1
846 83 85 i 9 25000 1
847 85 83 i 9 25000 1
848 83 84 i 9 25000 1
849 84 83 i 9 25000 1
850 84 87 i 9 100000 1
851 87 84 i 9 100000 1
852 84 86 i 9 100000 1
853 86 84 i 9 100000 1
854 85 89 i 9 100000 1
855 89 85 i 9 100000 1
856 85 88 i 9 100000 1
857 88 85 i 9 100000 1
858 90 92 i 10 100000 1
859 92 90 i 10 100000 1
860 90 91 i 10 100000 1
861 91 90 i 10 100000 1
862 91 94 i 10 25000 1
863 94 91 i 10 25000 1
864 91 93 i 10 25000 1
865 93 91 i 10 25000 1
866 92 94 i 10 25000 1
867 94 92 i 10 25000 1
868 92 93 i 10 25000 1
869 93 92 i 10 25000 1
870 93 96 i 10 100000 1
871 96 93 i 10 100000 1
872 93 95 i 10 100000 1
873 95 93 i 10 100000 1
874 94 98 i 10 100000 1
875 98 94 i 10 100000 1
876 94 97 i 10 100000 1
877 97 94 i 10 100000 1
878 99 101 i 11 100000 1
879 101 99 i 11 100000 1
880 99 100 i 11 100000 1
881 100 99 i 11 100000 1
882 100 103 i 11 25000 1
883 103 100 i 11 25000 1
884 100 102 i 11 25000 1
885 102 100 i 11 25000 1
886 101 103 i 11 25000 1
887 103 101 i 11 25000 1
888 101 102 i 11 25000 1
889 102 101 i 11 25000 1
890 102 105 i 11 100000 1
891 105 102 i 11 100000 1
892 102 104 i 11 100000 1
893 104 102 i 11 100000 1
894 103 107 i 11 100000 1
895 107 103 i 11 100000 1
896 103 106 i 11 100000 1
897 106 103 i 11 100000 1
898 108 110 i 12 100000 1
899 110 108 i 12 100000 1
900 108 109 i 12 100000 1
901 109 108 i 12 100000 1
902 109 112 i 12 25000 1
903 112 109 i 12 25000 1
904 109 111 i 12 25000 1
905 111 109 i 12 25000 1
906 110 112 i 12 25000 1
907 112 110 i 12 25000 1
908 110 111 i 12 25000 1
909 111 110 i 12 25000 1
910 111 114 i 12 100000 1
911 114 111 i 12 100000 1
912 111 113 i 12 100000 1
913 113 111 i 12 100000 1
914 112 116 i 12 100000 1
915 116 112 i 12 100000 1
916 112 115 i 12 100000 1
917 115 112 i 12 100000 1
918 117 119 i 13 100000 1
919 119 117 i 13 100000 1
920 117 118 i 13 100000 1
921 118 117 i 13 100000 1
922 118 121 i 13 25000 1
923 121 118 i 13 25000 1
924 118 120 i 13 25000 1
925 120 118 i 13 25000 1
926 119 121 i 13 25000 1
927 121 119 i 13 25000 1
928 119 120 i 13 25000 1
929 120 119 i 13 25000 1
930 120 123 i 13 100000 1
931 123 120 i 13 100000 1
932 120 122 i 13 100000 1
933 122 120 i 13 100000 1
934 121 125 i 13 100000 1
935 125 121 i 13 100000 1
936 121 124 i 13 100000 1
937 124 121 i 13 100000 1
938 126 128 i 14 100000 1
939 128 126 i 14 100000 1
940 126 127 i 14 100000 1
941 127 126 i 14 100000 1
942 127 130 i 14 25000 1
943 130 127 i 14 25000 1
944 127 129 i 14 25000 1
945 129 127 i 14 25000 1
946 128 130 i 14 25000 1
947 130 128 i 14 25000 1
948 128 129 i 14 25000 1
949 129 128 i 14 25000 1
950 129 132 i 14 100000 1
951 132 129 i 14 100000 1
952 129 131 i 14 100000 1
953 131 129 i 14 100000 1
954 130 134 i 14 100000 1
955 134 130 i 14 100000 1
956 130 133 i 14 100000 1
957 133 130 i 14 100000 1
958 135 137 i 15 100000 1
959 137 135 i 15 100000 1
960 135 136 i 15 100000 1
961 136 135 i 15 100000 1
962 136 139 i 15 25000 1
963 139 136 i 15 25000 1
964 136 138 i 15 25000 1
965 138 136 i 15 25000 1
966 137 139 i 15 25000 1
967 139 137 i 15 25000 1
968 137 138 i 15 25000 1
969 138 137 i 15 25000 1
970 138 141 i 15 100000 1
971 141 138 i 15 100000 1
972 138 140 i 15 100000 1
973 140 138 i 15 100000 1
974 139 143 i 15 100000 1
975 143 139 i 15 100000 1
976 139 142 i 15 100000 1
977 142 139 i 15 100000 1
978 144 146 i 16 100000 1
979 146 144 i 16 100000 1
980 144 145 i 16 100000 1
981 145 144 i 16 100000 1
982 145 148 i 16 25000 1
983 148 145 i 16 25000 1
984 145 147 i 16 25000 1
985 147 145 i 16 25000 1
986 146 148 i 16 25000 1
987 148 146 i 16 25000 1
988 146 147 i 16 25000 1
989 147 146 i 16 25000 1
990 147 150 i 16 100000 1
991 150 147 i 16 100000 1
992 147 149 i 16 100000 1
993 149 147 i 16 100000 1
994 148 152 i 16 100000 1
995 152 148 i 16 100000 1
996 148 151 i 16 100000 1
997 151 148 i 16 100000 1
998 153 155 i 17 100000 1
999 155 153 i 17 100000 1
1000 153 154 i 17 100000 1
1001 154 153 i 17 100000 1
1002 154 157 i 17 25000 1
1003 157 154 i 17 25000 1
1004 154 156 i 17 25000 1
1005 156 154 i 17 25000 1
1006 155 157 i 17 25000 1
1007 157 155 i 17 25000 1
1008 155 156 i 17 25000 1
1009 156 155 i 17 25000 1
1010 156 159 i 17 100000 1
1011 159 156 i 17 100000 1
1012 156 158 i 17 100000 1
1013 158 156 i 17 100000 1
1014 157 161 i 17 100000 1
1015 161 157 i 17 100000 1
1016 157 160 i 17 100000 1
1017 160 157 i 17 100000 1
1018 162 164 i 18 100000 1
1019 164 162 i 18 100000 1
1020 162 163 i 18 100000 1
1021 163 162 i 18 100000 1
1022 163 166 i 18 25000 1
1023 166 163 i 18 25000 1
1024 163 165 i 18 25000 1
1025 165 163 i 18 25000 1
1026 164 166 i 18 25000 1
1027 166 164 i 18 25000 1
1028 164 165 i 18 25000 1
1029 165 164 i 18 25000 1
1030 165 168 i 18 100000 1
1031 168 165 i 18 100000 1
1032 165 167 i 18 100000 1
1033 167 165 i 18 100000 1
1034 166 170 i 18 100000 1
1035 170 166 i 18 100000 1
1036 166 169 i 18 100000 1
1037 169 166 i 18 100000 1
1038 171 173 i 19 100000 1
1039 173 171 i 19 100000 1
1040 171 172 i 19 100000 1
1041 172 171 i 19 100000 1
1042 172 175 i 19 25000 1
1043 175 172 i 19 25000 1
1044 172 174 i 19 25000 1
1045 174 172 i 19 25000 1
1046 173 175 i 19 25000 1
1047 175 173 i 19 25000 1
1048 173 174 i 19 25000 1
1049 174 173 i 19 25000 1
1050 174 177 i 19 100000 1
1051 177 174 i 19 100000 1
1052 174 176 i 19 100000 1
1053 176 174 i 19 100000 1
1054 175 179 i 19 100000 1
1055 179 175 i 19 100000 1
1056 175 178 i 19 100000 1
1057 178 175 i 19 100000 1
1058 180 182 i 20 100000 1
1059 182 180 i 20 100000 1
1060 180 181 i 20 100000 1
1061 181 180 i 20 100000 1
1062 181 184 i 20 25000 1
1063 184 181 i 20 25000 1
1064 181 183 i 20 25000 1
1065 183 181 i 20 25000 1
1066 182 184 i 20 25000 1
1067 184 182 i 20 25000 1
1068 182 183 i 20 25000 1
1069 183 182 i 20 25000 1
1070 183 186 i 20 100000 1
1071 186 183 i 20 100000 1
1072 183 185 i 20 100000 1
1073 185 183 i 20 100000 1
1074 184 188 i 20 100000 1
1075 188 184 i 20 100000 1
1076 184 187 i 20 100000 1
1077 187 184 i 20 100000 1
1078 189 191 i 21 100000 1
1079 191 189 i 21 100000 1
1080 189 190 i 21 100000 1
1081 190 189 i 21 100000 1
1082 190 193 i 21 25000 1
1083 193 190 i 21 25000 1
1084 190 192 i 21 25000 1
1085 192 190 i 21 25000 1
1086 191 193 i 21 25000 1
1087 193 191 i 21 25000 1
1088 191 192 i 21 25000 1
1089 192 191 i 21 25000 1
1090 192 195 i 21 100000 1
1091 195 192 i 21 100000 1
1092 192 194 i 21 100000 1
1093 194 192 i 21 100000 1
1094 193 197 i 21 100000 1
1095 197 193 i 21 100000 1
1096 193 196 i 21 100000 1
1097 196 193 i 21 100000 1
1098 198 200 i 22 100000 1
1099 200 198 i 22 100000 1
1100 198 199 i 22 100000 1
1101 199 198 i 22 100000 1
1102 199 202 i 22 25000 1
1103 202 199 i 22 25000 1
1104 199 201 i 22 25000 1
1105 201 199 i 22 25000 1
1106 200 202 i 22 25000 1
1107 202 200 i 22 25000 1
1108 200 201 i 22 25000 1
1109 201 200 i 22 25000 1
1110 201 204 i 22 100000 1
1111 204 201 i 22 100000 1
1112 201 203 i 22 100000 1
1113 203 201 i 22 100000 1
1114 202 206 i 22 100000 1
1115 206 202 i 22 100000 1
1116 202 205 i 22 100000 1
1117 205 202 i 22 100000 1
1118 207 209 i 23 100000 1
1119 209 207 i 23 100000 1
1120 207 208 i 23 100000 1
1121 208 207 i 23 100000 1
1122 208 211 i 23 25000 1
1123 211 208 i 23 25000 1
1124 208 210 i 23 25000 1
1125 210 208 i 23 25000 1
1126 209 211 i 23 25000 1
1127 211 209 i 23 25000 1
1128 209 210 i 23 25000 1
1129 210 209 i 23 25000 1
1130 210 213 i 23 100000 1
1131 213 210 i 23 100000 1
1132 210 212 i 23 100000 1
1133 212 210 i 23 100000 1
1134 211 215 i 23 100000 1
1135 215 211 i 23 100000 1
1136 211 214 i 23 100000 1
1137 214 211 i 23 100000 1
1138 216 218 i 24 100000 1
1139 218 216 i 24 100000 1
1140 216 217 i 24 100000 1
1141 217 216 i 24 100000 1
1142 217 220 i 24 25000 1
1143 220 217 i 24 25000 1
1144 217 219 i 24 25000 1
1145 219 217 i 24 25000 1
1146 218 220 i 24 25000 1
1147 220 218 i 24 25000 1
1148 218 219 i 24 25000 1
1149 219 218 i 24 25000 1
1150 219 222 i 24 100000 1
1151 222 219 i 24 100000 1
1152 219 221 i 24 100000 1
1153 221 219 i 24 100000 1
1154 220 224 i 24 100000 1
1155 224 220 i 24 100000 1
1156 220 223 i 24 100000 1
1157 223 220 i 24 100000 1
1158 225 227 i 25 100000 1
1159 227 225 i 25 100000 1
1160 225 226 i 25 100000 1
1161 226 225 i 25 100000 1
1162 226 229 i 25 25000 1
1163 229 226 i 25 25000 1
1164 226 228 i 25 25000 1
1165 228 226 i 25 25000 1
1166 227 229 i 25 25000 1
1167 229 227 i 25 25000 1
1168 227 228 i 25 25000 1
1169 228 227 i 25 25000 1
1170 228 231 i 25 100000 1
1171 231 228 i 25 100000 1
1172 228 230 i 25 100000 1
1173 230 228 i 25 100000 1
1174 229 233 i 25 100000 1
1175 233 229 i 25 100000 1
1176 229 232 i 25 100000 1
1177 232 229 i 25 100000 1
1178 234 236 i 26 100000 1
1179 236 234 i 26 100000 1
1180 234 235 i 26 100000 1
1181 235 234 i 26 100000 1
1182 235 238 i 26 25000 1
1183 238 235 i 26 25000 1
1184 235 237 i 26 25000 1
1185 237 235 i 26 25000 1
1186 236 238 i 26 25000 1
1187 238 236 i 26 25000 1
1188 236 237 i 26 25000 1
1189 237 236 i 26 25000 1
1190 237 240 i 26 100000 1
1191 240 237 i 26 100000 1
1192 237 239 i 26 100000 1
1193 239 237 i 26 100000 1
1194 238 242 i 26 100000 1
1195 242 238 i 26 100000 1
1196 238 241 i 26 100000 1
1197 241 238 i 26 100000 1
1198 243 245 i 27 100000 1
1199 245 243 i 27 100000 1
1200 243 244 i 27 100000 1
1201 244 243 i 27 100000 1
1202 244 247 i 27 25000 1
1203 247 244 i 27 25000 1
1204 244 246 i 27 25000 1
1205 246 244 i 27 25000 1
1206 245 247 i 27 25000 1
1207 247 245 i 27 25000 1
1208 245 246 i 27 25000 1
1209 246 245 i 27 25000 1
1210 246 249 i 27 100000 1
1211 249 246 i 27 100000 1
1212 246 248 i 27 100000 1
1213 248 246 i 27 100000 1
1214 247 251 i 27 100000 1
1215 251 247 i 27 100000 1
1216 247 250 i 27 100000 1
1217 250 247 i 27 100000 1
1218 252 254 i 28 100000 1
1219 254 252 i 28 100000 1
1220 252 253 i 28 100000 1
1221 253 252 i 28 100000 1
1222 253 256 i 28 25000 1
1223 256 253 i 28 25000 1
1224 253 255 i 28 25000 1
1225 255 253 i 28 25000 1
1226 254 256 i 28 25000 1
1227 256 254 i 28 25000 1
1228 254 255 i 28 25000 1
1229 255 254 i 28 25000 1
1230 255 258 i 28 100000 1
1231 258 255 i 28 100000 1
1232 255 257 i 28 100000 1
1233 257 255 i 28 100000 1
1234 256 260 i 28 100000 1
1235 260 256 i 28 100000 1
1236 256 259 i 28 100000 1
1237 259 256 i 28 100000 1
1238 261 263 i 29 100000 1
1239 263 261 i 29 100000 1
1240 261 262 i 29 100000 1
1241 262 261 i 29 100000 1
1242 262 265 i 29 25000 1
1243 265 262 i 29 25000 1
1244 262 264 i 29 25000 1
1245 264 262 i 29 25000 1
1246 263 265 i 29 25000 1
1247 265 263 i 29 25000 1
1248 263 264 i 29 25000 1
1249 264 263 i 29 25000 1
1250 264 267 i 29 100000 1
1251 267 264 i 29 100000 1
1252 264 266 i 29 100000 1
1253 266 264 i 29 100000 1
1254 265 269 i 29 100000 1
1255 269 265 i 29 100000 1
1256 265 268 i 29 100000 1
1257 268 265 i 29 100000 1
1258 270 272 i 30 100000 1
1259 272 270 i 30 100000 1
1260 270 271 i 30 100000 1
1261 271 270 i 30 100000 1
1262 271 274 i 30 25000 1
1263 274 271 i 30 25000 1
1264 271 273 i 30 25000 1
1265 273 271 i 30 25000 1
1266 272 274 i 30 25000 1
1267 274 272 i 30 25000 1
1268 272 273 i 30 25000 1
1269 273 272 i 30 25000 1
1270 273 276 i 30 100000 1
1271 276 273 i 30 100000 1
1272 273 275 i 30 100000 1
1273 275 273 i 30 100000 1
1274 274 278 i 30 100000 1
1275 278 274 i 30 100000 1
1276 274 277 i 30 100000 1
1277 277 274 i 30 100000 1
1278 279 281 i 31 100000 1
1279 281 279 i 31 100000 1
1280 279 280 i 31 100000 1
1281 280 279 i 31 100000 1
1282 280 283 i 31 25000 1
1283 283 280 i 31 25000 1
1284 280 282 i 31 25000 1
1285 282 280 i 31 25000 1
1286 281 283 i 31 25000 1
1287 283 281 i 31 25000 1
1288 281 282 i 31 25000 1
1289 282 281 i 31 25000 1
1290 282 285 i 31 100000 1
1291 285 282 i 31 100000 1
1292 282 284 i 31 100000 1
1293 284 282 i 31 100000 1
1294 283 287 i 31 100000 1
1295 287 283 i 31 100000 1
1296 283 286 i 31 100000 1
1297 286 283 i 31 100000 1
1298 288 290 i 32 100000 1
1299 290 288 i 32 100000 1
1300 288 289 i 32 100000 1
1301 289 288 i 32 100000 1
1302 289 292 i 32 25000 1
1303 292 289 i 32 25000 1
1304 289 291 i 32 25000 1
1305 291 289 i 32 25000 1
1306 290 292 i 32 25000 1
1307 292 290 i 32 25000 1
1308 290 291 i 32 25000 1
1309 291 290 i 32 25000 1
1310 291 294 i 32 100000 1
1311 294 291 i 32 100000 1
1312 291 293 i 32 100000 1
1313 293 291 i 32 100000 1
1314 292 296 i 32 100000 1
1315 296 292 i 32 100000 1
1316 292 295 i 32 100000 1
1317 295 292 i 32 100000 1
1318 297 299 i 33 100000 1
1319 299 297 i 33 100000 1
1320 297 298 i 33 100000 1
1321 298 297 i 33 100000 1
1322 298 301 i 33 25000 1
1323 301 298 i 33 25000 1
1324 298 300 i 33 25000 1
1325 300 298 i 33 25000 1
1326 299 301 i 33 25000 1
1327 301 299 i 33 25000 1
1328 299 300 i 33 25000 1
1329 300 299 i 33 25000 1
1330 300 303 i 33 100000 1
1331 303 300 i 33 100000 1
1332 300 302 i 33 100000 1
1333 302 300 i 33 100000 1
1334 301 305 i 33 100000 1
1335 305 301 i 33 100000 1
1336 301 304 i 33 100000 1
1337 304 301 i 33 100000 1
1338 306 308 i 34 100000 1
1339 308 306 i 34 100000 1
1340 306 307 i 34 100000 1
1341 307 306 i 34 100000 1
1342 307 310 i 34 25000 1
1343 310 307 i 34 25000 1
1344 307 309 i 34 25000 1
1345 309 307 i 34 25000 1
1346 308 310 i 34 25000 1
1347 310 308 i 34 25000 1
1348 308 309 i 34 25000 1
1349 309 308 i 34 25000 1
1350 309 312 i 34 100000 1
1351 312 309 i 34 100000 1
1352 309 311 i 34 100000 1
1353 311 309 i 34 100000 1
1354 310 314 i 34 100000 1
1355 314 310 i 34 100000 1
1356 310 313 i 34 100000 1
1357 313 310 i 34 100000 1
1358 315 317 i 35 100000 1
1359 317 315 i 35 100000 1
1360 315 316 i 35 100000 1
1361 316 315 i 35 100000 1
1362 316 319 i 35 25000 1
1363 319 316 i 35 25000 1
1364 316 318 i 35 25000 1
1365 318 316 i 35 25000 1
1366 317 319 i 35 25000 1
1367 319 317 i 35 25000 1
1368 317 318 i 35 25000 1
1369 318 317 i 35 25000 1
1370 318 321 i 35 100000 1
1371 321 318 i 35 100000 1
1372 318 320 i 35 100000 1
1373 320 318 i 35 100000 1
1374 319 323 i 35 100000 1
1375 323 319 i 35 100000 1
1376 319 322 i 35 100000 1
1377 322 319 i 35 100000 1
1378 324 326 i 36 100000 1
1379 326 324 i 36 100000 1
1380 324 325 i 36 100000 1
1381 325 324 i 36 100000 1
1382 325 328 i 36 25000 1
1383 328 325 i 36 25000 1
1384 325 327 i 36 25000 1
1385 327 325 i 36 25000 1
1386 326 328 i 36 25000 1
1387 328 326 i 36 25000 1
1388 326 327 i 36 25000 1
1389 327 326 i 36 25000 1
1390 327 330 i 36 100000 1
1391 330 327 i 36 100000 1
1392 327 329 i 36 100000 1
1393 329 327 i 36 100000 1
1394 328 332 i 36 100000 1
1395 332 328 i 36 100000 1
1396 328 331 i 36 100000 1
1397 331 328 i 36 100000 1
1398 333 335 i 37 100000 1
1399 335 333 i 37 100000 1
1400 333 334 i 37 100000 1
1401 334 333 i 37 100000 1
1402 334 337 i 37 25000 1
1403 337 334 i 37 25000 1
1404 334 336 i 37 25000 1
1405 336 334 i 37 25000 1
1406 335 337 i 37 25000 1
1407 337 335 i 37 25000 1
1408 335 336 i 37 25000 1
1409 336 335 i 37 25000 1
1410 336 339 i 37 100000 1
1411 339 336 i 37 100000 1
1412 336 338 i 37 100000 1
1413 338 336 i 37 100000 1
1414 337 341 i 37 100000 1
1415 341 337 i 37 100000 1
1416 337 340 i 37 100000 1
1417 340 337 i 37 100000 1
1418 342 344 i 38 100000 1
1419 344 342 i 38 100000 1
1420 342 343 i 38 100000 1
1421 343 342 i 38 100000 1
1422 343 346 i 38 25000 1
1423 346 343 i 38 25000 1
1424 343 345 i 38 25000 1
1425 345 343 i 38 25000 1
1426 344 346 i 38 25000 1
1427 346 344 i 38 25000 1
1428 344 345 i 38 25000 1
1429 345 344 i 38 25000 1
1430 345 348 i 38 100000 1
1431 348 345 i 38 100000 1
1432 345 347 i 38 100000 1
1433 347 345 i 38 100000 1
1434 346 350 i 38 100000 1
1435 350 346 i 38 100000 1
1436 346 349 i 38 100000 1
1437 349 346 i 38 100000 1
1438 351 353 i 39 100000 1
1439 353 351 i 39 100000 1
1440 351 352 i 39 100000 1
1441 352 351 i 39 100000 1
1442 352 355 i 39 25000 1
1443 355 352 i 39 25000 1
1444 352 354 i 39 25000 1
1445 354 352 i 39 25000 1
1446 353 355 i 39 25000 1
1447 355 353 i 39 25000 1
1448 353 354 i 39 25000 1
1449 354 353 i 39 25000 1
1450 354 357 i 39 100000 1
1451 357 354 i 39 100000 1
1452 354 356 i 39 100000 1
1453 356 354 i 39 100000 1
1454 355 359 i 39 100000 1
1455 359 355 i 39 100000 1
1456 355 358 i 39 100000 1
1457 358 355 i 39 100000 1
1458 360 362 i 40 100000 1
1459 362 360 i 40 100000 1
1460 360 361 i 40 100000 1
1461 361 360 i 40 100000 1
1462 361 364 i 40 25000 1
1463 364 361 i 40 25000 1
1464 361 363 i 40 25000 1
1465 363 361 i 40 25000 1
1466 362 364 i 40 25000 1
1467 364 362 i 40 25000 1
1468 362 363 i 40 25000 1
1469 363 362 i 40 25000 1
1470 363 366 i 40 100000 1
1471 366 363 i 40 100000 1
1472 363 365 i 40 100000 1
1473 365 363 i 40 100000 1
1474 364 368 i 40 100000 1
1475 368 364 i 40 100000 1
1476 364 367 i 40 100000 1
1477 367 364 i 40 100000 1
1478 369 371 i 41 100000 1
1479 371 369 i 41 100000 1
1480 369 370 i 41 100000 1
1481 370 369 i 41 100000 1
1482 370 373 i 41 25000 1
1483 373 370 i 41 25000 1
1484 370 372 i 41 25000 1
1485 372 370 i 41 25000 1
1486 371 373 i 41 25000 1
1487 373 371 i 41 25000 1
1488 371 372 i 41 25000 1
1489 372 371 i 41 25000 1
1490 372 375 i 41 100000 1
1491 375 372 i 41 100000 1
1492 372 374 i 41 100000 1
1493 374 372 i 41 100000 1
1494 373 377 i 41 100000 1
1495 377 373 i 41 100000 1
1496 373 376 i 41 100000 1
1497 376 373 i 41 100000 1
1498 378 380 i 42 100000 1
1499 380 378 i 42 100000 1
1500 378 379 i 42 100000 1
1501 379 378 i 42 100000 1
1502 379 382 i 42 25000 1
1503 382 379 i 42 25000 1
1504 379 381 i 42 25000 1
1505 381 379 i 42 25000 1
1506 380 382 i 42 25000 1
1507 382 380 i 42 25000 1
1508 380 381 i 42 25000 1
1509 381 380 i 42 25000 1
1510 381 384 i 42 100000 1
1511 384 381 i 42 100000 1
1512 381 383 i 42 100000 1
1513 383 381 i 42 100000 1
1514 382 386 i 42 100000 1
1515 386 382 i 42 100000 1
1516 382 385 i 42 100000 1
1517 385 382 i 42 100000 1
1518 387 389 i 43 100000 1
1519 389 387 i 43 100000 1
1520 387 388 i 43 100000 1
1521 388 387 i 43 100000 1
1522 388 391 i 43 25000 1
1523 391 388 i 43 25000 1
1524 388 390 i 43 25000 1
1525 390 388 i 43 25000 1
1526 389 391 i 43 25000 1
1527 391 389 i 43 25000 1
1528 389 390 i 43 25000 1
1529 390 389 i 43 25000 1
1530 390 393 i 43 100000 1
1531 393 390 i 43 100000 1
1532 390 392 i 43 100000 1
1533 392 390 i 43 100000 1
1534 391 395 i 43 100000 1
1535 395 391 i 43 100000 1
1536 391 394 i 43 100000 1
1537 394 391 i 43 100000 1
1538 396 398 i 44 100000 1
1539 398 396 i 44 100000 1
1540 396 397 i 44 100000 1
1541 397 396 i 44 100000 1
1542 397 400 i 44 25000 1
1543 400 397 i 44 25000 1
1544 397 399 i 44 25000 1
1545 399 397 i 44 25000 1
1546 398 400 i 44 25000 1
1547 400 398 i 44 25000 1
1548 398 399 i 44 25000 1
1549 399 398 i 44 25000 1
1550 399 402 i 44 100000 1
1551 402 399 i 44 100000 1
1552 399 401 i 44 100000 1
1553 401 399 i 44 100000 1
1554 400 404 i 44 100000 1
1555 404 400 i 44 100000 1
1556 400 403 i 44 100000 1
1557 403 400 i 44 100000 1
1558 405 407 i 45 100000 1
1559 407 405 i 45 100000 1
1560 405 406 i 45 100000 1
1561 406 405 i 45 100000 1
1562 406 409 i 45 25000 1
1563 409 406 i 45 25000 1
1564 406 408 i 45 25000 1
1565 408 406 i 45 25000 1
1566 407 409 i 45 25000 1
1567 409 407 i 45 25000 1
1568 407 408 i 45 25000 1
1569 408 407 i 45 25000 1
1570 408 411 i 45 100000 1
1571 411 408 i 45 100000 1
1572 408 410 i 45 100000 1
1573 410 408 i 45 100000 1
1574 409 413 i 45 100000 1
1575 413 409 i 45 100000 1
1576 409 412 i 45 100000 1
1577 412 409 i 45 100000 1
1578 414 416 i 46 100000 1
1579 416 414 i 46 100000 1
1580 414 415 i 46 100000 1
1581 415 414 i 46 100000 1
1582 415 418 i 46 25000 1
1583 418 415 i 46 25000 1
1584 415 417 i 46 25000 1
1585 417 415 i 46 25000 1
1586 416 418 i 46 25000 1
1587 418 416 i 46 25000 1
1588 416 417 i 46 25000 1
1589 417 416 i 46 25000 1
1590 417 420 i 46 100000 1
1591 420 417 i 46 100000 1
1592 417 419 i 46 100000 1
1593 419 417 i 46 100000 1
1594 418 422 i 46 100000 1
1595 422 418 i 46 100000 1
1596 418 421 i 46 100000 1
1597 421 418 i 46 100000 1
1598 423 425 i 47 100000 1
1599 425 423 i 47 100000 1
1600 423 424 i 47 100000 1
1601 424 423 i 47 100000 1
1602 424 427 i 47 25000 1
1603 427 424 i 47 25000 1
1604 424 426 i 47 25000 1
1605 426 424 i 47 25000 1
1606 425 427 i 47 25000 1
1607 427 425 i 47 25000 1
1608 425 426 i 47 25000 1
1609 426 425 i 47 25000 1
1610 426 429 i 47 100000 1
1611 429 426 i 47 100000 1
1612 426 428 i 47 100000 1
1613 428 426 i 47 100000 1
1614 427 431 i 47 100000 1
1615 431 427 i 47 100000 1
1616 427 430 i 47 100000 1
1617 430 427 i 47 100000 1
1618 432 434 i 48 100000 1
1619 434 432 i 48 100000 1
1620 432 433 i 48 100000 1
1621 433 432 i 48 100000 1
1622 433 436 i 48 25000 1
1623 436 433 i 48 25000 1
1624 433 435 i 48 25000 1
1625 435 433 i 48 25000 1
1626 434 436 i 48 25000 1
1627 436 434 i 48 25000 1
1628 434 435 i 48 25000 1
1629 435 434 i 48 25000 1
1630 435 438 i 48 100000 1
1631 438 435 i 48 100000 1
1632 435 437 i 48 100000 1
1633 437 435 i 48 100000 1
1634 436 440 i 48 100000 1
1635 440 436 i 48 100000 1
1636 436 439 i 48 100000 1
1637 439 436 i 48 100000 1
1638 441 443 i 49 100000 1
1639 443 441 i 49 100000 1
1640 441 442 i 49 100000 1
1641 442 441 i 49 100000 1
1642 442 445 i 49 25000 1
1643 445 442 i 49 25000 1
1644 442 444 i 49 25000 1
1645 444 442 i 49 25000 1
1646 443 445 i 49 25000 1
1647 445 443 i 49 25000 1
1648 443 444 i 49 25000 1
1649 444 443 i 49 25000 1
1650 444 447 i 49 100000 1
1651 447 444 i 49 100000 1
1652 444 446 i 49 100000 1
1653 446 444 i 49 100000 1
1654 445 449 i 49 100000 1
1655 449 445 i 49 100000 1
1656 445 448 i 49 100000 1
1657 448 445 i 49 100000 1
1658 450 452 i 50 100000 1
1659 452 450 i 50 100000 1
1660 450 451 i 50 100000 1
1661 451 450 i 50 100000 1
1662 451 454 i 50 25000 1
1663 454 451 i 50 25000 1
1664 451 453 i 50 25000 1
1665 453 451 i 50 25000 1
1666 452 454 i 50 25000 1
1667 454 452 i 50 25000 1
1668 452 453 i 50 25000 1
1669 453 452 i 50 25000 1
1670 453 456 i 50 100000 1
1671 456 453 i 50 100000 1
1672 453 455 i 50 100000 1
1673 455 453 i 50 100000 1
1674 454 458 i 50 100000 1
1675 458 454 i 50 100000 1
1676 454 457 i 50 100000 1
1677 457 454 i 50 100000 1
1678 459 461 i 51 100000 1
1679 461 459 i 51 100000 1
1680 459 460 i 51 100000 1
1681 460 459 i 51 100000 1
1682 460 463 i 51 25000 1
1683 463 460 i 51 25000 1
1684 460 462 i 51 25000 1
1685 462 460 i 51 25000 1
1686 461 463 i 51 25000 1
1687 463 461 i 51 25000 1
1688 461 462 i 51 25000 1
1689 462 461 i 51 25000 1
1690 462 465 i 51 100000 1
1691 465 462 i 51 100000 1
1692 462 464 i 51 100000 1
1693 464 462 i 51 100000 1
1694 463 467 i 51 100000 1
1695 467 463 i 51 100000 1
1696 463 466 i 51 100000 1
1697 466 463 i 51 100000 1
1698 468 470 i 52 100000 1
1699 470 468 i 52 100000 1
1700 468 469 i 52 100000 1
1701 469 468 i 52 100000 1
1702 469 472 i 52 25000 1
1703 472 469 i 52 25000 1
1704 469 471 i 52 25000 1
1705 471 469 i 52 25000 1
1706 470 472 i 52 25000 1
1707 472 470 i 52 25000 1
1708 470 471 i 52 25000 1
1709 471 470 i 52 25000 1
1710 471 474 i 52 100000 1
1711 474 471 i 52 100000 1
1712 471 473 i 52 100000 1
1713 473 471 i 52 100000 1
1714 472 476 i 52 100000 1
1715 476 472 i 52 100000 1
1716 472 475 i 52 100000 1
1717 475 472 i 52 100000 1
1718 477 479 i 53 100000 1
1719 479 477 i 53 100000 1
1720 477 478 i 53 100000 1
1721 478 477 i 53 100000 1
1722 478 481 i 53 25000 1
1723 481 478 i 53 25000 1
1724 478 480 i 53 25000 1
1725 480 478 i 53 25000 1
1726 479 481 i 53 25000 1
1727 481 479 i 53 25000 1
1728 479 480 i 53 25000 1
1729 480 479 i 53 25000 1
1730 480 483 i 53 100000 1
1731 483 480 i 53 100000 1
1732 480 482 i 53 100000 1
1733 482 480 i 53 100000 1
1734 481 485 i 53 100000 1
1735 485 481 i 53 100000 1
1736 481 484 i 53 100000 1
1737 484 481 i 53 100000 1
1738 486 488 i 54 100000 1
1739 488 486 i 54 100000 1
1740 486 487 i 54 100000 1
1741 487 486 i 54 100000 1
1742 487 490 i 54 25000 1
1743 490 487 i 54 25000 1
1744 487 489 i 54 25000 1
1745 489 487 i 54 25000 1
1746 488 490 i 54 25000 1
1747 490 488 i 54 25000 1
1748 488 489 i 54 25000 1
1749 489 488 i 54 25000 1
1750 489 492 i 54 100000 1
1751 492 489 i 54 100000 1
1752 489 491 i 54 100000 1
1753 491 489 i 54 100000 1
1754 490 494 i 54 100000 1
1755 494 490 i 54 100000 1
1756 490 493 i 54 100000 1
1757 493 490 i 54 100000 1
1758 495 497 i 55 100000 1
1759 497 495 i 55 100000 1
1760 495 496 i 55 100000 1
1761 496 495 i 55 100000 1
1762 496 499 i 55 25000 1
1763 499 496 i 55 25000 1
1764 496 498 i 55 25000 1
1765 498 496 i 55 25000 1
1766 497 499 i 55 25000 1
1767 499 497 i 55 25000 1
1768 497 498 i 55 25000 1
1769 498 497 i 55 25000 1
1770 498 501 i 55 100000 1
1771 501 498 i 55 100000 1
1772 498 500 i 55 100000 1
1773 500 498 i 55 100000 1
1774 499 503 i 55 100000 1
1775 503 499 i 55 100000 1
1776 499 502 i 55 100000 1
1777 502 499 i 55 100000 1
1778 504 506 i 56 100000 1
1779 506 504 i 56 100000 1
1780 504 505 i 56 100000 1
1781 505 504 i 56 100000 1
1782 505 508 i 56 25000 1
1783 508 505 i 56 25000 1
1784 505 507 i 56 25000 1
1785 507 505 i 56 25000 1
1786 506 508 i 56 25000 1
1787 508 506 i 56 25000 1
1788 506 507 i 56 25000 1
1789 507 506 i 56 25000 1
1790 507 510 i 56 100000 1
1791 510 507 i 56 100000 1
1792 507 509 i 56 100000 1
1793 509 507 i 56 100000 1
1794 508 512 i 56 100000 1
1795 512 508 i 56 100000 1
1796 508 511 i 56 100000 1
1797 511 508 i 56 100000 1
1798 513 515 i 57 100000 1
1799 515 513 i 57 100000 1
1800 513 514 i 57 100000 1
1801 514 513 i 57 100000 1
1802 514 517 i 57 25000 1
1803 517 514 i 57 25000 1
1804 514 516 i 57 25000 1
1805 516 514 i 57 25000 1
1806 515 517 i 57 25000 1
1807 517 515 i 57 25000 1
1808 515 516 i 57 25000 1
1809 516 515 i 57 25000 1
1810 516 519 i 57 100000 1
1811 519 516 i 57 100000 1
1812 516 518 i 57 100000 1
1813 518 516 i 57 100000 1
1814 517 521 i 57 100000 1
1815 521 517 i 57 100000 1
1816 517 520 i 57 100000 1
1817 520 517 i 57 100000 1
1818 522 524 i 58 100000 1
1819 524 522 i 58 100000 1
1820 522 523 i 58 100000 1
1821 523 522 i 58 100000 1
1822 523 526 i 58 25000 1
1823 526 523 i 58 25000 1
1824 523 525 i 58 25000 1
1825 525 523 i 58 25000 1
1826 524 526 i 58 25000 1
1827 526 524 i 58 25000 1
1828 524 525 i 58 25000 1
1829 525 524 i 58 25000 1
1830 525 528 i 58 100000 1
1831 528 525 i 58 100000 1
1832 525 527 i 58 100000 1
1833 527 525 i 58 100000 1
1834 526 530 i 58 100000 1
1835 530 526 i 58 100000 1
1836 526 529 i 58 100000 1
1837 529 526 i 58 100000 1
1838 531 533 i 59 100000 1
1839 533 531 i 59 100000 1
1840 531 532 i 59 100000 1
1841 532 531 i 59 100000 1
1842 532 535 i 59 25000 1
1843 535 532 i 59 25000 1
1844 532 534 i 59 25000 1
1845 534 532 i 59 25000 1
1846 533 535 i 59 25000 1
1847 535 533 i 59 25000 1
1848 533 534 i 59 25000 1
1849 534 533 i 59 25000 1
1850 534 537 i 59 100000 1
1851 537 534 i 59 100000 1
1852 534 536 i 59 100000 1
1853 536 534 i 59 100000 1
1854 535 539 i 59 100000 1
1855 539 535 i 59 100000 1
1856 535 538 i 59 100000 1
1857 538 535 i 59 100000 1
1858 540 542 i 60 100000 1
1859 542 540 i 60 100000 1
1860 540 541 i 60 100000 1
1861 541 540 i 60 100000 1
1862 541 544 i 60 25000 1
1863 544 541 i 60 25000 1
1864 541 543 i 60 25000 1
1865 543 541 i 60 25000 1
1866 542 544 i 60 25000 1
1867 544 542 i 60 25000 1
1868 542 543 i 60 25000 1
1869 543 542 i 60 25000 1
1870 543 546 i 60 100000 1
1871 546 543 i 60 100000 1
1872 543 545 i 60 100000 1
1873 545 543 i 60 100000 1
1874 544 548 i 60 100000 1
1875 548 544 i 60 100000 1
1876 544 547 i 60 100000 1
1877 547 544 i 60 100000 1
1878 549 551 i 61 100000 1
1879 551 549 i 61 100000 1
1880 549 550 i 61 100000 1
1881 550 549 i 61 100000 1
1882 550 553 i 61 25000 1
1883 553 550 i 61 25000 1
1884 550 552 i 61 25000 1
1885 552 550 i 61 25000 1
1886 551 553 i 61 25000 1
1887 553 551 i 61 25000 1
1888 551 552 i 61 25000 1
1889 552 551 i 61 25000 1
1890 552 555 i 61 100000 1
1891 555 552 i 61 100000 1
1892 552 554 i 61 100000 1
1893 554 552 i 61 100000 1
1894 553 557 i 61 100000 1
1895 557 553 i 61 100000 1
1896 553 556 i 61 100000 1
1897 556 553 i 61 100000 1
1898 558 560 i 62 100000 1
1899 560 558 i 62 100000 1
1900 558 559 i 62 100000 1
1901 559 558 i 62 100000 1
1902 559 562 i 62 25000 1
1903 562 559 i 62 25000 1
1904 559 561 i 62 25000 1
1905 561 559 i 62 25000 1
1906 560 562 i 62 25000 1
1907 562 560 i 62 25000 1
1908 560 561 i 62 25000 1
1909 561 560 i 62 25000 1
1910 561 564 i 62 100000 1
1911 564 561 i 62 100000 1
1912 561 563 i 62 100000 1
1913 563 561 i 62 100000 1
1914 562 566 i 62 100000 1
1915 566 562 i 62 100000 1
1916 562 565 i 62 100000 1
1917 565 562 i 62 100000 1
1918 567 569 i 63 100000 1
1919 569 567 i 63 100000 1
1920 567 568 i 63 100000 1
1921 568 567 i 63 100000 1
1922 568 571 i 63 25000 1
1923 571 568 i 63 25000 1
1924 568 570 i 63 25000 1
1925 570 568 i 63 25000 1
1926 569 571 i 63 25000 1
1927 571 569 i 63 25000 1
1928 569 570 i 63 25000 1
1929 570 569 i 63 25000 1
1930 570 573 i 63 100000 1
1931 573 570 i 63 100000 1
1932 570 572 i 63 100000 1
1933 572 570 i 63 100000 1
1934 571 575 i 63 100000 1
1935 575 571 i 63 100000 1
1936 571 574 i 63 100000 1
1937 574 571 i 63 100000 1
1938 576 578 i 64 100000 1
1939 578 576 i 64 100000 1
1940 576 577 i 64 100000 1
1941 577 576 i 64 100000 1
1942 577 580 i 64 25000 1
1943 580 577 i 64 25000 1
1944 577 579 i 64 25000 1
1945 579 577 i 64 25000 1
1946 578 580 i 64 25000 1
1947 580 578 i 64 25000 1
1948 578 579 i 64 25000 1
1949 579 578 i 64 25000 1
1950 579 582 i 64 100000 1
1951 582 579 i 64 100000 1
1952 579 581 i 64 100000 1
1953 581 579 i 64 100000 1
1954 580 584 i 64 100000 1
1955 584 580 i 64 100000 1
1956 580 583 i 64 100000 1
1957 583 580 i 64 100000 1
1958 585 587 i 65 100000 1
1959 587 585 i 65 100000 1
1960 585 586 i 65 100000 1
1961 586 585 i 65 100000 1
1962 586 589 i 65 25000 1
1963 589 586 i 65 25000 1
1964 586 588 i 65 25000 1
1965 588 586 i 65 25000 1
1966 587 589 i 65 25000 1
1967 589 587 i 65 25000 1
1968 587 588 i 65 25000 1
1969 588 587 i 65 25000 1
1970 588 591 i 65 100000 1
1971 591 588 i 65 100000 1
1972 588 590 i 65 100000 1
1973 590 588 i 65 100000 1
1974 589 593 i 65 100000 1
1975 593 589 i 65 100000 1
1976 589 592 i 65 100000 1
1977 592 589 i 65 100000 1
1978 594 596 i 66 100000 1
1979 596 594 i 66 100000 1
1980 594 595 i 66 100000 1
1981 595 594 i 66 100000 1
1982 595 598 i 66 25000 1
1983 598 595 i 66 25000 1
1984 595 597 i 66 25000 1
1985 597 595 i 66 25000 1
1986 596 598 i 66 25000 1
1987 598 596 i 66 25000 1
1988 596 597 i 66 25000 1
1989 597 596 i 66 25000 1
1990 597 600 i 66 100000 1
1991 600 597 i 66 100000 1
1992 597 599 i 66 100000 1
1993 599 597 i 66 100000 1
1994 598 602 i 66 100000 1
1995 602 598 i 66 100000 1
1996 598 601 i 66 100000 1
1997 601 598 i 66 100000 1
1998 603 605 i 67 100000 1
1999 605 603 i 67 100000 1
2000 603 604 i 67 100000 1
2001 604 603 i 67 100000 1
2002 604 607 i 67 25000 1
2003 607 604 i 67 25000 1
2004 604 606 i 67 25000 1
2005 606 604 i 67 25000 1
2006 605 607 i 67 25000 1
2007 607 605 i 67 25000 1
2008 605 606 i 67 25000 1
2009 606 605 i 67 25000 1
2010 606 609 i 67 100000 1
2011 609 606 i 67 100000 1
2012 606 608 i 67 100000 1
2013 608 606 i 67 100000 1
2014 607 611 i 67 100000 1
2015 611 607 i 67 100000 1
2016 607 610 i 67 100000 1
2017 610 607 i 67 100000 1
2018 612 614 i 68 100000 1
2019 614 612 i 68 100000 1
2020 612 613 i 68 100000 1
2021 613 612 i 68 100000 1
2022 613 616 i 68 25000 1
2023 616 613 i 68 25000 1
2024 613 615 i 68 25000 1
2025 615 613 i 68 25000 1
2026 614 616 i 68 25000 1
2027 616 614 i 68 25000 1
2028 614 615 i 68 25000 1
2029 615 614 i 68 25000 1
2030 615 618 i 68 100000 1
2031 618 615 i 68 100000 1
2032 615 617 i 68 100000 1
2033 617 615 i 68 100000 1
2034 616 620 i 68 100000 1
2035 620 616 i 68 100000 1
2036 616 619 i 68 100000 1
2037 619 616 i 68 100000 1
2038 621 623 i 69 100000 1
2039 623 621 i 69 100000 1
2040 621 622 i 69 100000 1
2041 622 621 i 69 100000 1
2042 622 625 i 69 25000 1
2043 625 622 i 69 25000 1
2044 622 624 i 69 25000 1
2045 624 622 i 69 25000 1
2046 623 625 i 69 25000 1
2047 625 623 i 69 25000 1
2048 623 624 i 69 25000 1
2049 624 623 i 69 25000 1
2050 624 627 i 69 100000 1
2051 627 624 i 69 100000 1
2052 624 626 i 69 100000 1
2053 626 624 i 69 100000 1
2054 625 629 i 69 100000 1
2055 629 625 i 69 100000 1
2056 625 628 i 69 100000 1
2057 628 625 i 69 100000 1
2058 630 632 i 70 100000 1
2059 632 630 i 70 100000 1
2060 630 631 i 70 100000 1
2061 631 630 i 70 100000 1
2062 631 634 i 70 25000 1
2063 634 631 i 70 25000 1
2064 631 633 i 70 25000 1
2065 633 631 i 70 25000 1
2066 632 634 i 70 25000 1
2067 634 632 i 70 25000 1
2068 632 633 i 70 25000 1
2069 633 632 i 70 25000 1
2070 633 636 i 70 100000 1
2071 636 633 i 70 100000 1
2072 633 635 i 70 100000 1
2073 635 633 i 70 100000 1
2074 634 638 i 70 100000 1
2075 638 634 i 70 100000 1
2076 634 637 i 70 100000 1
2077 637 634 i 70 100000 1
2078 639 641 i 71 100000 1
2079 641 639 i 71 100000 1
2080 639 640 i 71 100000 1
2081 640 639 i 71 100000 1
2082 640 643 i 71 25000 1
2083 643 640 i 71 25000 1
2084 640 642 i 71 25000 1
2085 642 640 i 71 25000 1
2086 641 643 i 71 25000 1
2087 643 641 i 71 25000 1
2088 641 642 i 71 25000 1
2089 642 641 i 71 25000 1
2090 642 645 i 71 100000 1
2091 645 642 i 71 100000 1
2092 642 644 i 71 100000 1
2093 644 642 i 71 100000 1
2094 643 647 i 71 100000 1
2095 647 643 i 71 100000 1
2096 643 646 i 71 100000 1
2097 646 643 i 71 100000 1
2098 648 650 i 72 100000 1
2099 650 648 i 72 100000 1
2100 648 649 i 72 100000 1
2101 649 648 i 72 100000 1
2102 649 652 i 72 25000 1
2103 652 649 i 72 25000 1
2104 649 651 i 72 25000 1
2105 651 649 i 72 25000 1
2106 650 652 i 72 25000 1
2107 652 650 i 72 25000 1
2108 650 651 i 72 25000 1
2109 651 650 i 72 25000 1
2110 651 654 i 72 100000 1
2111 654 651 i 72 100000 1
2112 651 653 i 72 100000 1
2113 653 651 i 72 100000 1
2114 652 656 i 72 100000 1
2115 656 652 i 72 100000 1
2116 652 655 i 72 100000 1
2117 655 652 i 72 100000 1
2118 657 659 i 73 100000 1
2119 659 657 i 73 100000 1
2120 657 658 i 73 100000 1
2121 658 657 i 73 100000 1
2122 658 661 i 73 25000 1
2123 661 658 i 73 25000 1
2124 658 660 i 73 25000 1
2125 660 658 i 73 25000 1
2126 659 661 i 73 25000 1
2127 661 659 i 73 25000 1
2128 659 660 i 73 25000 1
2129 660 659 i 73 25000 1
2130 660 663 i 73 100000 1
2131 663 660 i 73 100000 1
2132 660 662 i 73 100000 1
2133 662 660 i 73 100000 1
2134 661 665 i 73 100000 1
2135 665 661 i 73 100000 1
2136 661 664 i 73 100000 1
2137 664 661 i 73 100000 1
2138 666 668 i 74 100000 1
2139 668 666 i 74 100000 1
2140 666 667 i 74 100000 1
2141 667 666 i 74 100000 1
2142 667 670 i 74 25000 1
2143 670 667 i 74 25000 1
2144 667 669 i 74 25000 1
2145 669 667 i 74 25000 1
2146 668 670 i 74 25000 1
2147 670 668 i 74 25000 1
2148 668 669 i 74 25000 1
2149 669 668 i 74 25000 1
2150 669 672 i 74 100000 1
2151 672 669 i 74 100000 1
2152 669 671 i 74 100000 1
2153 671 669 i 74 100000 1
2154 670 674 i 74 100000 1
2155 674 670 i 74 100000 1
2156 670 673 i 74 100000 1
2157 673 670 i 74 100000 1
2158 675 677 i 75 100000 1
2159 677 675 i 75 100000 1
2160 675 676 i 75 100000 1
2161 676 675 i 75 100000 1
2162 676 679 i 75 25000 1
2163 679 676 i 75 25000 1
2164 676 678 i 75 25000 1
2165 678 676 i 75 25000 1
2166 677 679 i 75 25000 1
2167 679 677 i 75 25000 1
2168 677 678 i 75 25000 1
2169 678 677 i 75 25000 1
2170 678 681 i 75 100000 1
2171 681 678 i 75 100000 1
2172 678 680 i 75 100000 1
2173 680 678 i 75 100000 1
2174 679 683 i 75 100000 1
2175 683 679 i 75 100000 1
2176 679 682 i 75 100000 1
2177 682 679 i 75 100000 1
2178 684 686 i 76 100000 1
2179 686 684 i 76 100000 1
2180 684 685 i 76 100000 1
2181 685 684 i 76 100000 1
2182 685 688 i 76 25000 1
2183 688 685 i 76 25000 1
2184 685 687 i 76 25000 1
2185 687 685 i 76 25000 1
2186 686 688 i 76 25000 1
2187 688 686 i 76 25000 1
2188 686 687 i 76 25000 1
2189 687 686 i 76 25000 1
2190 687 690 i 76 100000 1
2191 690 687 i 76 100000 1
2192 687 689 i 76 100000 1
2193 689 687 i 76 100000 1
2194 688 692 i 76 100000 1
2195 692 688 i 76 100000 1
2196 688 691 i 76 100000 1
2197 691 688 i 76 100000 1
2198 693 695 i 77 100000 1
2199 695 693 i 77 100000 1
2200 693 694 i 77 100000 1
2201 694 693 i 77 100000 1
2202 694 697 i 77 25000 1
2203 697 694 i 77 25000 1
2204 694 696 i 77 25000 1
2205 696 694 i 77 25000 1
2206 695 697 i 77 25000 1
2207 697 695 i 77 25000 1
2208 695 696 i 77 25000 1
2209 696 695 i 77 25000 1
2210 696 699 i 77 100000 1
2211 699 696 i 77 100000 1
2212 696 698 i 77 100000 1
2213 698 696 i 77 100000 1
2214 697 701 i 77 100000 1
2215 701 697 i 77 100000 1
2216 697 700 i 77 100000 1
2217 700 697 i 77 100000 1
2218 702 704 i 78 100000 1
2219 704 702 i 78 100000 1
2220 702 703 i 78 100000 1
2221 703 702 i 78 100000 1
2222 703 706 i 78 25000 1
2223 706 703 i 78 25000 1
2224 703 705 i 78 25000 1
2225 705 703 i 78 25000 1
2226 704 706 i 78 25000 1
2227 706 704 i 78 25000 1
2228 704 705 i 78 25000 1
2229 705 704 i 78 25000 1
2230 705 708 i 78 100000 1
2231 708 705 i 78 100000 1
2232 705 707 i 78 100000 1
2233 707 705 i 78 100000 1
2234 706 710 i 78 100000 1
2235 710 706 i 78 100000 1
2236 706 709 i 78 100000 1
2237 709 706 i 78 100000 1
2238 711 713 i 79 100000 1
2239 713 711 i 79 100000 1
2240 711 712 i 79 100000 1
2241 712 711 i 79 100000 1
2242 712 715 i 79 25000 1
2243 715 712 i 79 25000 1
2244 712 714 i 79 25000 1
2245 714 712 i 79 25000 1
2246 713 715 i 79 25000 1
2247 715 713 i 79 25000 1
2248 713 714 i 79 25000 1
2249 714 713 i 79 25000 1
2250 714 717 i 79 100000 1
2251 717 714 i 79 100000 1
2252 714 716 i 79 100000 1
2253 716 714 i 79 100000 1
2254 715 719 i 79 100000 1
2255 719 715 i 79 100000 1
2256 715 718 i 79 100000 1
2257 718 715 i 79 100000 1
2258 720 722 i 80 100000 1
2259 722 720 i 80 100000 1
2260 720 721 i 80 100000 1
2261 721 720 i 80 100000 1
2262 721 724 i 80 25000 1
2263 724 721 i 80 25000 1
2264 721 723 i 80 25000 1
2265 723 721 i 80 25000 1
2266 722 724 i 80 25000 1
2267 724 722 i 80 25000 1
2268 722 723 i 80 25000 1
2269 723 722 i 80 25000 1
2270 723 726 i 80 100000 1
2271 726 723 i 80 100000 1
2272 723 725 i 80 100000 1
2273 725 723 i 80 100000 1
2274 724 728 i 80 100000 1
2275 728 724 i 80 100000 1
2276 724 727 i 80 100000 1
2277 727 724 i 80 100000 1
2278 729 731 i 81 100000 1
2279 731 729 i 81 100000 1
2280 729 730 i 81 100000 1
2281 730 729 i 81 100000 1
2282 730 733 i 81 25000 1
2283 733 730 i 81 25000 1
2284 730 732 i 81 25000 1
2285 732 730 i 81 25000 1
2286 731 733 i 81 25000 1
2287 733 731 i 81 25000 1
2288 731 732 i 81 25000 1
2289 732 731 i 81 25000 1
2290 732 735 i 81 100000 1
2291 735 732 i 81 100000 1
2292 732 734 i 81 100000 1
2293 734 732 i 81 100000 1
2294 733 737 i 81 100000 1
2295 737 733 i 81 100000 1
2296 733 736 i 81 100000 1
2297 736 733 i 81 100000 1
2298 738 740 i 82 100000 1
2299 740 738 i 82 100000 1
2300 738 739 i 82 100000 1
2301 739 738 i 82 100000 1
2302 739 742 i 82 25000 1
2303 742 739 i 82 25000 1
2304 739 741 i 82 25000 1
2305 741 739 i 82 25000 1
2306 740 742 i 82 25000 1
2307 742 740 i 82 25000 1
2308 740 741 i 82 25000 1
2309 741 740 i 82 25000 1
2310 741 744 i 82 100000 1
2311 744 741 i 82 100000 1
2312 741 743 i 82 100000 1
2313 743 741 i 82 100000 1
2314 742 746 i 82 100000 1
2315 746 742 i 82 100000 1
2316 742 745 i 82 100000 1
2317 745 742 i 82 100000 1
2318 747 749 i 83 100000 1
2319 749 747 i 83 100000 1
2320 747 748 i 83 100000 1
2321 748 747 i 83 100000 1
2322 748 751 i 83 25000 1
2323 751 748 i 83 25000 1
2324 748 750 i 83 25000 1
2325 750 748 i 83 25000 1
2326 749 751 i 83 25000 1
2327 751 749 i 83 25000 1
2328 749 750 i 83 25000 1
2329 750 749 i 83 25000 1
2330 750 753 i 83 100000 1
2331 753 750 i 83 100000 1
2332 750 752 i 83 100000 1
2333 752 750 i 83 100000 1
2334 751 755 i 83 100000 1
2335 755 751 i 83 100000 1
2336 751 754 i 83 100000 1
2337 754 751 i 83 100000 1
2338 756 758 i 84 100000 1
2339 758 756 i 84 100000 1
2340 756 757 i 84 100000 1
2341 757 756 i 84 100000 1
2342 757 760 i 84 25000 1
2343 760 757 i 84 25000 1
2344 757 759 i 84 25000 1
2345 759 757 i 84 25000 1
2346 758 760 i 84 25000 1
2347 760 758 i 84 25000 1
2348 758 759 i 84 25000 1
2349 759 758 i 84 25000 1
2350 759 762 i 84 100000 1
2351 762 759 i 84 100000 1
2352 759 761 i 84 100000 1
2353 761 759 i 84 100000 1
2354 760 764 i 84 100000 1
2355 764 760 i 84 100000 1
2356 760 763 i 84 100000 1
2357 763 760 i 84 100000 1
2358 765 767 i 85 100000 1
2359 767 765 i 85 100000 1
2360 765 766 i 85 100000 1
2361 766 765 i 85 100000 1
2362 766 769 i 85 25000 1
2363 769 766 i 85 25000 1
2364 766 768 i 85 25000 1
2365 768 766 i 85 25000 1
2366 767 769 i 85 25000 1
2367 769 767 i 85 25000 1
2368 767 768 i 85 25000 1
2369 768 767 i 85 25000 1
2370 768 771 i 85 100000 1
2371 771 768 i 85 100000 1
2372 768 770 i 85 100000 1
2373 770 768 i 85 100000 1
2374 769 773 i 85 100000 1
2375 773 769 i 85 100000 1
2376 769 772 i 85 100000 1
2377 772 769 i 85 100000 1
2378 774 776 i 86 100000 1
2379 776 774 i 86 100000 1
2380 774 775 i 86 100000 1
2381 775 774 i 86 100000 1
2382 775 778 i 86 25000 1
2383 778 775 i 86 25000 1
2384 775 777 i 86 25000 1
2385 777 775 i 86 25000 1
2386 776 778 i 86 25000 1
2387 778 776 i 86 25000 1
2388 776 777 i 86 25000 1
2389 777 776 i 86 25000 1
2390 777 780 i 86 100000 1
2391 780 777 i 86 100000 1
2392 777 779 i 86 100000 1
2393 779 777 i 86 100000 1
2394 778 782 i 86 100000 1
2395 782 778 i 86 100000 1
2396 778 781 i 86 100000 1
2397 781 778 i 86 100000 1
2398 783 785 i 87 100000 1
2399 785 783 i 87 100000 1
2400 783 784 i 87 100000 1
2401 784 783 i 87 100000 1
2402 784 787 i 87 25000 1
2403 787 784 i 87 25000 1
2404 784 786 i 87 25000 1
2405 786 784 i 87 25000 1
2406 785 787 i 87 25000 1
2407 787 785 i 87 25000 1
2408 785 786 i 87 25000 1
2409 786 785 i 87 25000 1
2410 786 789 i 87 100000 1
2411 789 786 i 87 100000 1
2412 786 788 i 87 100000 1
2413 788 786 i 87 100000 1
2414 787 791 i 87 100000 1
2415 791 787 i 87 100000 1
2416 787 790 i 87 100000 1
2417 790 787 i 87 100000 1
2418 792 794 i 88 100000 1
2419 794 792 i 88 100000 1
2420 792 793 i 88 100000 1
2421 793 792 i 88 100000 1
2422 793 796 i 88 25000 1
2423 796 793 i 88 25000 1
2424 793 795 i 88 25000 1
2425 795 793 i 88 25000 1
2426 794 796 i 88 25000 1
2427 796 794 i 88 25000 1
2428 794 795 i 88 25000 1
2429 795 794 i 88 25000 1
2430 795 798 i 88 100000 1
2431 798 795 i 88 100000 1
2432 795 797 i 88 100000 1
2433 797 795 i 88 100000 1
2434 796 800 i 88 100000 1
2435 800 796 i 88 100000 1
2436 796 799 i 88 100000 1
2437 799 796 i 88 100000 1
2438 801 803 i 89 100000 1
2439 803 801 i 89 100000 1
2440 801 802 i 89 100000 1
2441 802 801 i 89 100000 1
2442 802 805 i 89 25000 1
2443 805 802 i 89 25000 1
2444 802 804 i 89 25000 1
2445 804 802 i 89 25000 1
2446 803 805 i 89 25000 1
2447 805 803 i 89 25000 1
2448 803 804 i 89 25000 1
2449 804 803 i 89 25000 1
2450 804 807 i 89 100000 1
2451 807 804 i 89 100000 1
2452 804 806 i 89 100000 1
2453 806 804 i 89 100000 1
2454 805 809 i 89 100000 1
2455 809 805 i 89 100000 1
2456 805 808 i 89 100000 1
2457 808 805 i 89 100000 1
2458 810 812 i 90 100000 1
2459 812 810 i 90 100000 1
2460 810 811 i 90 100000 1
2461 811 810 i 90 100000 1
2462 811 814 i 90 25000 1
2463 814 811 i 90 25000 1
2464 811 813 i 90 25000 1
2465 813 811 i 90 25000 1
2466 812 814 i 90 25000 1
2467 814 812 i 90 25000 1
2468 812 813 i 90 25000 1
2469 813 812 i 90 25000 1
2470 813 816 i 90 100000 1
2471 816 813 i 90 100000 1
2472 813 815 i 90 100000 1
2473 815 813 i 90 100000 1
2474 814 818 i 90 100000 1
2475 818 814 i 90 100000 1
2476 814 817 i 90 100000 1
2477 817 814 i 90 100000 1
2478 819 821 i 91 100000 1
2479 821 819 i 91 100000 1
2480 819 820 i 91 100000 1
2481 820 819 i 91 100000 1
2482 820 823 i 91 25000 1
2483 823 820 i 91 25000 1
2484 820 822 i 91 25000 1
2485 822 820 i 91 25000 1
2486 821 823 i 91 25000 1
2487 823 821 i 91 25000 1
2488 821 822 i 91 25000 1
2489 822 821 i 91 25000 1
2490 822 825 i 91 100000 1
2491 825 822 i 91 100000 1
2492 822 824 i 91 100000 1
2493 824 822 i 91 100000 1
2494 823 827 i 91 100000 1
2495 827 823 i 91 100000 1
2496 823 826 i 91 100000 1
2497 826 823 i 91 100000 1
