1808
32
73
0 4 10 2 4 1 0 4 5 188 72
1 4 15 1 5 4 2 3 1 5 188 61
2 16 3 1 3 2 3 0 119 93
3 9 3 1 3 3 1 5 47 32
4 10 9 3 3 3 5 0 75 75
5 14 11 5 5 2 3 1 5 4 123 73
6 14 15 4 4 3 4 2 1 99 100
7 4 8 1 4 4 0 1 2 69 53
8 3 15 2 6 1 0 3 5 4 2 52 88
9 14 2 2 5 3 5 1 2 4 117 67
10 14 8 2 6 2 3 0 5 4 1 90 67
11 10 3 1 5 1 0 4 2 3 289 92
12 5 7 2 6 0 1 5 4 2 3 120 74
13 16 8 4 5 5 0 4 2 3 191 84
14 11 9 1 4 3 0 2 5 50 32
15 5 9 1 5 0 2 3 5 4 102 94
16 4 8 1 6 5 3 4 2 1 0 191 83
17 9 11 1 4 3 1 2 4 64 81
18 9 8 1 6 0 2 1 5 3 4 55 54
19 10 2 1 5 5 1 3 0 4 246 26
20 3 1 2 5 1 2 0 4 3 331 26
21 5 9 1 5 2 5 0 4 3 99 97
22 3 9 3 6 2 3 0 1 5 4 125 19
23 5 15 3 4 2 5 1 3 37 77
24 3 7 1 5 4 1 0 3 5 181 49
25 16 3 2 3 5 0 4 24 92
26 16 10 2 5 3 4 0 2 1 96 50
27 9 8 2 4 4 2 0 1 100 51
28 9 3 3 4 0 4 5 1 59 100
29 12 8 3 4 4 3 1 0 71 71
30 14 15 2 4 3 2 5 0 160 81
31 3 8 2 3 5 1 3 465 14
32 9 10 1 4 5 1 3 2 111 78
33 11 15 2 5 0 2 5 1 3 238 35
34 10 2 2 5 4 0 2 1 3 217 53
35 9 11 1 6 0 5 1 3 4 2 108 100
36 10 2 1 4 5 1 3 0 135 59
37 5 3 1 4 5 1 4 0 130 25
38 14 11 2 4 5 2 0 3 246 61
39 16 11 7 6 2 5 3 1 0 4 173 65
40 10 3 3 4 0 1 2 4 61 11
41 5 1 2 6 2 4 5 0 1 3 108 50
42 9 1 3 5 3 5 2 1 0 61 25
43 3 10 2 4 0 5 2 3 129 55
44 9 7 2 4 3 1 0 2 126 77
45 5 15 3 6 3 4 5 0 2 1 103 74
46 9 8 6 6 0 2 1 5 3 4 55 54
47 4 7 2 4 5 3 2 0 90 69
48 5 1 1 4 1 5 0 2 290 42
49 9 1 3 5 3 5 1 4 2 92 97
50 3 11 1 3 0 1 3 219 87
51 5 9 2 4 1 2 3 0 164 69
52 3 1 2 6 1 4 0 5 2 3 616 17
53 10 1 3 4 3 4 2 0 209 60
54 3 10 5 5 0 1 2 4 5 112 71
55 4 15 2 4 2 1 4 5 94 36
56 3 15 2 4 3 1 2 5 180 23
57 12 11 3 5 2 0 4 1 5 53 48
58 9 10 5 4 5 0 2 3 84 21
59 12 15 6 4 5 0 3 1 149 59
60 12 11 2 5 1 2 0 5 3 128 49
61 11 3 4 4 5 1 2 3 119 99
62 10 3 2 3 2 5 1 248 42
63 12 1 2 5 5 4 0 1 3 58 68
64 11 7 4 4 1 2 3 5 202 40
65 3 1 2 5 5 0 1 2 4 318 29
66 12 2 5 6 4 1 3 2 0 5 39 80
67 3 2 2 5 3 4 2 5 0 234 79
68 11 1 2 5 4 5 0 1 3 148 37
69 9 10 2 4 4 1 0 2 48 50
70 16 8 2 5 4 2 1 5 3 68 71
71 3 2 2 6 4 5 2 3 0 1 191 33
72 5 15 2 6 1 5 0 3 4 2 215 79
71
73 16 11 2 6 1 5 4 2 3 0 73 91
74 11 2 2 6 1 5 0 4 2 3 121 70
75 5 8 2 6 0 5 1 2 3 4 134 57
76 3 9 2 6 2 4 1 0 3 5 75 74
77 9 8 1 3 4 0 3 34 43
78 14 9 2 5 3 0 1 2 5 123 40
79 11 7 1 4 1 2 3 5 202 40
80 16 2 1 6 0 4 3 2 1 5 65 31
81 10 3 2 4 4 5 3 0 96 56
82 3 2 2 6 4 5 2 3 0 1 191 33
83 14 10 3 4 1 2 4 0 228 90
84 9 3 3 6 5 1 3 4 2 0 141 50
85 12 10 2 3 2 4 1 106 62
86 4 9 2 3 3 5 0 107 38
87 16 11 2 6 1 5 4 2 3 0 73 91
88 5 1 1 5 3 5 2 0 4 49 57
89 14 2 1 3 0 2 5 281 74
90 12 3 6 4 0 4 3 2 98 49
91 4 8 3 3 4 3 1 172 65
92 3 8 1 5 4 2 3 1 5 40 64
93 5 15 1 6 1 5 0 3 4 2 215 79
94 16 10 1 5 3 4 0 2 1 96 50
95 10 2 1 3 3 5 0 21 69
96 16 2 1 6 5 1 4 3 2 0 45 90
97 4 7 1 6 1 5 2 0 4 3 190 98
98 9 1 3 6 1 3 4 5 2 0 116 51
99 9 7 3 4 4 2 3 5 58 48
100 5 11 1 4 3 1 5 4 83 91
101 12 8 3 4 5 3 4 0 68 61
102 9 10 2 5 3 5 1 4 0 129 48
103 10 11 2 4 4 3 5 0 217 71
104 3 15 2 5 0 3 5 2 4 86 56
105 4 11 4 5 2 5 3 0 1 104 37
106 5 3 2 5 0 1 4 3 2 138 22
107 4 9 1 3 0 4 3 149 18
108 12 3 1 3 0 5 1 30 62
109 12 8 2 3 4 2 3 47 88
110 12 9 2 3 2 3 5 99 50
111 5 11 5 5 2 0 5 3 4 370 60
112 10 3 2 5 2 5 4 3 0 64 44
113 3 15 3 5 2 0 4 3 1 115 12
114 14 7 1 3 5 3 4 145 30
115 4 1 2 5 1 4 3 5 2 167 26
116 14 8 8 6 0 3 2 1 4 5 167 55
117 10 1 1 5 5 2 4 3 0 155 25
118 12 1 3 4 1 3 2 5 68 42
119 11 3 2 5 0 3 1 5 4 239 61
120 12 2 1 3 3 0 5 85 39
121 16 7 2 6 4 1 3 2 0 5 79 11
122 5 3 1 6 4 3 2 5 1 0 50 93
123 12 2 3 4 1 3 5 2 39 69
124 4 9 2 6 2 3 5 4 1 0 77 21
125 10 3 2 4 4 5 3 0 96 56
126 11 9 2 4 0 1 2 4 154 82
127 9 10 2 5 1 0 4 5 3 47 34
128 5 7 2 5 5 0 3 2 1 196 30
129 3 10 3 6 2 0 1 5 4 3 133 44
130 3 2 3 5 3 4 2 5 0 234 79
131 5 9 3 4 5 0 3 4 54 34
132 12 10 1 5 0 2 5 3 4 34 68
133 5 3 4 4 2 5 1 4 136 68
134 10 9 2 3 0 5 2 139 22
135 9 7 2 6 5 4 0 2 3 1 118 75
136 16 2 3 6 2 3 5 0 1 4 100 45
137 5 1 5 5 4 0 5 3 1 239 75
138 14 7 2 4 3 2 5 0 170 22
139 9 2 7 4 4 2 3 0 158 35
140 5 7 4 5 1 0 2 3 5 124 34
141 14 3 3 6 2 3 4 5 0 1 94 17
142 12 7 2 5 1 3 4 2 5 109 74
143 5 11 2 5 2 0 5 3 4 370 60
88
144 4 7 2 3 3 0 2 206 20
145 5 7 3 6 3 4 2 1 0 5 63 18
146 16 8 1 5 4 5 2 3 1 90 82
147 4 2 1 6 3 2 4 5 1 0 220 82
148 16 1 1 6 4 1 0 3 5 2 167 95
149 11 7 1 3 1 4 2 215 52
150 4 15 4 5 1 3 2 5 4 183 90
151 16 10 1 3 5 0 3 134 35
152 14 10 7 5 1 3 4 5 2 173 92
153 10 7 2 5 2 0 5 1 4 236 84
154 16 9 1 5 5 3 4 2 1 110 24
155 16 15 3 5 5 1 2 3 0 91 69
156 16 3 1 5 1 3 0 2 4 140 80
157 11 8 1 5 4 3 5 0 2 160 18
158 9 8 1 6 0 2 1 5 3 4 55 54
159 16 3 2 4 5 4 0 1 42 85
160 9 10 2 4 4 3 5 0 124 38
161 11 10 1 3 2 5 0 207 37
162 9 11 1 4 3 0 2 5 176 30
163 5 10 2 4 1 0 4 3 166 34
164 4 8 2 3 4 3 1 172 65
165 5 3 2 4 5 1 4 0 130 25
166 4 2 1 6 0 3 1 2 4 5 187 36
167 14 15 2 6 1 4 5 3 0 2 217 71
168 3 8 1 5 4 2 3 1 5 40 64
169 12 2 1 4 2 5 0 4 99 71
170 11 10 3 5 2 0 5 3 1 186 30
171 5 10 1 4 2 0 4 1 238 74
172 11 15 1 5 0 5 1 3 4 265 75
173 9 11 1 4 3 0 2 5 176 30
174 5 10 3 6 2 4 3 0 5 1 261 96
175 11 7 2 6 2 4 3 1 0 5 302 23
176 14 10 1 4 1 4 3 0 344 73
177 5 8 1 5 4 2 1 0 3 163 56
178 5 15 1 3 0 5 4 126 45
179 12 3 1 3 0 5 1 30 62
180 4 7 7 4 5 3 2 0 90 69
181 4 10 1 4 5 0 4 1 92 80
182 3 9 2 4 2 3 4 0 125 80
183 12 1 2 4 4 3 2 1 26 52
184 11 3 2 4 2 3 1 5 60 74
185 14 9 2 3 3 1 0 49 17
186 5 9 1 4 0 2 1 3 106 86
187 14 10 3 3 2 0 5 233 43
188 12 2 3 5 2 4 1 5 3 82 76
189 12 15 2 5 0 2 4 3 1 182 27
190 4 9 1 5 2 4 1 5 3 173 71
191 5 8 1 3 2 4 1 349 30
192 9 2 4 3 3 4 2 133 54
193 11 1 1 3 4 5 3 68 60
194 14 2 3 4 3 5 2 4 30 86
195 14 8 1 6 4 3 0 1 2 5 61 80
196 12 8 2 3 3 5 1 80 98
197 16 9 2 4 2 3 5 0 100 31
198 14 1 6 3 2 3 1 223 70
199 10 1 3 4 3 4 2 0 209 60
200 3 9 3 4 0 2 1 4 120 22
201 16 7 3 3 2 1 0 176 61
202 14 2 3 6 1 4 5 2 3 0 80 31
203 10 9 1 6 1 3 2 5 0 4 113 79
204 14 8 1 4 0 3 2 5 214 29
205 12 2 1 6 4 3 1 5 2 0 42 24
206 11 15 3 5 0 2 5 1 3 238 35
207 4 10 2 4 4 5 3 0 151 55
208 16 15 5 4 0 4 5 3 166 28
209 11 3 2 4 0 3 4 2 311 71
210 10 3 3 4 0 2 1 4 331 69
211 9 1 1 5 5 3 1 4 2 41 39
212 16 9 3 6 5 1 2 4 0 3 71 35
213 12 1 2 6 5 2 1 3 4 0 54 85
214 3 7 2 3 2 0 1 147 86
215 9 1 8 5 3 5 1 4 2 92 97
216 9 10 5 5 2 0 5 1 3 91 38
217 11 10 3 4 5 4 0 2 97 52
218 14 3 2 5 5 0 4 3 2 219 66
219 14 1 2 6 0 1 2 5 4 3 69 12
220 14 3 4 6 2 3 1 4 5 0 217 42
221 5 15 2 5 0 1 2 3 4 74 84
222 14 10 5 4 0 3 4 1 228 90
223 4 7 1 5 1 2 0 4 3 48 40
224 4 9 2 6 4 0 3 5 1 2 252 93
225 10 7 4 3 0 2 3 62 32
226 5 2 1 4 4 1 0 2 144 90
227 9 3 2 6 4 5 2 0 3 1 86 14
228 16 10 5 3 5 1 3 147 94
229 11 1 2 6 0 1 2 5 4 3 315 97
230 12 8 2 3 4 2 3 77 16
231 3 7 2 5 2 5 4 1 0 181 33
68
232 16 1 2 3 3 1 2 67 51
233 3 11 2 5 1 5 2 0 4 22 40
234 10 9 1 3 4 5 3 136 71
235 16 15 1 3 3 5 1 60 15
236 11 7 1 6 1 0 5 3 2 4 137 87
237 16 2 1 3 4 5 1 181 28
238 11 9 4 4 0 1 2 4 154 82
239 10 7 1 4 0 2 1 5 122 28
240 3 15 2 6 2 1 4 0 3 5 38 42
241 11 9 3 5 0 3 1 5 2 59 91
242 4 1 3 3 3 1 5 78 58
243 12 10 3 4 1 4 5 2 72 96
244 4 8 3 4 4 2 5 0 123 82
245 12 8 1 6 3 1 0 2 4 5 33 41
246 5 9 3 4 0 4 1 2 95 34
247 4 3 2 6 3 2 5 4 1 0 135 45
248 4 15 3 5 5 2 3 4 1 190 67
249 12 8 2 4 5 2 0 3 53 26
250 14 15 4 6 2 1 0 4 3 5 195 20
251 3 10 3 5 0 4 1 3 2 233 27
252 4 9 4 6 4 5 3 0 2 1 14 13
253 5 2 2 6 2 0 4 3 1 5 189 84
254 16 1 3 4 5 3 1 0 176 37
255 12 3 2 3 0 2 3 12 21
256 11 8 1 5 0 5 3 1 4 189 91
257 12 8 2 4 4 1 0 2 68 83
258 5 7 1 3 2 5 0 117 13
259 11 15 3 4 3 4 1 5 99 27
260 12 2 5 3 4 2 1 43 94
261 4 2 1 6 1 2 0 5 3 4 133 83
262 4 10 4 3 3 2 1 31 52
263 16 8 2 4 5 0 3 1 98 88
264 4 15 4 5 4 2 3 1 5 188 61
265 5 7 2 5 5 0 3 2 1 196 30
266 4 9 3 6 4 5 3 0 1 2 71 28
267 16 7 2 4 4 2 1 5 72 12
268 16 10 1 3 0 3 1 66 98
269 10 15 2 4 2 3 0 4 151 41
270 3 15 2 3 1 0 5 67 36
271 11 7 3 5 3 2 4 1 0 112 95
272 16 15 1 3 5 4 2 47 47
273 11 8 1 6 4 0 2 1 3 5 276 75
274 12 1 1 4 4 0 3 1 80 49
275 11 8 1 3 2 4 3 217 13
276 5 8 2 4 2 3 1 5 247 21
277 12 3 2 3 1 2 5 36 75
278 4 8 2 5 5 4 3 2 0 149 95
279 12 3 6 3 2 5 4 72 84
280 12 2 5 5 3 2 4 1 5 27 67
281 5 15 3 5 2 1 3 5 0 168 98
282 16 8 2 4 5 4 1 3 72 12
283 9 1 4 3 4 1 0 44 44
284 10 1 1 4 0 4 3 1 134 87
285 14 7 3 3 3 2 4 159 47
286 10 2 2 3 3 4 1 257 31
287 5 9 2 5 0 2 4 3 1 117 43
288 9 3 2 5 2 1 4 5 0 69 39
289 10 8 3 4 5 1 4 3 206 32
290 10 11 3 3 2 1 4 100 23
291 12 9 4 4 2 0 3 1 35 93
292 10 8 2 5 1 3 2 4 5 133 71
293 12 2 3 4 0 1 3 5 55 83
294 11 8 2 6 3 4 5 1 2 0 336 21
295 16 15 5 3 5 4 2 47 47
296 10 15 5 3 0 1 4 126 99
297 3 15 4 6 3 2 5 0 4 1 273 65
298 12 1 4 5 3 0 2 5 1 75 93
299 14 3 5 3 2 5 0 226 80
61
300 5 10 1 5 1 2 3 5 4 297 72
301 10 2 4 6 3 2 1 5 0 4 246 27
302 16 9 1 4 4 2 5 1 153 78
303 11 8 2 5 0 5 3 1 4 189 91
304 11 7 1 4 3 4 5 0 54 61
305 9 15 2 6 3 2 5 4 1 0 94 10
306 10 15 3 4 4 3 5 2 105 77
307 4 3 7 3 4 0 1 161 87
308 4 8 2 3 1 4 0 165 86
309 3 1 3 4 1 0 5 4 294 26
310 3 8 2 3 3 4 1 143 51
311 16 11 4 3 5 3 2 83 43
312 16 8 1 5 3 1 0 2 5 75 56
313 5 7 2 5 1 5 4 3 0 62 100
314 12 7 1 5 3 2 0 1 5 55 25
315 11 3 3 5 0 5 2 3 4 107 88
316 4 11 1 3 2 0 3 186 37
317 5 7 8 6 3 4 2 1 0 5 63 18
318 4 8 2 6 0 1 3 2 4 5 79 87
319 14 2 1 3 0 2 5 281 74
320 4 8 2 4 4 0 1 2 69 53
321 4 11 2 5 2 3 0 5 4 26 30
322 16 8 4 6 0 4 5 1 3 2 83 19
323 10 7 3 4 2 1 0 4 178 39
324 16 11 3 6 2 5 3 1 0 4 173 65
325 10 2 2 4 0 1 4 2 81 52
326 9 8 2 3 0 2 3 146 60
327 14 7 4 3 5 3 4 145 30
328 16 2 7 5 5 1 3 0 4 71 59
329 4 1 1 6 3 2 1 0 4 5 132 71
330 5 10 2 4 1 0 4 3 166 34
331 14 7 2 5 3 5 2 0 4 182 81
332 10 1 2 6 4 5 2 1 3 0 64 91
333 10 15 2 3 3 5 0 180 17
334 9 7 3 3 1 2 5 151 42
335 4 1 2 6 4 2 1 0 5 3 173 73
336 11 3 2 3 5 4 3 216 96
337 14 15 1 6 2 0 1 5 3 4 244 43
338 10 9 2 6 1 2 3 0 4 5 119 10
339 4 9 5 3 0 4 3 149 18
340 10 15 2 3 2 5 4 53 71
341 4 1 2 3 3 0 2 106 63
342 11 1 2 4 1 0 5 3 276 14
343 11 2 2 3 5 0 2 190 27
344 4 2 3 6 3 0 1 2 4 5 35 80
345 10 15 3 3 4 2 1 145 12
346 12 10 3 3 2 0 1 133 30
347 9 11 2 3 2 3 0 109 46
348 16 2 2 5 4 1 5 3 2 43 33
349 16 11 8 6 2 5 3 1 0 4 173 65
350 14 1 2 3 5 4 2 69 78
351 9 1 3 5 3 5 1 4 2 92 97
352 10 7 2 6 4 0 5 2 1 3 121 63
353 14 11 4 5 2 3 1 5 4 123 73
354 4 15 2 4 1 3 5 0 239 61
355 5 8 2 4 4 1 2 5 106 78
356 16 1 5 4 5 4 3 0 94 14
357 5 3 1 4 4 3 0 1 145 28
358 11 9 2 5 2 4 1 0 3 28 28
359 11 10 5 5 3 4 2 5 1 240 85
360 5 7 4 5 1 3 2 4 0 122 21
76
361 12 2 4 4 3 2 1 4 63 71
362 9 8 2 5 3 4 5 1 0 43 88
363 5 9 1 4 5 0 3 4 54 34
364 11 9 5 5 2 3 0 5 4 50 20
365 11 2 6 3 2 5 0 121 90
366 4 3 3 5 0 3 5 2 4 134 82
367 16 2 1 4 5 2 3 1 109 14
368 16 1 1 4 0 1 5 2 64 52
369 4 2 2 6 4 2 0 3 5 1 70 94
370 10 7 1 4 1 2 5 0 250 79
371 14 7 1 5 3 5 2 0 4 182 81
372 4 2 2 6 3 0 1 2 4 5 35 80
373 14 2 1 4 2 1 0 4 198 81
374 14 9 2 5 4 3 1 0 2 136 35
375 5 9 3 5 2 5 0 4 1 70 100
376 3 15 2 3 1 0 5 67 36
377 16 11 1 3 5 3 2 83 43
378 11 3 1 3 5 4 1 161 63
379 12 10 4 3 3 1 0 57 31
380 10 15 1 3 3 5 0 180 17
381 11 1 2 6 0 4 3 2 5 1 153 81
382 12 11 1 5 1 3 4 2 5 19 60
383 14 1 1 3 5 3 2 42 22
384 4 1 2 3 0 5 3 55 60
385 12 1 1 3 2 4 3 96 24
386 3 7 2 5 5 3 4 0 2 122 87
387 14 3 3 5 5 0 2 4 1 171 86
388 10 7 1 4 1 2 5 0 250 79
389 16 2 4 6 2 3 5 0 1 4 100 45
390 10 7 2 3 4 0 1 144 98
391 11 10 4 4 1 5 4 0 74 32
392 5 7 3 5 1 5 4 3 0 62 100
393 12 3 1 4 2 4 3 1 73 55
394 3 7 1 6 5 4 0 1 2 3 84 90
395 9 11 2 3 2 3 0 109 46
396 4 10 5 3 2 4 0 56 22
397 9 1 1 5 0 3 4 5 1 91 54
398 4 15 2 3 4 1 0 167 45
399 14 15 2 4 3 4 2 1 99 100
400 9 15 2 6 2 4 3 1 0 5 164 75
401 9 1 5 3 2 5 1 150 37
402 14 8 1 3 0 5 3 117 25
403 14 15 2 5 2 5 1 3 4 222 16
404 11 7 3 5 5 1 0 2 3 103 87
405 12 15 2 3 4 2 5 145 53
406 5 9 3 4 1 2 3 0 164 69
407 3 10 4 5 0 3 1 2 5 89 57
408 10 9 1 4 3 2 1 4 138 19
409 16 3 2 3 3 0 1 54 82
410 5 15 5 6 2 4 1 0 5 3 65 46
411 11 7 2 4 5 3 2 0 105 94
412 4 2 2 5 4 3 0 5 2 97 22
413 11 1 2 6 4 0 3 5 1 2 158 48
414 4 9 1 5 4 1 0 5 2 95 18
415 16 7 2 3 1 3 4 134 27
416 16 8 3 5 1 5 4 2 0 50 31
417 16 8 2 3 4 5 3 70 88
418 9 2 2 3 2 0 4 105 68
419 5 8 3 3 4 2 5 205 86
420 12 10 2 4 1 5 2 3 57 61
421 16 7 3 6 3 5 1 4 2 0 130 42
422 10 9 2 3 4 5 3 136 71
423 16 15 2 5 5 3 1 0 4 46 40
424 12 7 2 5 1 5 4 2 3 117 64
425 11 3 4 4 2 4 0 3 47 30
426 4 7 1 3 5 1 2 56 56
427 16 1 2 4 0 1 5 2 64 52
428 11 9 4 5 0 3 1 5 2 59 91
429 12 8 2 4 2 5 1 3 52 39
430 9 7 2 4 2 3 4 0 95 10
431 10 15 2 4 1 2 3 4 183 14
432 12 8 3 5 4 2 5 0 1 60 65
433 3 15 2 4 3 1 2 5 180 23
434 3 1 3 3 5 1 4 363 69
435 11 7 2 5 3 2 4 1 0 112 95
436 9 2 3 6 1 5 3 0 2 4 69 64
63
437 11 10 4 3 1 5 3 218 10
438 9 2 1 3 3 4 2 133 54
439 4 3 1 5 0 3 5 2 4 134 82
440 3 8 1 4 3 0 2 4 170 89
441 11 15 1 5 0 5 1 3 4 265 75
442 10 9 1 6 3 0 5 2 1 4 193 70
443 4 8 1 6 3 2 1 0 4 5 221 27
444 5 1 2 5 3 5 2 0 4 49 57
445 4 3 1 6 0 2 5 3 4 1 164 37
446 5 2 2 5 1 5 0 2 4 150 20
447 10 8 2 4 5 1 4 3 206 32
448 14 3 2 6 2 3 4 5 0 1 94 17
449 3 10 1 6 2 0 4 3 5 1 226 47
450 4 15 2 3 4 1 0 167 45
451 16 1 1 3 1 2 4 97 80
452 5 15 1 6 1 5 0 3 4 2 215 79
453 5 1 1 4 3 1 5 2 188 36
454 16 3 5 3 3 0 5 162 43
455 9 3 1 4 1 5 0 2 83 53
456 10 9 1 6 3 0 5 2 1 4 193 70
457 16 15 1 6 4 1 3 2 5 0 237 53
458 16 7 1 3 2 1 3 151 97
459 12 7 1 3 2 4 3 66 92
460 4 10 3 3 3 2 1 31 52
461 10 15 3 4 5 0 4 3 155 97
462 12 3 6 4 0 1 3 5 53 15
463 16 2 3 3 1 4 3 117 30
464 9 10 4 5 1 0 4 5 3 47 34
465 16 11 2 3 1 3 5 96 50
466 16 15 2 5 5 1 2 3 0 91 69
467 12 15 14 6 4 5 1 3 0 2 61 83
468 12 10 2 5 0 5 3 2 1 64 21
469 5 3 2 6 2 4 1 0 3 5 172 79
470 16 10 4 5 0 5 4 3 1 170 55
471 4 8 5 4 2 4 0 3 204 13
472 12 15 1 6 1 5 3 0 2 4 133 64
473 10 2 4 6 5 1 3 0 2 4 138 46
474 10 15 3 4 2 1 4 3 134 51
475 14 11 1 5 2 5 3 0 4 81 76
476 12 8 1 4 4 3 1 0 71 71
477 5 8 1 4 2 3 1 5 247 21
478 16 8 1 3 4 5 3 70 88
479 14 10 3 5 5 4 0 3 1 167 42
480 4 15 2 4 2 1 4 5 94 36
481 12 7 4 3 4 2 3 37 68
482 5 1 2 4 2 1 3 0 156 56
483 12 1 2 3 2 4 3 96 24
484 11 7 3 3 3 5 2 187 40
485 3 15 2 3 4 1 0 73 71
486 14 15 2 5 0 3 4 5 2 100 55
487 14 10 3 3 5 3 1 62 89
488 14 9 3 3 3 1 0 49 17
489 14 15 3 6 1 4 5 3 0 2 217 71
490 11 7 2 4 0 5 1 2 98 90
491 11 3 3 4 0 3 4 2 311 71
492 16 3 2 6 2 4 1 0 3 5 51 13
493 4 8 4 3 2 5 0 91 65
494 16 15 1 4 1 3 0 4 100 31
495 16 3 4 4 5 4 0 1 42 85
496 4 8 3 4 2 4 0 3 204 13
497 14 8 5 6 0 3 2 1 4 5 167 55
498 10 7 3 6 3 2 1 5 0 4 258 56
499 14 2 7 4 3 5 2 4 30 86
76
500 11 7 2 4 5 4 1 2 122 80
501 9 1 1 3 4 0 2 75 44
502 4 15 2 5 4 2 5 1 0 134 79
503 4 3 8 5 2 0 1 4 3 130 66
504 16 10 4 4 5 2 4 1 180 13
505 12 9 1 4 1 2 3 0 88 21
506 9 11 2 6 5 1 4 2 0 3 118 49
507 4 9 1 5 5 1 3 0 4 151 28
508 14 11 1 6 4 2 5 1 0 3 226 29
509 12 15 7 3 0 3 4 41 98
510 16 1 5 4 1 5 0 2 55 37
511 10 11 2 4 1 2 0 4 203 84
512 14 1 1 4 0 3 5 4 64 17
513 11 10 1 5 4 5 2 1 0 146 61
514 10 15 1 4 5 0 2 1 114 10
515 16 8 1 3 1 5 2 72 12
516 9 11 1 3 2 3 4 183 63
517 16 3 2 5 1 3 0 2 4 140 80
518 11 1 2 3 0 5 2 213 91
519 3 15 2 3 1 4 0 158 71
520 3 7 1 5 5 3 4 0 2 122 87
521 12 11 3 5 4 5 3 0 1 64 51
522 11 7 5 3 1 4 2 215 52
523 16 11 5 6 1 4 2 3 0 5 86 24
524 12 3 3 6 4 1 2 0 5 3 55 50
525 11 7 2 4 3 4 5 0 54 61
526 9 15 10 5 2 0 5 3 1 116 48
527 14 8 2 3 0 5 3 117 25
528 10 9 3 4 5 2 0 1 178 93
529 5 7 1 6 3 2 5 0 4 1 98 41
530 5 11 2 4 2 0 3 5 330 95
531 3 2 5 3 1 3 0 193 49
532 11 2 1 4 1 3 4 5 253 32
533 9 2 10 4 5 3 0 1 179 85
534 5 11 4 5 2 0 5 3 4 370 60
535 10 15 3 6 5 0 1 2 4 3 40 16
536 5 2 2 3 1 4 0 310 44
537 3 9 3 5 3 5 4 2 0 63 95
538 16 3 1 5 2 0 1 4 3 190 74
539 4 7 2 3 3 1 0 91 77
540 12 3 2 6 4 5 1 2 0 3 38 69
541 12 15 4 4 1 2 0 3 134 40
542 5 1 2 4 0 1 4 3 141 31
543 3 10 2 3 4 1 5 39 30
544 12 10 5 6 2 4 0 3 1 5 51 50
545 12 9 2 6 3 1 4 0 2 5 84 60
546 12 8 2 4 4 3 1 0 71 71
547 10 9 1 4 3 2 1 4 138 19
548 10 2 1 3 3 5 2 169 52
549 14 8 2 6 0 4 1 2 3 5 136 99
550 3 8 2 5 0 3 4 1 2 143 12
551 16 15 2 5 1 0 5 4 2 169 36
552 12 7 3 4 3 5 0 1 78 36
553 16 10 3 6 5 1 4 3 0 2 179 86
554 5 11 1 3 2 4 1 310 93
555 3 9 2 4 2 1 0 3 53 76
556 10 1 2 5 1 2 3 5 0 73 13
557 9 7 2 4 0 3 4 2 64 98
558 12 1 1 5 5 4 0 1 3 58 68
559 4 1 1 5 5 2 4 1 3 183 74
560 5 9 5 5 1 5 4 2 0 90 48
561 16 2 6 5 1 5 2 3 0 238 76
562 11 10 2 3 1 5 3 245 48
563 12 11 3 3 0 4 1 80 28
564 9 7 2 6 2 0 5 1 3 4 24 82
565 9 15 4 5 5 3 2 1 4 34 41
566 10 1 2 5 5 2 4 3 0 155 25
567 10 1 4 6 3 5 1 2 0 4 84 87
568 12 15 2 4 4 1 5 0 63 59
569 9 8 3 4 3 4 5 2 91 18
570 16 2 4 3 2 3 1 31 78
571 3 2 5 5 3 0 4 1 5 149 65
572 11 8 2 4 2 5 1 0 151 21
573 10 11 5 4 0 5 3 2 106 21
574 10 1 3 6 2 0 5 1 4 3 28 92
575 5 11 2 3 2 4 1 310 93
93
576 9 7 2 3 5 0 3 155 30
577 12 7 2 5 3 0 2 5 1 103 34
578 11 10 1 3 1 5 3 218 10
579 12 15 1 4 4 1 5 0 63 59
580 16 9 1 3 3 1 4 19 47
581 9 8 2 6 0 2 1 5 3 4 55 54
582 3 15 1 4 3 1 2 5 180 23
583 16 8 5 5 0 2 4 1 5 67 95
584 11 15 1 5 1 5 3 2 4 135 54
585 14 11 4 5 0 1 3 2 5 243 35
586 10 15 2 3 4 5 0 123 97
587 10 2 2 4 5 1 3 0 135 59
588 14 11 4 5 2 3 1 5 4 123 73
589 5 9 1 4 0 2 1 3 106 86
590 14 15 1 4 4 5 3 0 40 22
591 16 11 6 3 0 4 1 151 58
592 3 2 2 6 4 5 2 3 0 1 191 33
593 5 3 1 3 5 2 1 120 69
594 16 3 4 4 2 0 1 4 145 54
595 16 10 4 3 5 0 3 134 35
596 10 15 1 6 5 0 2 1 3 4 76 94
597 10 2 1 5 5 1 3 0 4 246 26
598 12 3 1 3 1 4 3 42 75
599 11 10 4 5 2 0 5 3 4 103 25
600 9 2 1 4 5 3 0 1 179 85
601 9 11 7 6 1 2 5 4 0 3 97 53
602 14 3 1 6 0 1 2 5 3 4 141 29
603 10 8 1 5 1 2 3 0 5 67 67
604 16 8 3 5 4 2 1 5 3 68 71
605 11 3 1 3 5 4 3 216 96
606 9 15 2 4 4 0 5 1 129 31
607 14 9 2 6 4 2 1 3 5 0 97 61
608 3 9 6 5 0 1 3 4 2 174 87
609 10 15 2 3 4 2 1 145 12
610 5 2 1 4 2 4 0 3 330 90
611 14 8 2 5 5 1 3 0 4 61 18
612 4 2 2 3 0 4 3 173 40
613 9 10 2 4 3 4 1 5 149 74
614 12 15 3 5 4 3 5 1 0 135 75
615 11 15 3 6 4 2 3 0 1 5 239 90
616 11 1 3 3 3 2 5 244 66
617 9 1 1 5 0 2 3 4 5 81 93
618 3 9 2 6 4 5 2 0 1 3 52 70
619 14 11 5 3 2 5 0 183 73
620 12 7 4 6 1 5 3 4 2 0 116 44
621 10 9 3 3 2 1 3 46 83
622 16 11 3 6 1 5 4 2 3 0 73 91
623 12 3 1 3 2 5 4 72 84
624 9 2 2 4 4 2 3 0 158 35
625 12 1 1 4 4 1 3 0 33 51
626 10 8 3 4 5 1 4 3 206 32
627 16 8 3 4 5 0 3 2 76 74
628 4 3 5 3 5 2 4 155 79
629 9 3 1 3 5 2 1 117 14
630 5 11 2 6 1 5 4 2 0 3 74 55
631 3 7 2 6 1 0 2 4 5 3 122 22
632 5 1 4 5 3 5 2 0 4 49 57
633 14 2 1 4 0 2 5 1 147 20
634 5 10 2 3 5 4 3 166 54
635 5 9 2 4 0 2 1 3 106 86
636 16 7 1 4 1 3 4 5 71 86
637 14 15 3 6 1 4 5 3 0 2 217 71
638 9 8 6 3 1 4 3 104 94
639 9 11 2 4 1 3 4 2 97 52
640 10 15 1 3 4 2 1 145 12
641 14 2 4 4 2 1 0 4 198 81
642 3 8 1 6 0 3 1 5 2 4 271 19
643 10 9 2 3 0 5 2 139 22
644 5 3 4 6 1 4 5 3 2 0 207 56
645 11 15 2 3 3 2 0 140 78
646 4 2 1 4 3 2 1 5 188 30
647 5 2 2 5 3 2 1 0 5 186 36
648 10 2 4 4 0 1 4 2 81 52
649 14 7 3 3 3 2 4 159 47
650 11 1 4 3 3 2 4 161 44
651 5 8 4 4 4 1 2 5 106 78
652 14 2 1 6 0 5 4 2 3 1 57 37
653 14 1 2 3 5 4 2 69 78
654 3 2 3 5 3 4 2 5 0 234 79
655 12 1 2 5 5 4 0 1 3 58 68
656 9 2 6 3 5 1 0 55 96
657 3 10 2 6 5 1 3 4 0 2 241 43
658 4 1 2 3 2 4 1 76 34
659 12 9 3 5 3 4 1 0 2 182 22
660 16 15 6 6 2 4 3 5 1 0 154 91
661 16 9 1 3 3 0 2 77 29
662 9 15 1 5 2 5 3 1 0 135 66
663 10 3 2 6 1 2 5 0 4 3 115 85
664 5 2 2 4 2 4 0 3 330 90
665 14 11 2 4 4 5 3 1 116 13
666 10 11 3 6 4 5 1 2 0 3 294 60
667 16 8 5 4 5 0 3 1 98 88
668 11 9 3 3 5 0 4 92 32
79
669 10 15 1 6 1 0 5 3 4 2 224 67
670 12 9 2 6 5 0 4 2 3 1 118 16
671 12 1 2 5 3 0 2 5 1 75 93
672 4 7 8 6 0 4 2 1 5 3 178 25
673 14 2 6 5 4 1 3 5 0 210 58
674 11 1 4 5 2 0 3 4 5 115 63
675 9 7 1 6 5 4 0 2 3 1 118 75
676 5 11 4 6 0 1 3 2 4 5 415 80
677 4 9 1 5 2 4 1 5 0 45 16
678 12 7 1 3 3 2 0 122 83
679 12 9 1 6 3 1 4 0 2 5 84 60
680 14 11 1 6 5 4 0 3 2 1 92 61
681 10 1 2 3 3 2 5 146 83
682 10 11 2 3 1 5 4 92 43
683 9 8 1 4 4 2 0 1 100 51
684 14 3 1 3 2 5 0 226 80
685 10 7 2 6 1 3 4 0 2 5 121 74
686 5 7 1 3 4 0 1 259 78
687 16 11 1 6 0 2 4 5 1 3 108 66
688 9 1 5 4 5 2 0 4 72 29
689 16 7 5 6 1 2 5 0 3 4 80 80
690 4 3 3 5 5 4 3 2 0 88 58
691 3 9 3 6 5 0 1 4 2 3 44 74
692 14 1 1 6 4 3 1 2 0 5 137 94
693 5 2 3 6 2 3 1 5 0 4 306 24
694 11 1 2 6 3 5 1 0 4 2 76 85
695 9 1 4 4 1 3 4 0 129 16
696 16 2 2 6 0 4 3 2 1 5 65 31
697 11 7 2 6 2 4 3 1 0 5 302 23
698 9 7 1 6 1 3 4 5 0 2 107 99
699 10 11 3 3 0 4 1 151 78
700 14 9 3 3 3 1 0 49 17
701 5 1 5 4 1 5 0 2 290 42
702 14 3 1 5 1 5 3 2 4 274 92
703 11 10 4 3 1 5 3 218 10
704 11 8 2 4 2 5 1 0 151 21
705 12 10 7 4 0 4 5 2 129 26
706 16 7 3 3 0 3 5 189 78
707 12 3 3 6 3 4 0 2 5 1 59 45
708 12 7 2 3 2 3 0 24 46
709 4 10 3 5 2 3 4 5 0 66 75
710 10 7 2 4 1 3 5 0 204 98
711 4 8 2 3 1 4 5 39 98
712 16 7 4 3 2 1 3 151 97
713 12 9 1 3 3 2 5 108 12
714 12 2 2 5 5 4 2 3 1 58 19
715 12 15 2 3 5 0 4 123 37
716 16 15 2 3 3 2 5 143 56
717 11 9 3 4 0 5 2 1 87 99
718 11 2 3 4 3 1 2 5 179 17
719 14 2 2 5 3 1 0 4 5 108 82
720 10 1 1 5 5 2 4 3 0 155 25
721 12 10 5 3 2 0 1 133 30
722 5 10 2 4 5 2 4 0 264 37
723 14 11 2 5 2 3 1 5 4 123 73
724 14 8 2 4 2 4 5 1 47 31
725 3 11 2 3 3 1 2 159 81
726 4 1 4 3 2 0 3 50 43
727 5 11 2 4 3 1 5 4 83 91
728 14 9 3 6 2 4 3 0 1 5 114 41
729 12 2 1 6 3 5 4 1 0 2 108 55
730 4 15 2 4 2 1 4 5 94 36
731 12 9 2 3 5 4 1 46 82
732 5 10 5 3 4 0 5 113 44
733 11 15 3 5 2 5 0 1 3 137 64
734 9 7 2 6 1 3 4 5 0 2 107 99
735 12 3 2 4 0 4 3 2 98 49
736 14 3 2 6 5 2 3 0 1 4 101 90
737 14 11 5 6 4 2 5 1 0 3 226 29
738 12 2 2 5 2 4 1 5 3 82 76
739 11 10 3 5 3 4 2 5 1 240 85
740 9 2 4 3 2 0 1 149 62
741 16 9 3 5 4 3 2 5 1 12 29
742 4 3 3 6 3 2 5 4 1 0 135 45
743 12 9 3 6 4 5 2 1 0 3 88 34
744 12 9 5 6 1 4 2 5 0 3 118 67
745 16 8 2 3 4 5 3 70 88
746 9 1 2 6 3 5 1 0 4 2 103 95
747 9 1 2 4 1 5 3 0 84 25
82
748 5 3 4 6 1 5 0 3 2 4 62 73
749 5 11 1 6 4 2 3 5 0 1 167 73
750 9 15 2 5 2 3 4 5 0 137 69
751 3 11 1 5 1 5 2 0 4 22 40
752 3 11 2 5 0 4 3 5 1 386 76
753 5 9 1 4 3 1 4 2 126 36
754 4 2 2 6 3 0 1 2 4 5 35 80
755 5 8 1 3 2 4 0 145 27
756 14 15 1 3 5 4 2 45 48
757 11 7 2 3 2 3 4 169 30
758 12 9 1 6 3 4 2 5 1 0 76 88
759 9 2 1 5 4 1 2 5 3 79 86
760 11 9 1 5 2 3 0 5 1 63 64
761 3 8 1 6 5 1 3 4 0 2 118 86
762 5 15 2 3 1 3 5 243 27
763 10 1 2 4 1 3 2 4 154 70
764 12 9 2 4 3 1 2 0 94 83
765 4 9 1 5 5 1 3 0 4 151 28
766 4 8 3 4 2 4 0 3 204 13
767 5 15 1 4 2 0 3 1 100 43
768 4 8 3 4 4 2 5 0 117 70
769 12 10 1 3 0 2 5 41 40
770 4 3 2 3 5 2 4 155 79
771 3 9 2 6 0 3 1 5 2 4 122 91
772 16 8 1 5 3 1 0 2 5 75 56
773 9 3 1 6 4 0 5 3 1 2 134 77
774 10 8 2 4 5 2 1 4 341 46
775 4 1 2 3 2 5 1 67 77
776 4 11 2 4 4 1 5 0 312 68
777 5 8 3 3 3 2 0 228 84
778 16 15 2 4 4 3 2 0 115 87
779 14 15 4 6 1 2 3 0 5 4 180 92
780 10 2 2 5 4 0 2 1 3 217 53
781 9 15 3 3 1 3 4 90 72
782 3 11 4 5 5 0 4 2 3 185 92
783 16 7 1 4 3 5 1 2 42 43
784 14 11 4 4 0 1 2 4 110 24
785 16 3 3 3 5 3 4 108 74
786 3 15 1 3 1 0 5 67 36
787 4 10 3 4 1 2 4 3 188 32
788 11 3 2 5 0 3 1 5 4 239 61
789 3 9 1 6 2 4 1 0 3 5 75 74
790 14 3 1 6 3 4 1 0 2 5 147 66
791 5 2 3 6 1 0 4 5 3 2 129 56
792 10 9 1 3 0 3 5 177 79
793 14 2 2 6 1 4 5 2 3 0 80 31
794 14 15 7 4 1 2 5 0 206 62
795 10 3 1 6 1 2 5 0 4 3 115 85
796 12 9 3 3 2 3 5 99 50
797 4 11 2 6 1 5 2 3 0 4 56 48
798 16 1 4 6 4 3 2 0 5 1 101 77
799 4 7 4 6 2 4 3 0 1 5 173 17
800 3 10 3 5 4 3 2 5 1 81 12
801 10 7 6 3 4 0 1 144 98
802 16 8 3 3 5 2 0 17 81
803 9 11 4 5 5 0 2 1 4 74 66
804 5 8 5 4 1 4 2 3 192 22
805 12 3 1 3 2 5 4 72 84
806 3 7 5 6 5 4 0 1 2 3 84 90
807 12 15 2 3 1 0 3 76 33
808 11 7 6 6 2 4 3 1 0 5 302 23
809 11 9 3 6 4 1 3 0 5 2 107 70
810 4 11 1 6 2 5 0 4 3 1 179 29
811 14 15 1 4 4 5 3 0 40 22
812 16 3 3 3 5 3 2 135 78
813 4 3 1 6 3 2 5 4 1 0 135 45
814 4 8 2 6 2 4 0 5 3 1 134 23
815 12 1 1 3 4 0 3 58 77
816 4 15 2 3 0 1 2 176 46
817 9 1 4 5 0 2 3 4 5 81 93
818 5 8 3 3 2 5 4 254 90
819 10 1 3 4 4 0 1 2 77 54
820 4 3 2 4 5 2 3 4 94 84
821 5 7 5 5 1 5 0 3 2 189 41
822 16 15 3 4 4 3 2 0 115 87
823 11 9 2 5 2 3 0 5 1 63 64
824 14 8 2 3 0 3 4 85 21
825 16 15 3 3 3 2 5 143 56
826 9 2 3 3 4 2 3 122 69
827 16 3 4 3 5 3 4 108 74
828 11 9 4 3 5 3 4 37 42
829 5 11 2 5 3 5 1 2 4 136 50
76
830 3 15 2 6 3 4 0 5 1 2 166 75
831 5 3 2 5 2 4 5 0 1 283 66
832 14 9 1 5 0 5 1 4 2 94 30
833 4 11 1 5 0 5 4 2 3 156 27
834 4 11 5 6 2 4 3 0 5 1 92 36
835 4 7 3 5 0 1 5 3 2 143 59
836 4 7 1 4 5 3 2 0 90 69
837 11 15 3 6 4 2 3 0 1 5 239 90
838 10 2 1 3 4 0 2 166 88
839 5 9 5 5 0 2 4 3 1 117 43
840 9 1 3 3 4 0 2 75 44
841 12 10 1 5 0 2 5 3 4 34 68
842 16 1 1 4 3 2 1 0 106 71
843 12 9 2 3 3 2 5 108 12
844 16 9 5 6 0 4 5 3 1 2 114 51
845 3 1 1 4 1 2 3 5 156 89
846 14 7 2 6 1 3 2 0 5 4 183 31
847 16 7 3 3 4 0 2 163 80
848 14 15 1 3 5 4 2 45 48
849 10 15 2 4 4 3 5 2 105 77
850 5 15 2 4 5 4 1 2 97 92
851 9 7 2 5 2 3 5 4 0 102 40
852 12 10 1 5 0 5 3 2 1 64 21
853 11 1 3 6 4 2 0 1 5 3 292 85
854 3 15 3 5 5 1 0 4 3 59 99
855 10 15 6 5 2 0 1 5 4 244 88
856 14 11 2 5 2 5 3 0 4 81 76
857 16 15 2 3 3 2 5 143 56
858 3 15 3 3 1 4 0 158 71
859 12 9 2 4 3 1 2 0 98 40
860 4 9 1 3 3 5 0 107 38
861 16 8 2 4 3 5 2 0 167 70
862 11 2 1 6 2 1 4 0 3 5 253 41
863 12 15 4 6 1 0 2 4 5 3 94 43
864 11 3 2 6 5 1 3 4 0 2 136 58
865 16 15 1 4 0 4 5 3 166 28
866 10 8 1 5 1 3 2 4 5 133 71
867 10 3 2 3 5 0 4 179 74
868 3 2 1 6 5 4 1 3 2 0 113 90
869 9 11 1 6 0 5 1 3 4 2 108 100
870 10 8 1 4 5 1 4 3 206 32
871 16 7 4 3 0 3 5 189 78
872 12 1 4 3 4 0 3 84 44
873 4 9 2 4 5 4 0 2 60 11
874 16 11 3 3 2 1 0 108 50
875 14 7 2 6 4 5 2 3 0 1 171 52
876 11 10 2 5 3 4 2 5 1 240 85
877 9 1 4 5 0 3 4 5 1 91 54
878 14 11 3 3 0 5 4 315 62
879 16 1 1 4 5 4 3 0 94 14
880 4 11 2 5 2 3 4 0 1 82 26
881 11 10 2 3 3 0 5 90 60
882 12 3 2 4 0 1 3 5 53 15
883 4 10 4 5 1 5 0 2 4 140 74
884 9 11 5 5 5 0 2 1 4 74 66
885 16 11 3 5 5 1 0 2 4 158 79
886 12 3 6 4 3 2 5 4 51 94
887 10 2 1 3 0 2 3 82 35
888 16 8 3 6 0 4 5 1 3 2 83 19
889 4 15 2 5 4 2 3 1 5 188 61
890 4 11 5 4 0 3 2 5 139 20
891 11 9 2 5 4 0 1 5 2 157 38
892 5 7 2 3 4 5 3 134 88
893 4 3 2 5 0 1 5 3 4 154 22
894 4 9 3 3 0 4 3 149 18
895 10 7 4 6 1 3 4 0 2 5 121 74
896 3 2 2 6 1 3 5 0 4 2 168 78
897 16 9 5 4 2 5 0 3 130 22
898 4 7 4 5 4 0 3 1 5 165 76
899 4 10 2 3 4 1 2 113 98
900 4 11 2 5 0 5 3 2 1 193 65
901 5 11 4 6 5 2 4 3 0 1 347 93
902 11 3 3 3 3 5 4 54 38
903 11 7 2 5 3 1 0 4 5 243 68
904 10 11 2 3 1 5 4 92 43
905 3 2 2 4 4 3 0 5 338 21
70
906 3 8 1 6 2 4 0 3 1 5 192 18
907 9 1 2 4 1 3 4 0 129 16
908 10 9 4 6 3 0 4 1 2 5 96 21
909 12 7 1 4 1 4 5 3 51 92
910 11 3 1 5 2 3 1 0 5 349 81
911 16 8 1 4 3 5 2 0 167 70
912 5 9 4 6 5 2 4 0 3 1 208 64
913 12 2 1 5 0 2 5 4 1 103 22
914 12 3 1 3 3 2 5 60 69
915 12 9 1 6 5 1 2 4 0 3 73 45
916 11 10 6 4 3 5 1 0 85 57
917 16 7 1 6 0 4 3 1 5 2 28 50
918 3 15 4 3 2 5 1 56 99
919 16 9 1 4 5 2 3 4 41 83
920 4 1 1 3 2 5 1 67 77
921 5 1 4 6 2 4 5 0 1 3 108 50
922 4 7 3 5 4 5 0 1 2 81 45
923 16 10 2 3 1 5 4 133 44
924 4 1 2 4 4 0 1 5 159 39
925 9 11 2 3 2 3 0 109 46
926 10 11 4 6 2 1 3 4 0 5 56 85
927 5 7 2 4 0 1 3 5 237 94
928 9 2 1 4 0 5 2 1 113 44
929 11 9 4 4 5 4 2 0 123 46
930 5 3 1 5 2 4 5 0 1 283 66
931 4 8 5 5 2 1 3 0 5 222 35
932 4 11 4 5 0 5 3 2 1 193 65
933 3 15 2 3 0 1 3 170 73
934 9 15 3 3 2 3 1 101 61
935 10 8 2 5 1 0 3 4 5 65 76
936 16 1 1 3 5 2 4 151 75
937 9 7 2 6 1 0 4 3 2 5 145 66
938 16 1 2 6 4 3 2 0 5 1 101 77
939 3 1 3 3 5 1 4 363 69
940 12 9 3 6 5 2 3 4 0 1 106 47
941 4 11 4 6 2 5 0 4 3 1 179 29
942 4 9 8 3 5 0 1 165 38
943 12 9 3 6 5 1 2 4 0 3 73 45
944 10 1 2 5 2 0 4 1 5 94 91
945 12 1 1 5 0 1 4 3 5 45 69
946 14 15 2 6 5 2 4 1 0 3 113 37
947 12 15 2 3 5 3 2 15 52
948 11 2 1 6 0 5 1 4 3 2 463 45
949 16 8 1 4 3 5 2 0 167 70
950 3 7 2 4 5 3 0 2 84 43
951 14 3 2 3 2 1 4 51 99
952 9 10 1 4 4 1 0 2 48 50
953 9 2 5 3 5 1 0 55 96
954 3 2 6 5 2 1 3 4 0 181 14
955 9 7 5 6 1 0 4 3 2 5 145 66
956 11 7 2 4 3 0 1 2 77 68
957 16 1 1 4 3 2 1 0 106 71
958 10 2 2 3 4 3 5 301 30
959 9 15 2 6 0 1 3 4 5 2 95 45
960 4 8 2 3 1 4 0 165 86
961 11 10 2 4 0 3 2 4 41 26
962 11 2 4 5 5 3 0 4 2 168 74
963 12 15 2 4 5 0 3 1 149 59
964 11 3 3 3 3 5 4 54 38
965 10 7 2 4 0 3 4 1 119 77
966 9 8 2 4 0 2 4 5 67 98
967 16 9 1 3 4 2 1 10 60
968 12 11 2 4 0 3 5 4 100 66
969 5 10 1 3 4 5 2 49 77
970 16 2 3 6 5 1 4 3 2 0 45 90
971 5 3 4 3 1 4 0 164 26
972 3 8 4 3 5 2 0 93 64
973 11 3 3 5 2 3 1 0 5 349 81
974 5 8 3 6 0 3 5 4 2 1 181 95
975 16 10 2 5 3 4 0 2 1 96 50
86
976 9 7 2 4 1 4 5 0 146 10
977 9 15 2 3 1 3 5 131 52
978 14 10 1 6 4 3 0 5 2 1 73 67
979 10 8 1 3 3 1 5 98 85
980 10 15 1 6 5 0 2 1 3 4 76 94
981 3 15 1 5 2 3 4 5 1 138 14
982 14 8 1 6 2 3 0 5 4 1 90 67
983 5 11 4 5 3 5 1 2 4 136 50
984 12 9 1 5 3 4 1 0 2 182 22
985 12 2 1 4 1 3 5 2 39 69
986 4 7 2 5 4 0 3 1 5 165 76
987 4 10 4 3 5 0 2 108 71
988 9 1 1 5 3 5 2 1 0 61 25
989 14 3 1 3 2 1 4 51 99
990 12 1 3 5 3 0 2 5 1 75 93
991 4 15 1 4 4 5 3 0 158 34
992 3 15 3 6 2 1 4 0 3 5 38 42
993 9 11 3 3 1 5 3 132 25
994 9 11 2 6 0 5 1 3 4 2 108 100
995 16 11 4 4 5 2 4 1 159 50
996 5 8 3 4 2 1 0 4 183 69
997 5 11 1 6 4 2 3 5 0 1 167 73
998 12 11 1 5 1 3 4 2 5 19 60
999 11 3 2 4 2 4 0 3 47 30
1000 4 10 1 3 2 4 0 56 22
1001 10 7 1 6 4 5 1 3 2 0 118 58
1002 4 7 1 5 4 0 3 1 5 165 76
1003 9 3 2 3 4 3 0 67 46
1004 16 9 5 4 5 2 3 4 41 83
1005 3 8 1 5 4 2 3 1 5 40 64
1006 12 11 4 3 2 5 0 85 32
1007 4 10 2 6 2 4 0 1 3 5 173 65
1008 16 2 2 3 2 3 1 31 78
1009 11 1 5 4 0 3 1 4 290 82
1010 5 9 2 4 5 4 1 3 137 73
1011 9 7 1 4 3 1 0 2 126 77
1012 3 11 2 5 1 5 4 0 2 256 41
1013 3 11 1 3 0 2 4 409 72
1014 5 7 1 4 2 5 3 1 132 67
1015 10 1 1 3 3 2 5 146 83
1016 11 8 3 6 0 2 3 1 5 4 350 80
1017 3 11 1 4 2 3 5 4 299 37
1018 10 2 7 6 3 1 4 0 2 5 321 50
1019 11 1 1 5 1 5 3 0 4 325 74
1020 14 8 2 5 5 1 3 0 4 61 18
1021 9 10 1 5 3 0 4 2 1 143 25
1022 12 15 4 6 1 5 3 0 2 4 133 64
1023 10 1 1 6 5 4 1 3 0 2 180 95
1024 5 2 3 6 2 3 1 5 0 4 306 24
1025 14 7 1 5 1 4 3 0 5 266 10
1026 11 2 2 5 1 5 0 3 2 134 49
1027 14 15 5 5 1 3 5 0 4 123 39
1028 4 10 3 4 1 2 4 3 188 32
1029 16 11 3 3 3 1 5 67 86
1030 11 7 4 6 2 4 3 1 0 5 302 23
1031 16 3 2 4 1 0 4 2 122 34
1032 5 2 3 6 2 3 1 5 0 4 306 24
1033 16 9 3 3 4 0 5 108 55
1034 5 15 2 5 0 1 2 3 4 74 84
1035 14 2 2 3 0 2 5 281 74
1036 5 1 1 4 0 5 4 2 171 75
1037 3 2 1 3 5 4 0 144 11
1038 5 3 1 4 5 1 4 0 130 25
1039 5 9 3 3 0 1 5 31 50
1040 9 8 2 3 3 5 4 11 19
1041 11 3 2 3 3 5 4 54 38
1042 9 15 2 4 0 2 3 1 170 31
1043 14 3 4 6 2 3 4 5 0 1 94 17
1044 14 10 2 4 2 0 4 5 187 12
1045 14 10 2 5 5 0 4 1 3 11 51
1046 11 9 2 5 5 0 4 2 3 108 28
1047 11 10 4 4 0 2 4 3 150 37
1048 5 15 2 6 2 3 1 4 5 0 117 96
1049 12 10 2 4 1 4 5 2 72 96
1050 14 9 3 4 2 3 5 4 69 38
1051 5 3 2 3 5 2 1 120 69
1052 4 2 2 3 0 4 3 173 40
1053 10 11 4 4 1 2 0 4 203 84
1054 10 8 3 3 2 4 5 210 28
1055 16 9 4 4 5 2 3 4 41 83
1056 16 11 3 3 3 1 5 67 86
1057 16 11 3 6 3 1 4 5 2 0 81 15
1058 16 15 1 4 0 4 5 3 166 28
1059 11 3 2 4 3 1 2 0 118 91
1060 9 1 3 5 2 5 4 0 1 92 32
1061 4 10 8 4 4 5 3 0 151 55
69
1062 11 8 2 6 3 4 2 0 1 5 178 39
1063 3 7 4 3 2 0 1 147 86
1064 3 7 1 6 5 4 3 1 0 2 139 48
1065 3 8 3 3 3 4 1 143 51
1066 12 8 1 5 5 1 4 0 3 66 63
1067 4 10 1 6 5 1 2 4 0 3 142 15
1068 16 3 2 4 1 0 4 2 122 34
1069 9 15 1 5 2 3 4 5 0 137 69
1070 9 3 1 4 1 5 0 2 83 53
1071 3 15 1 4 0 3 2 1 38 55
1072 5 10 2 6 2 4 3 0 5 1 261 96
1073 9 7 5 4 2 3 4 0 95 10
1074 4 11 2 6 2 4 3 0 5 1 92 36
1075 5 9 1 4 1 2 4 0 84 65
1076 5 3 4 4 5 1 4 0 130 25
1077 10 15 3 3 0 4 5 194 98
1078 12 1 3 5 0 1 4 3 5 45 69
1079 12 10 1 6 3 4 1 0 5 2 17 28
1080 12 3 3 3 0 3 5 33 91
1081 4 7 1 5 4 1 5 0 3 59 93
1082 5 3 1 5 2 4 5 0 1 283 66
1083 3 11 2 3 0 1 3 219 87
1084 10 2 2 3 3 5 0 21 69
1085 4 2 1 4 3 2 1 5 188 30
1086 4 15 2 4 2 3 5 1 90 83
1087 12 11 1 5 5 4 3 2 0 37 12
1088 12 9 3 4 3 1 2 0 98 40
1089 16 15 5 6 4 1 3 2 5 0 237 53
1090 3 15 2 6 0 3 5 4 1 2 134 49
1091 4 11 1 6 2 4 3 0 5 1 92 36
1092 4 1 8 3 0 5 3 55 60
1093 11 3 3 4 0 2 5 4 236 95
1094 12 1 1 4 4 1 3 0 33 51
1095 16 9 2 4 5 1 0 2 124 71
1096 16 7 5 3 1 3 4 134 27
1097 4 9 1 6 1 4 2 5 0 3 185 14
1098 14 8 2 6 2 3 0 5 4 1 90 67
1099 16 15 4 4 0 4 5 3 166 28
1100 9 11 1 5 0 2 5 1 4 36 22
1101 14 15 2 6 4 5 0 3 2 1 124 53
1102 4 2 1 3 0 4 3 173 40
1103 4 8 7 6 3 2 1 0 4 5 221 27
1104 4 8 1 6 2 4 0 5 3 1 134 23
1105 10 9 2 4 3 2 1 4 138 19
1106 4 1 2 5 5 2 4 1 3 183 74
1107 9 3 4 6 4 5 2 0 3 1 86 14
1108 3 8 2 5 2 1 4 0 5 420 63
1109 9 1 3 5 5 1 3 0 4 101 67
1110 5 8 2 6 0 3 5 4 2 1 181 95
1111 16 11 3 3 0 1 2 165 18
1112 11 9 2 6 5 2 3 0 1 4 114 21
1113 12 8 1 3 3 5 1 80 98
1114 11 10 2 4 3 1 2 0 67 87
1115 11 9 2 3 5 1 0 43 60
1116 12 1 4 4 3 4 5 1 100 52
1117 12 7 2 5 1 0 2 3 4 44 13
1118 16 7 3 3 0 3 5 189 78
1119 12 1 2 3 0 5 2 109 97
1120 16 7 3 5 5 3 0 2 1 115 82
1121 10 3 4 6 1 2 5 0 4 3 115 85
1122 14 1 2 3 5 4 2 69 78
1123 4 15 3 5 4 2 5 1 0 134 79
1124 3 15 1 5 0 2 4 1 3 40 98
1125 14 15 3 6 2 3 5 4 0 1 159 13
1126 3 11 1 5 1 5 2 0 4 22 40
1127 4 8 2 4 4 2 5 0 123 82
1128 3 1 3 5 5 0 1 2 4 318 29
1129 12 3 2 4 3 2 5 4 51 94
1130 5 15 3 6 3 4 5 0 2 1 103 74
82
1131 9 15 4 6 5 2 1 3 4 0 136 57
1132 11 9 1 6 5 2 3 0 1 4 114 21
1133 5 7 2 4 5 2 1 0 134 52
1134 14 3 1 5 5 0 4 3 2 219 66
1135 14 15 1 5 2 5 1 3 4 222 16
1136 12 7 1 4 1 2 4 5 72 14
1137 14 10 2 6 1 0 5 4 2 3 47 90
1138 11 10 1 5 4 5 2 1 0 146 61
1139 10 11 1 6 2 1 3 4 0 5 56 85
1140 5 7 1 3 4 0 5 242 50
1141 14 7 5 5 1 4 3 0 5 266 10
1142 9 3 2 6 4 5 2 0 3 1 86 14
1143 12 10 3 4 0 4 5 2 129 26
1144 10 15 2 3 2 5 4 41 61
1145 12 3 5 4 0 4 3 2 98 49
1146 3 7 5 6 3 1 2 4 0 5 71 39
1147 4 15 2 4 2 1 4 5 94 36
1148 12 15 2 6 4 5 1 3 0 2 61 83
1149 5 11 2 4 5 0 4 2 210 18
1150 11 3 1 4 3 1 2 0 118 91
1151 10 1 1 5 5 2 4 3 0 155 25
1152 5 7 1 4 2 5 3 1 132 67
1153 14 11 3 6 4 2 5 1 0 3 226 29
1154 14 9 7 5 3 2 1 4 0 128 30
1155 14 15 2 6 4 5 0 3 2 1 124 53
1156 4 7 3 5 1 2 0 4 3 48 40
1157 11 2 2 3 1 0 2 246 26
1158 14 7 2 5 0 5 1 3 4 134 97
1159 16 7 6 3 2 5 3 118 32
1160 5 15 1 5 5 1 2 3 4 107 76
1161 11 9 3 5 2 4 1 0 3 28 28
1162 11 3 2 3 0 1 5 219 96
1163 10 3 3 5 1 0 4 2 3 289 92
1164 9 3 3 6 2 4 0 3 5 1 126 21
1165 12 15 1 6 3 0 4 1 5 2 86 55
1166 11 1 1 5 1 5 3 0 4 325 74
1167 3 1 1 5 1 2 0 4 3 331 26
1168 3 15 1 6 3 2 5 0 4 1 273 65
1169 4 2 2 6 4 2 0 3 5 1 70 94
1170 5 7 2 6 1 2 5 4 0 3 140 19
1171 16 8 1 5 4 5 1 3 2 112 71
1172 14 15 6 6 5 1 2 3 0 4 124 66
1173 16 7 2 5 5 3 0 2 1 115 82
1174 12 9 3 4 2 0 3 1 35 93
1175 4 2 2 6 4 2 0 3 5 1 70 94
1176 5 1 1 4 3 1 5 2 188 36
1177 12 9 1 5 3 4 1 0 2 182 22
1178 12 8 2 3 1 3 0 14 54
1179 16 8 6 6 0 4 5 1 3 2 83 19
1180 9 11 4 5 1 5 0 3 4 128 47
1181 4 8 5 4 2 4 0 3 204 13
1182 4 7 5 5 4 1 5 0 3 59 93
1183 3 15 2 6 3 4 0 5 1 2 166 75
1184 11 2 3 4 0 1 5 4 70 22
1185 12 9 2 6 4 5 2 1 0 3 88 34
1186 14 7 3 4 4 0 2 1 171 92
1187 3 7 3 5 2 4 5 1 3 183 86
1188 11 2 2 4 0 1 5 4 70 22
1189 16 15 4 6 2 4 3 5 1 0 154 91
1190 3 11 8 3 3 1 2 159 81
1191 5 7 2 4 2 5 3 1 132 67
1192 4 11 1 5 3 4 0 5 2 18 91
1193 4 3 3 5 5 3 2 0 1 176 67
1194 14 10 3 6 4 3 0 5 2 1 73 67
1195 10 1 2 5 1 2 3 5 0 73 13
1196 5 15 2 6 0 4 3 1 2 5 218 50
1197 3 9 2 5 5 1 2 4 3 67 19
1198 9 15 4 5 5 0 3 4 1 62 67
1199 9 3 9 4 1 5 0 2 83 53
1200 10 9 2 6 0 2 1 4 5 3 187 99
1201 11 8 4 5 4 3 5 0 2 160 18
1202 9 3 3 6 5 1 3 4 2 0 141 50
1203 10 1 2 4 3 4 2 0 209 60
1204 5 1 2 4 2 1 3 0 156 56
1205 4 10 3 5 3 2 1 4 0 276 10
1206 10 8 2 5 2 5 1 0 3 113 46
1207 10 11 3 4 1 2 0 4 203 84
1208 3 9 4 4 2 3 4 0 125 80
1209 16 8 3 6 5 1 0 3 2 4 129 54
1210 9 11 2 6 5 1 4 2 0 3 118 49
1211 16 10 2 4 5 0 2 1 138 85
1212 3 15 3 6 0 3 5 4 1 2 134 49
69
1213 3 15 4 5 2 3 4 5 1 138 14
1214 16 7 1 6 4 1 3 2 0 5 79 11
1215 9 15 3 6 0 2 1 4 3 5 65 34
1216 10 3 2 5 3 0 4 1 2 56 30
1217 10 1 3 6 2 5 0 4 3 1 219 13
1218 5 9 1 4 0 4 1 2 95 34
1219 3 10 1 6 0 5 4 1 2 3 131 96
1220 12 10 3 6 3 4 1 0 5 2 17 28
1221 14 3 1 4 2 0 5 1 119 84
1222 14 15 4 6 5 2 4 1 0 3 113 37
1223 9 7 2 3 1 2 5 151 42
1224 5 2 1 6 4 0 3 2 5 1 195 35
1225 16 3 2 3 5 4 3 156 32
1226 14 1 3 5 4 5 2 0 1 182 82
1227 9 2 3 5 4 2 1 5 3 97 83
1228 14 11 1 5 2 3 1 5 4 123 73
1229 14 10 1 5 4 5 0 3 1 48 56
1230 4 3 1 3 1 0 3 252 78
1231 14 3 5 6 3 4 1 0 2 5 147 66
1232 16 9 2 6 5 1 2 4 0 3 71 35
1233 5 10 1 3 5 4 3 166 54
1234 4 10 2 3 3 2 1 31 52
1235 14 8 2 6 0 3 2 1 4 5 167 55
1236 11 9 1 3 5 0 4 92 32
1237 11 2 2 6 2 1 4 0 3 5 253 41
1238 16 3 2 3 5 0 4 24 92
1239 5 1 3 4 0 3 1 5 352 35
1240 9 8 3 5 2 3 4 1 5 153 57
1241 14 3 2 6 5 0 1 3 4 2 210 29
1242 4 2 1 4 3 2 1 5 188 30
1243 10 11 2 3 3 1 2 123 31
1244 14 11 3 3 3 2 1 133 20
1245 5 3 2 5 4 0 5 2 1 292 18
1246 3 10 2 6 3 2 5 4 0 1 59 86
1247 14 1 1 6 3 1 4 2 0 5 311 31
1248 16 9 1 4 1 2 3 0 141 86
1249 14 1 2 3 5 3 2 42 22
1250 9 10 2 5 3 0 4 2 1 143 25
1251 12 8 2 5 4 2 5 0 1 60 65
1252 16 7 1 6 2 4 5 3 1 0 106 44
1253 4 7 3 5 3 1 0 5 2 114 49
1254 16 15 1 5 4 0 2 3 5 149 49
1255 3 1 3 5 1 5 3 2 0 394 16
1256 9 7 2 6 1 0 4 3 2 5 145 66
1257 5 8 2 5 4 2 1 0 3 163 56
1258 5 8 2 4 2 1 0 4 183 69
1259 14 11 2 4 3 4 0 1 319 27
1260 16 8 1 5 5 0 2 3 1 131 34
1261 5 7 3 5 5 2 4 0 3 66 79
1262 14 3 4 5 5 0 4 3 2 219 66
1263 9 2 4 4 0 5 2 1 113 44
1264 11 7 3 4 1 2 3 5 202 40
1265 16 9 3 6 0 4 5 3 1 2 114 51
1266 11 15 3 5 3 1 4 5 0 77 37
1267 12 7 4 6 4 3 1 0 5 2 14 75
1268 9 11 1 4 2 1 0 3 83 12
1269 5 2 4 4 3 2 0 4 175 60
1270 5 11 2 6 0 1 3 2 4 5 415 80
1271 9 8 2 4 3 5 2 4 140 54
1272 4 11 3 5 0 5 4 2 3 156 27
1273 3 15 6 3 1 0 5 67 36
1274 16 9 2 5 5 3 4 2 1 110 24
1275 5 3 2 3 0 2 3 102 26
1276 9 1 4 3 4 0 2 75 44
1277 10 9 2 3 0 4 5 131 53
1278 16 9 6 6 5 1 2 4 0 3 71 35
1279 11 9 2 3 5 0 4 92 32
1280 14 10 2 4 1 0 5 2 81 17
1281 10 1 2 4 4 3 5 2 279 21
67
1282 12 1 3 4 2 1 4 5 22 67
1283 12 9 2 3 4 2 5 35 84
1284 3 15 3 5 0 3 5 2 4 86 56
1285 9 7 1 3 1 2 5 151 42
1286 14 11 1 6 3 5 4 2 1 0 149 32
1287 11 15 3 3 3 2 0 140 78
1288 10 1 6 4 4 1 2 0 173 38
1289 5 3 1 6 2 4 1 0 3 5 172 79
1290 12 10 1 3 2 4 3 98 77
1291 9 1 2 5 2 5 0 3 1 64 25
1292 9 11 3 6 0 5 1 3 4 2 108 100
1293 11 15 2 6 2 3 0 4 1 5 104 82
1294 9 10 1 5 5 1 0 2 4 104 47
1295 5 1 4 4 2 4 3 5 68 46
1296 11 8 2 3 4 0 1 138 79
1297 5 3 3 3 0 2 1 204 87
1298 16 9 1 5 5 2 1 4 3 195 41
1299 4 9 2 6 4 5 3 0 1 2 71 28
1300 10 2 2 4 5 1 0 2 322 99
1301 9 11 1 5 2 3 5 0 4 85 50
1302 16 3 1 5 1 3 5 4 0 75 89
1303 12 8 2 6 0 3 1 2 4 5 49 82
1304 14 3 1 6 5 0 1 3 4 2 210 29
1305 5 8 2 4 0 2 3 5 157 76
1306 4 8 5 6 3 2 1 0 4 5 221 27
1307 10 7 2 5 2 3 0 1 5 65 53
1308 10 1 2 5 2 0 4 1 5 94 91
1309 10 7 3 3 4 0 1 144 98
1310 12 8 1 3 3 5 1 80 98
1311 10 15 3 6 2 4 3 5 1 0 134 80
1312 12 10 2 4 1 4 5 2 72 96
1313 4 7 2 3 5 1 2 56 56
1314 3 15 2 5 0 5 4 2 3 78 63
1315 9 7 2 6 1 3 4 5 0 2 107 99
1316 12 1 3 5 4 2 1 3 0 125 34
1317 3 7 4 6 1 0 2 4 5 3 122 22
1318 16 15 1 4 3 5 2 4 152 50
1319 11 3 2 3 5 4 3 216 96
1320 9 3 3 5 2 1 4 5 0 69 39
1321 10 2 5 4 0 1 4 2 81 52
1322 4 9 1 5 2 4 1 5 3 173 71
1323 12 15 4 3 4 2 5 145 53
1324 5 8 3 5 0 1 3 5 4 309 58
1325 16 2 5 6 5 1 4 3 2 0 45 90
1326 11 10 2 3 3 1 2 190 100
1327 5 11 2 3 0 3 5 381 87
1328 4 9 6 5 4 1 0 5 2 95 18
1329 5 8 1 3 3 2 0 228 84
1330 3 10 2 5 4 3 2 5 1 81 12
1331 5 3 2 5 1 2 5 4 3 151 60
1332 9 11 4 4 2 1 0 3 83 12
1333 16 8 1 4 5 4 1 3 72 12
1334 14 10 2 6 5 0 3 2 4 1 271 69
1335 9 11 3 6 1 2 5 4 0 3 97 53
1336 10 2 2 3 3 5 0 21 69
1337 11 3 2 5 2 3 1 0 5 349 81
1338 14 9 2 5 3 1 5 4 2 128 52
1339 12 11 5 4 0 3 5 4 100 66
1340 5 10 2 3 1 3 4 274 79
1341 12 8 2 3 4 2 3 77 16
1342 3 2 1 4 0 5 3 1 224 75
1343 16 1 2 6 4 3 2 0 5 1 101 77
1344 4 9 1 4 5 1 0 3 160 43
1345 11 7 2 5 1 4 5 3 2 111 86
1346 3 11 2 5 5 0 4 2 3 185 92
1347 16 2 3 6 0 4 3 2 1 5 65 31
1348 9 3 2 4 0 4 5 1 59 100
81
1349 14 7 1 3 3 5 0 214 20
1350 14 10 2 4 0 3 4 1 228 90
1351 12 10 1 5 2 3 1 4 5 129 44
1352 11 15 2 5 0 5 1 3 4 265 75
1353 12 11 1 5 3 4 1 5 0 114 86
1354 16 15 2 4 3 5 2 4 152 50
1355 16 8 2 3 1 5 2 72 12
1356 9 3 5 3 4 3 0 67 46
1357 12 9 2 3 2 3 5 99 50
1358 14 10 3 4 2 0 4 5 187 12
1359 16 11 2 3 4 2 0 194 13
1360 9 1 1 5 2 4 3 1 0 109 57
1361 10 9 2 3 3 5 0 75 75
1362 14 2 2 5 4 1 2 5 3 242 13
1363 4 7 1 3 3 1 0 91 77
1364 12 11 1 4 0 4 1 3 120 25
1365 9 8 2 6 0 2 1 5 3 4 55 54
1366 10 3 2 6 0 4 3 5 1 2 342 36
1367 16 15 2 3 3 5 1 60 15
1368 10 1 1 3 0 2 5 112 80
1369 11 1 2 6 0 4 3 2 5 1 153 81
1370 14 2 2 4 1 0 5 4 292 22
1371 10 1 2 4 5 1 2 0 176 92
1372 12 7 1 3 3 5 2 92 28
1373 5 11 1 4 2 0 3 5 330 95
1374 14 9 1 3 1 3 0 175 76
1375 12 1 4 5 4 2 1 3 0 125 34
1376 4 15 2 5 5 2 3 4 1 190 67
1377 14 9 2 3 1 3 0 175 76
1378 5 11 2 6 1 5 4 2 0 3 74 55
1379 14 15 1 5 1 3 5 0 4 123 39
1380 9 10 1 5 3 0 4 2 1 143 25
1381 9 1 2 5 5 3 1 4 2 41 39
1382 11 3 1 4 5 1 2 3 119 99
1383 3 9 2 6 1 0 4 2 5 3 86 51
1384 5 7 2 3 4 0 5 242 50
1385 4 3 2 5 0 3 5 2 4 134 82
1386 5 8 7 3 2 4 1 349 30
1387 4 3 4 6 4 1 5 0 2 3 35 60
1388 5 2 2 3 4 2 3 115 19
1389 10 3 1 5 3 0 4 1 2 56 30
1390 5 11 2 6 1 5 4 2 0 3 74 55
1391 9 10 2 5 2 3 5 4 0 73 93
1392 16 9 2 3 4 0 5 108 55
1393 4 9 2 3 0 4 3 149 18
1394 9 15 4 6 5 2 1 3 4 0 136 57
1395 14 2 2 5 4 3 5 2 1 234 86
1396 11 1 2 6 5 0 2 4 1 3 133 99
1397 9 10 2 4 3 4 1 5 149 74
1398 14 2 2 4 3 5 2 4 30 86
1399 9 2 1 5 4 1 2 5 3 79 86
1400 9 7 3 6 1 3 4 5 0 2 107 99
1401 10 3 3 6 0 5 3 4 1 2 35 40
1402 9 15 3 5 5 0 3 4 1 62 67
1403 9 1 4 3 2 5 1 150 37
1404 12 15 2 3 3 5 4 73 40
1405 10 2 2 6 3 1 4 0 2 5 321 50
1406 5 11 5 5 4 0 3 2 5 221 100
1407 11 8 3 5 4 3 5 0 2 160 18
1408 4 9 4 5 2 4 1 5 0 45 16
1409 12 15 3 5 4 3 5 1 0 135 75
1410 9 11 3 5 1 5 0 3 4 128 47
1411 14 3 4 3 4 5 2 124 60
1412 3 10 2 4 4 3 0 2 65 36
1413 14 9 2 3 3 0 2 138 73
1414 5 3 4 3 1 4 0 164 26
1415 14 1 2 6 4 3 1 2 0 5 137 94
1416 4 10 1 6 5 2 3 4 0 1 85 79
1417 12 3 2 3 0 5 1 30 62
1418 11 8 2 6 3 4 2 0 1 5 178 39
1419 14 11 4 5 0 1 3 2 5 243 35
1420 11 9 3 4 0 1 2 4 154 82
1421 4 10 4 6 5 1 2 4 0 3 142 15
1422 14 8 3 4 4 5 2 1 247 54
1423 9 3 2 3 5 0 3 96 69
1424 12 3 2 4 0 5 4 2 32 11
1425 11 8 2 6 4 0 2 1 3 5 276 75
1426 5 1 3 4 4 1 3 5 122 87
1427 4 10 3 4 1 0 4 5 188 72
1428 12 7 2 5 4 5 1 0 3 16 78
1429 3 11 2 3 0 1 3 219 87
70
1430 5 11 4 5 4 0 3 2 5 221 100
1431 14 3 2 4 2 0 5 1 291 49
1432 14 2 4 5 4 1 3 5 0 210 58
1433 5 2 2 4 4 2 1 3 238 54
1434 3 10 2 6 2 0 1 5 4 3 133 44
1435 3 1 3 4 2 1 0 3 384 74
1436 16 10 1 4 3 5 4 0 116 48
1437 4 8 3 5 4 5 1 0 3 125 70
1438 16 8 1 5 5 0 2 3 1 131 34
1439 5 15 1 5 0 1 2 3 4 74 84
1440 12 7 1 3 3 2 0 122 83
1441 4 8 1 5 4 5 3 1 0 225 52
1442 11 9 6 6 5 2 3 0 1 4 114 21
1443 5 11 1 4 1 0 5 3 12 17
1444 10 7 2 4 3 0 1 5 85 92
1445 9 1 2 5 3 5 2 1 0 61 25
1446 5 3 1 4 4 3 0 1 145 28
1447 14 15 2 4 4 5 3 0 40 22
1448 16 11 3 3 1 3 5 41 48
1449 14 11 5 6 3 5 4 2 1 0 149 32
1450 10 2 2 6 2 1 4 5 3 0 178 46
1451 4 9 1 6 1 4 2 5 0 3 185 14
1452 4 2 2 6 4 0 3 5 2 1 138 81
1453 11 7 2 3 3 4 5 14 64
1454 5 11 1 5 2 0 5 3 4 370 60
1455 9 2 1 3 3 4 2 133 54
1456 11 2 1 6 1 5 0 4 2 3 121 70
1457 14 15 3 6 2 0 1 5 3 4 244 43
1458 12 10 2 6 3 4 1 0 5 2 17 28
1459 16 8 3 4 4 0 3 5 170 24
1460 12 3 2 3 1 4 3 42 75
1461 10 7 1 4 1 3 5 0 204 98
1462 4 10 1 5 3 2 1 4 0 276 10
1463 14 10 2 5 1 3 4 5 2 173 92
1464 16 3 2 5 1 3 5 4 0 75 89
1465 14 1 5 5 4 2 0 1 3 271 47
1466 9 10 4 5 1 0 3 5 2 76 25
1467 16 1 3 3 4 5 2 117 46
1468 14 9 4 6 2 3 5 0 1 4 60 68
1469 5 10 2 4 5 2 4 0 264 37
1470 4 2 2 6 3 0 1 2 4 5 35 80
1471 9 2 2 5 4 1 2 5 3 79 86
1472 5 15 1 6 0 4 3 1 2 5 218 50
1473 10 3 3 6 0 4 3 5 1 2 342 36
1474 10 9 1 3 2 1 3 46 83
1475 4 1 1 3 3 1 5 78 58
1476 3 1 4 6 5 1 4 3 2 0 36 17
1477 16 1 2 3 3 5 0 126 63
1478 10 9 2 3 3 5 4 208 18
1479 16 10 3 3 5 1 3 147 94
1480 9 11 5 3 5 2 1 120 54
1481 4 7 4 4 1 2 4 3 43 72
1482 12 8 2 4 5 3 4 0 68 61
1483 3 15 3 6 2 1 4 0 3 5 38 42
1484 9 7 7 6 3 2 5 4 1 0 99 48
1485 16 8 2 4 1 0 5 3 75 15
1486 5 9 1 6 3 2 0 5 1 4 67 73
1487 4 1 2 5 5 2 4 1 3 183 74
1488 11 2 2 5 1 3 4 5 0 156 56
1489 12 7 2 5 3 2 0 1 5 55 25
1490 4 15 2 3 0 1 2 176 46
1491 14 2 2 5 3 5 1 2 4 117 67
1492 12 3 1 3 3 2 5 60 69
1493 12 1 2 4 1 5 0 3 54 18
1494 12 1 3 3 4 0 3 84 44
1495 9 10 4 5 1 0 4 5 3 47 34
1496 14 15 2 3 2 5 1 34 35
1497 16 7 3 6 3 5 1 4 2 0 130 42
1498 12 8 2 4 1 2 5 4 13 42
1499 4 1 2 3 3 1 5 78 58
87
1500 3 7 3 6 3 1 4 2 5 0 96 15
1501 9 10 1 6 2 5 1 3 0 4 102 89
1502 3 2 2 4 5 2 1 0 219 91
1503 3 9 4 5 0 1 3 4 2 174 87
1504 4 8 3 5 4 5 1 0 3 125 70
1505 4 15 5 6 2 4 5 3 0 1 195 36
1506 9 11 2 5 5 3 4 0 2 111 28
1507 12 8 1 3 1 5 0 53 88
1508 12 1 5 3 2 4 3 96 24
1509 5 11 3 4 3 1 5 4 83 91
1510 3 11 1 4 0 4 1 5 116 19
1511 16 2 2 5 5 1 3 0 4 71 59
1512 9 10 1 4 2 4 0 3 55 33
1513 10 9 1 6 0 2 1 4 5 3 187 99
1514 10 1 1 4 4 0 1 2 77 54
1515 14 1 2 5 0 4 3 1 2 167 60
1516 4 8 1 5 5 4 2 1 3 100 52
1517 16 10 1 3 1 0 4 39 66
1518 5 1 1 3 4 1 2 213 89
1519 4 10 4 4 4 5 3 0 151 55
1520 9 1 2 4 1 3 4 0 129 16
1521 10 1 1 6 5 4 1 3 0 2 180 95
1522 3 10 1 3 4 1 5 39 30
1523 16 8 2 3 4 5 3 70 88
1524 10 7 2 3 5 4 3 39 74
1525 12 11 1 5 1 2 0 5 3 128 49
1526 12 2 4 4 3 2 1 4 63 71
1527 4 7 2 4 1 2 4 3 43 72
1528 5 11 1 5 2 4 0 1 3 242 98
1529 3 11 3 5 1 5 2 0 4 22 40
1530 11 2 1 5 1 0 2 5 3 198 47
1531 10 1 1 6 2 5 0 4 3 1 219 13
1532 3 2 1 3 1 3 0 193 49
1533 9 15 4 6 1 2 3 5 0 4 57 19
1534 9 2 4 4 4 2 3 0 158 35
1535 14 15 2 4 3 4 2 1 99 100
1536 10 1 1 6 4 5 2 1 3 0 64 91
1537 9 1 1 5 3 4 2 5 0 156 39
1538 14 11 1 6 4 2 5 1 0 3 226 29
1539 12 11 2 3 2 5 0 85 32
1540 4 11 1 5 4 0 2 1 3 177 80
1541 12 1 3 3 4 0 3 58 77
1542 16 15 3 5 5 3 1 0 4 46 40
1543 3 11 2 5 0 4 3 5 1 386 76
1544 10 2 2 3 4 3 5 301 30
1545 16 9 3 3 3 4 2 133 13
1546 9 11 2 4 2 0 5 3 35 56
1547 11 1 5 5 1 4 2 5 0 398 72
1548 3 8 2 5 4 2 0 5 1 207 94
1549 16 1 2 3 0 5 3 180 36
1550 10 1 2 6 2 5 0 3 1 4 289 14
1551 3 7 5 5 2 4 5 1 3 183 86
1552 5 8 2 5 4 2 1 0 3 163 56
1553 5 11 4 4 3 1 2 0 55 44
1554 11 1 6 3 4 5 3 68 60
1555 16 8 2 4 5 4 1 3 72 12
1556 12 9 4 4 2 0 3 1 35 93
1557 4 15 2 4 2 1 4 5 94 36
1558 5 11 3 5 2 3 4 5 1 103 18
1559 4 1 2 4 0 4 5 1 264 22
1560 3 10 2 3 2 3 4 145 97
1561 4 8 5 4 5 4 3 1 61 76
1562 4 7 2 5 3 1 0 5 2 114 49
1563 5 9 2 5 4 0 3 5 1 158 17
1564 10 1 2 6 3 5 1 2 0 4 84 87
1565 10 1 2 3 0 5 1 210 74
1566 16 2 2 5 1 5 2 3 0 238 76
1567 16 9 4 5 3 2 0 1 4 154 51
1568 14 1 4 4 0 3 5 4 64 17
1569 3 11 2 3 5 3 1 200 62
1570 9 15 2 5 5 3 2 1 4 34 41
1571 9 8 5 3 1 4 3 104 94
1572 16 3 1 3 5 3 2 135 78
1573 10 15 1 4 1 2 3 4 183 14
1574 16 1 2 3 3 1 2 67 51
1575 3 10 3 4 3 1 0 4 172 35
1576 12 9 2 5 3 4 1 0 2 182 22
1577 4 9 2 3 0 4 2 132 96
1578 3 8 4 5 2 1 4 0 5 420 63
1579 11 8 2 5 0 3 2 4 1 318 41
1580 11 9 2 4 0 5 2 1 87 99
1581 9 1 2 5 4 3 0 2 1 70 52
1582 5 8 4 3 2 4 0 145 27
1583 12 1 2 5 4 2 1 0 3 43 89
1584 11 8 5 4 1 5 3 2 474 58
1585 10 2 6 3 0 3 5 76 67
1586 14 2 2 4 1 0 5 4 292 22
61
1587 10 7 6 5 2 3 4 0 5 31 77
1588 9 15 2 6 2 4 3 1 0 5 164 75
1589 12 10 1 6 3 4 1 0 5 2 17 28
1590 4 10 2 3 2 4 0 56 22
1591 14 3 1 6 5 0 1 3 4 2 210 29
1592 11 8 1 3 1 0 5 395 74
1593 16 7 5 3 2 1 3 151 97
1594 5 11 2 4 3 1 2 0 55 44
1595 4 7 3 6 2 1 3 5 4 0 182 60
1596 12 9 1 3 4 2 5 35 84
1597 5 7 1 4 0 1 3 5 237 94
1598 14 8 3 5 0 5 1 4 2 321 23
1599 9 1 3 5 2 5 0 3 1 64 25
1600 12 2 3 3 4 0 1 18 58
1601 10 7 3 4 2 5 4 3 98 48
1602 5 10 4 4 1 4 2 0 307 56
1603 9 10 3 5 1 0 4 5 3 47 34
1604 10 2 1 5 4 0 2 1 3 217 53
1605 5 10 5 3 5 4 3 166 54
1606 5 1 2 6 4 5 2 0 3 1 190 13
1607 9 15 1 6 0 1 3 4 5 2 95 45
1608 16 2 4 4 3 4 0 1 36 88
1609 11 3 9 4 4 5 2 0 308 57
1610 5 7 7 4 4 3 1 5 95 18
1611 10 8 2 5 1 3 2 4 5 133 71
1612 14 1 2 6 3 1 4 2 0 5 311 31
1613 16 10 5 4 4 2 1 0 43 72
1614 4 3 1 4 5 2 3 4 94 84
1615 10 7 1 4 1 3 5 0 204 98
1616 10 7 2 4 2 5 4 3 98 48
1617 14 10 5 3 1 5 3 174 73
1618 10 1 2 6 4 5 2 1 3 0 64 91
1619 5 15 4 6 2 4 1 0 5 3 65 46
1620 9 2 2 5 4 2 1 5 3 97 83
1621 3 15 2 6 4 2 0 1 3 5 119 32
1622 4 3 1 3 1 5 4 39 54
1623 9 7 4 5 3 5 2 1 4 121 69
1624 10 9 2 6 0 2 1 4 5 3 187 99
1625 16 8 2 4 1 0 5 3 75 15
1626 5 11 1 5 4 0 3 2 5 221 100
1627 4 1 2 3 4 5 3 117 36
1628 5 11 2 6 3 1 0 4 5 2 48 50
1629 16 15 4 3 3 2 5 143 56
1630 14 2 3 5 4 1 3 5 0 210 58
1631 9 3 2 4 1 5 0 2 83 53
1632 12 15 3 6 5 3 0 1 4 2 89 43
1633 4 3 4 3 5 0 4 133 63
1634 14 2 2 5 5 3 0 1 2 292 74
1635 14 10 3 5 4 5 0 3 1 48 56
1636 14 11 4 3 3 2 1 133 20
1637 9 15 4 3 1 3 4 90 72
1638 3 9 4 3 1 2 0 120 66
1639 4 15 2 4 4 5 3 0 158 34
1640 3 10 2 6 3 2 5 4 0 1 59 86
1641 9 7 4 3 1 2 5 151 42
1642 9 15 3 4 2 3 0 5 173 18
1643 5 8 3 4 2 3 1 5 247 21
1644 10 1 3 4 5 1 2 0 176 92
1645 11 1 2 3 0 5 2 213 91
1646 9 2 2 6 4 0 1 2 5 3 139 80
1647 10 9 2 6 5 0 4 3 1 2 124 15
81
1648 10 7 3 6 4 5 1 3 2 0 118 58
1649 12 8 5 4 4 3 1 0 71 71
1650 14 2 1 4 3 0 4 1 170 51
1651 11 8 3 3 4 0 1 138 79
1652 9 8 4 3 5 4 2 80 29
1653 4 15 1 5 4 2 5 1 0 134 79
1654 9 8 1 6 0 3 2 1 5 4 115 51
1655 9 15 2 6 5 2 1 3 4 0 136 57
1656 5 10 2 5 4 3 1 2 0 271 74
1657 16 9 1 6 0 4 5 3 1 2 114 51
1658 12 15 3 6 3 4 0 2 1 5 47 22
1659 9 11 1 6 4 1 5 0 2 3 91 77
1660 9 3 1 6 2 4 0 3 5 1 126 21
1661 11 2 1 4 3 1 2 5 179 17
1662 3 10 3 5 2 4 3 5 0 157 91
1663 12 3 1 3 0 5 1 30 62
1664 9 10 3 6 3 2 4 5 0 1 52 77
1665 16 15 2 3 0 4 3 178 100
1666 12 7 5 5 3 0 2 5 1 103 34
1667 5 8 1 4 2 1 0 4 183 69
1668 11 1 3 6 5 0 2 4 1 3 133 99
1669 14 10 1 5 4 5 0 3 1 48 56
1670 3 15 1 5 5 1 0 4 3 59 99
1671 11 2 1 5 1 3 4 5 0 156 56
1672 12 11 3 4 0 4 1 3 120 25
1673 9 2 1 3 4 2 3 122 69
1674 3 9 2 3 1 2 0 120 66
1675 9 8 3 4 1 2 4 3 57 89
1676 9 8 5 6 3 2 1 5 4 0 180 91
1677 10 3 1 5 2 4 0 5 3 293 95
1678 12 9 1 6 1 4 2 5 0 3 118 67
1679 9 15 2 5 2 5 3 1 0 135 66
1680 3 15 1 5 0 3 5 2 4 86 56
1681 12 9 2 3 2 3 5 99 50
1682 9 1 2 5 0 3 4 5 1 91 54
1683 4 8 3 4 4 2 5 0 117 70
1684 10 1 4 6 3 5 1 2 0 4 84 87
1685 11 9 3 4 4 3 0 2 125 73
1686 16 7 1 3 2 1 0 176 61
1687 16 7 2 3 4 0 2 163 80
1688 12 7 1 5 3 1 5 0 4 47 44
1689 11 15 2 4 3 4 1 5 99 27
1690 9 10 1 5 3 0 4 2 1 143 25
1691 11 10 2 3 3 0 5 90 60
1692 4 15 3 5 4 2 3 1 5 188 61
1693 16 2 3 6 2 3 5 0 1 4 100 45
1694 5 9 2 4 5 4 1 3 137 73
1695 14 9 3 3 1 3 0 175 76
1696 11 9 7 3 5 0 4 92 32
1697 5 10 2 3 1 0 4 117 95
1698 14 9 2 5 4 3 1 0 2 136 35
1699 5 10 2 4 0 4 2 3 253 90
1700 16 8 3 6 0 4 5 1 3 2 83 19
1701 3 1 1 5 1 2 0 4 3 331 26
1702 12 7 3 6 4 0 2 3 5 1 157 51
1703 14 1 2 6 5 4 2 0 3 1 185 44
1704 16 15 1 4 0 1 3 4 95 80
1705 12 7 2 3 3 5 2 92 28
1706 5 9 2 5 2 5 0 4 3 99 97
1707 11 8 2 3 3 4 1 252 73
1708 5 11 1 4 5 0 4 2 210 18
1709 16 8 2 4 5 0 3 1 98 88
1710 14 2 2 6 0 5 4 2 3 1 57 37
1711 10 7 4 3 5 4 3 39 74
1712 9 1 2 3 2 5 1 150 37
1713 12 2 4 6 2 3 4 1 5 0 55 61
1714 10 15 5 3 2 5 4 41 61
1715 3 2 3 6 2 1 5 4 3 0 228 20
1716 16 9 3 6 5 1 2 4 0 3 71 35
1717 12 9 2 6 5 1 2 4 0 3 73 45
1718 4 15 2 3 4 1 0 167 45
1719 9 15 3 6 3 2 5 4 1 0 94 10
1720 11 10 2 5 3 4 2 5 1 240 85
1721 16 10 2 4 3 5 4 0 116 48
1722 14 15 3 4 5 2 0 4 243 26
1723 4 1 5 3 1 4 3 134 15
1724 4 11 7 4 1 4 2 0 255 35
1725 11 9 2 3 3 2 5 163 34
1726 4 8 2 3 4 2 5 136 69
1727 12 1 3 4 4 0 3 1 80 49
1728 12 9 4 3 4 1 2 111 81
79
1729 4 15 1 4 0 4 3 1 66 23
1730 10 7 1 5 2 3 4 0 5 31 77
1731 4 11 4 5 3 4 0 5 2 18 91
1732 9 15 2 4 2 3 0 5 173 18
1733 5 9 4 4 1 3 2 4 191 51
1734 12 8 7 4 4 1 0 2 68 83
1735 14 8 1 5 0 5 1 4 2 321 23
1736 11 1 2 4 1 4 3 0 256 40
1737 5 15 1 6 3 4 5 0 2 1 103 74
1738 14 10 1 3 2 0 5 233 43
1739 3 1 2 5 1 2 0 4 3 331 26
1740 3 7 2 3 1 5 0 24 52
1741 9 10 2 6 2 5 1 3 0 4 102 89
1742 4 2 2 6 2 4 1 5 0 3 87 71
1743 4 3 2 5 5 3 2 0 1 176 67
1744 9 1 3 5 2 4 3 1 0 109 57
1745 10 7 4 3 0 2 3 62 32
1746 4 3 1 5 5 3 0 1 2 185 98
1747 11 10 2 3 2 3 1 21 31
1748 16 2 1 5 4 1 5 3 2 43 33
1749 4 11 1 6 1 5 2 3 0 4 56 48
1750 4 8 2 4 4 0 1 2 69 53
1751 11 9 2 4 4 3 0 2 125 73
1752 5 7 1 3 4 0 5 242 50
1753 16 1 1 6 4 3 2 0 5 1 101 77
1754 9 10 6 4 4 3 5 0 124 38
1755 12 8 3 4 4 3 1 0 71 71
1756 3 9 2 4 5 4 0 1 119 11
1757 16 9 2 6 1 2 5 0 4 3 141 24
1758 12 1 1 4 4 0 3 1 80 49
1759 11 2 2 4 0 3 4 1 94 41
1760 10 15 8 4 2 3 0 4 151 41
1761 11 15 1 5 0 5 1 3 4 265 75
1762 4 11 1 3 3 2 5 148 78
1763 3 11 3 5 1 5 4 0 2 256 41
1764 10 7 1 4 0 2 1 5 122 28
1765 3 7 1 4 0 1 5 4 119 54
1766 4 7 6 4 4 0 1 3 69 40
1767 10 3 2 4 4 5 3 0 96 56
1768 11 7 1 4 1 2 3 5 202 40
1769 12 2 3 5 5 3 0 1 2 103 77
1770 3 10 3 3 0 3 5 208 36
1771 16 11 2 5 5 1 0 3 2 73 99
1772 12 3 2 4 0 4 3 2 98 49
1773 9 10 2 4 5 1 3 2 111 78
1774 12 9 1 4 2 0 3 1 35 93
1775 14 11 1 5 0 1 3 2 5 243 35
1776 9 11 2 4 3 0 2 5 176 30
1777 3 15 2 6 2 1 4 0 3 5 38 42
1778 9 7 1 3 1 5 2 33 97
1779 11 10 1 4 0 2 4 3 150 37
1780 5 2 2 3 0 2 5 164 34
1781 4 3 6 4 0 5 2 4 176 38
1782 3 7 2 6 3 1 4 2 5 0 96 15
1783 4 8 2 5 2 1 3 0 5 222 35
1784 11 9 4 4 1 3 4 2 195 62
1785 4 3 1 3 1 0 3 252 78
1786 11 7 3 4 3 4 5 0 54 61
1787 9 11 3 5 3 4 0 1 2 36 34
1788 14 1 6 6 0 1 2 5 4 3 69 12
1789 10 9 3 6 1 2 3 0 4 5 119 10
1790 14 11 2 5 4 3 0 1 2 138 84
1791 5 15 2 6 2 3 1 4 5 0 117 96
1792 12 8 4 3 4 2 3 47 88
1793 10 8 2 5 3 0 2 4 5 362 56
1794 10 7 3 5 4 1 3 2 0 40 85
1795 12 11 5 5 1 2 4 5 3 45 59
1796 11 15 7 6 2 3 0 4 1 5 104 82
1797 3 10 5 6 3 2 5 4 0 1 59 86
1798 3 10 3 5 0 1 2 4 5 112 71
1799 12 1 2 5 2 0 4 5 3 95 53
1800 9 3 4 6 5 1 0 2 4 3 51 68
1801 14 15 6 3 2 5 1 34 35
1802 14 8 2 4 4 0 2 5 189 85
1803 11 3 2 3 0 1 5 219 96
1804 16 7 3 6 1 2 5 0 3 4 80 80
1805 14 8 4 6 2 4 1 5 0 3 109 82
1806 16 15 2 5 5 1 2 3 0 91 69
1807 3 7 2 6 3 1 4 2 5 0 96 15
0
0
0
0
0
0
0
0
