2261
35
93
0 4 2 2 3 0 4 3 713 99
1 5 2 2 6 4 5 3 2 0 1 191 89
2 3 5 2 3 1 0 2 442 90
3 5 3 1 4 1 5 0 4 484 36
4 4 2 2 5 3 1 2 4 0 530 28
5 5 2 1 4 1 5 0 4 25 11
6 5 2 1 3 5 3 1 479 62
7 4 2 2 3 5 4 2 936 19
8 3 2 2 4 3 0 4 2 730 59
9 4 5 2 4 4 5 0 1 134 14
10 5 3 3 6 0 3 4 5 2 1 201 77
11 5 2 3 6 4 5 3 1 0 2 329 36
12 5 2 1 3 5 0 1 205 82
13 4 2 1 4 1 3 2 5 586 84
14 4 2 9 3 1 0 3 703 72
15 5 2 2 5 2 5 3 0 1 25 94
16 4 2 4 4 1 3 2 5 586 84
17 4 5 3 3 4 5 2 215 96
18 3 5 1 5 3 1 0 5 2 319 73
19 4 5 1 3 5 3 0 12 94
20 4 3 3 6 3 5 0 1 4 2 446 88
21 3 2 3 4 2 3 5 4 115 21
22 5 3 4 6 1 2 3 0 5 4 291 25
23 3 5 1 4 4 2 5 0 25 26
24 4 3 2 3 1 0 5 689 96
25 4 2 1 5 1 2 5 3 4 476 54
26 4 3 6 3 3 2 1 220 46
27 4 3 6 6 1 0 2 4 5 3 245 29
28 3 5 2 5 2 4 5 0 3 146 14
29 5 2 2 4 0 2 1 5 40 11
30 3 2 1 4 3 2 1 4 289 52
31 4 3 3 5 1 2 4 5 3 262 61
32 3 5 1 5 3 1 0 5 2 319 73
33 5 3 2 3 4 1 5 19 30
34 5 2 2 5 2 5 3 0 1 25 94
35 4 3 5 3 2 3 4 679 18
36 5 3 2 4 0 4 5 2 544 36
37 3 5 6 3 5 2 3 100 30
38 5 3 3 6 1 4 3 5 2 0 610 20
39 3 2 2 5 0 5 2 4 1 162 72
40 4 3 1 3 3 2 1 220 46
41 5 2 5 6 4 2 5 3 1 0 138 41
42 3 2 1 4 1 0 3 2 408 13
43 3 5 2 5 1 3 0 4 2 599 72
44 4 5 3 5 5 1 2 3 0 246 61
45 4 5 3 5 0 2 4 5 1 218 97
46 5 2 2 3 5 2 3 166 48
47 5 2 1 3 5 0 1 205 82
48 5 2 3 5 4 5 1 0 3 428 10
49 4 5 2 3 1 0 5 287 63
50 4 3 1 5 1 0 2 5 4 509 84
51 4 5 1 6 3 5 2 0 4 1 299 52
52 5 2 1 5 4 5 1 0 2 347 24
53 4 3 4 3 3 2 0 362 35
54 5 2 5 3 4 5 2 444 82
55 4 2 3 3 5 4 2 936 19
56 5 2 4 4 0 5 3 4 386 15
57 3 5 2 4 4 2 5 0 25 26
58 4 5 6 5 5 1 2 3 0 246 61
59 4 5 2 4 4 3 5 2 169 11
60 5 2 3 3 5 2 3 166 48
61 3 5 3 6 4 2 1 0 5 3 328 71
62 5 2 4 3 5 0 1 205 82
63 4 3 1 5 1 2 4 5 3 262 61
64 3 5 3 6 4 0 2 5 1 3 53 35
65 3 2 2 5 2 3 1 0 5 348 22
66 4 2 2 6 0 4 3 2 1 5 880 13
67 5 2 4 6 4 5 3 2 0 1 191 89
68 4 3 2 6 3 5 0 1 4 2 446 88
69 5 3 4 5 4 3 0 5 2 392 61
70 4 2 1 5 1 2 5 3 4 476 54
71 4 2 2 5 3 1 0 5 4 844 13
72 4 2 2 4 4 3 1 5 631 51
73 3 5 3 5 1 3 0 4 2 599 72
74 4 5 5 3 1 2 5 50 94
75 5 2 3 6 4 2 1 5 3 0 545 22
76 3 5 2 6 3 4 1 5 2 0 294 17
77 5 2 2 6 4 2 5 3 1 0 138 41
78 5 3 1 4 5 3 2 4 344 12
79 5 2 2 4 0 5 3 4 386 15
80 3 5 3 6 2 0 5 1 3 4 248 90
81 4 2 2 4 1 4 5 3 930 33
82 5 3 3 4 5 2 4 1 219 58
83 4 2 2 3 0 1 5 31 63
84 3 5 3 6 4 2 1 0 5 3 328 71
85 5 2 4 6 4 5 3 2 0 1 415 89
86 5 3 3 4 1 5 0 4 484 36
87 4 3 3 3 3 4 1 411 55
88 5 3 4 4 1 2 3 5 187 68
89 5 2 2 5 2 5 3 0 1 25 94
90 4 3 4 4 3 4 1 5 254 72
91 5 3 7 3 0 3 1 12 37
92 3 2 2 4 3 0 2 4 591 21
103
93 5 3 1 6 4 1 0 3 2 5 438 17
94 4 3 1 6 0 1 5 4 3 2 283 58
95 4 5 2 5 2 0 4 5 3 391 56
96 3 2 1 6 2 4 3 1 5 0 450 26
97 3 5 2 5 1 3 0 4 2 599 72
98 4 5 2 5 0 2 4 5 1 218 97
99 5 2 2 4 0 2 1 5 40 11
100 5 2 1 5 2 3 0 4 5 113 91
101 3 5 3 4 4 2 5 0 25 26
102 4 5 2 4 1 5 4 3 294 51
103 4 2 2 6 5 4 3 2 1 0 1052 55
104 3 5 1 4 5 2 1 0 196 22
105 5 2 1 4 0 2 1 5 40 11
106 3 2 1 5 4 2 0 3 5 361 22
107 5 2 2 6 0 5 1 4 3 2 314 93
108 4 3 1 5 2 0 4 3 5 208 22
109 4 5 4 5 5 4 3 0 2 152 98
110 5 3 2 4 5 2 4 1 219 58
111 4 3 2 3 3 2 1 220 46
112 3 5 2 5 1 4 0 5 2 251 57
113 4 3 2 3 3 0 1 740 63
114 4 3 1 4 0 5 4 1 198 30
115 5 2 2 3 5 2 3 166 48
116 4 2 2 6 5 4 3 2 1 0 1052 55
117 4 5 1 6 4 3 0 5 1 2 270 93
118 4 3 2 4 3 4 1 5 254 72
119 4 5 1 5 5 4 3 0 2 152 98
120 4 5 1 6 5 4 3 0 2 1 272 67
121 5 3 2 4 1 2 3 5 187 68
122 4 5 2 3 1 0 5 287 63
123 3 2 1 4 5 4 1 3 742 72
124 4 3 1 5 1 0 2 5 4 509 84
125 3 5 1 6 3 2 4 0 1 5 93 91
126 5 2 5 6 0 2 3 4 5 1 303 25
127 4 2 5 5 1 2 5 3 4 476 54
128 4 5 2 5 2 3 1 4 0 261 24
129 4 3 2 6 1 0 2 4 5 3 245 29
130 4 5 1 4 1 5 4 3 294 51
131 4 3 1 6 3 5 0 1 4 2 446 88
132 4 5 3 4 4 3 5 2 169 11
133 4 5 5 5 5 1 2 3 0 246 61
134 5 2 1 3 4 5 2 444 82
135 4 5 1 6 4 3 0 5 1 2 270 93
136 4 5 2 6 3 5 2 0 4 1 299 52
137 4 2 2 6 5 4 3 2 1 0 1052 55
138 3 2 6 6 4 3 2 0 1 5 410 17
139 4 3 2 3 2 3 4 679 18
140 5 3 2 4 1 0 4 2 276 97
141 5 3 1 4 1 0 4 2 276 97
142 5 3 2 4 0 4 5 2 544 36
143 3 2 2 4 3 2 1 4 289 52
144 5 2 1 3 5 2 3 166 48
145 4 2 1 6 0 4 3 2 1 5 880 13
146 5 2 3 3 5 0 1 205 82
147 3 2 2 5 4 2 0 3 5 361 22
148 4 2 1 3 5 4 2 936 19
149 5 3 1 4 5 3 2 4 344 12
150 4 5 3 4 1 5 4 3 294 51
151 4 5 1 3 1 0 2 271 60
152 3 2 10 5 1 4 5 2 0 520 15
153 4 3 6 3 3 0 1 740 63
154 3 5 4 3 0 1 3 218 93
155 3 5 7 4 4 2 5 0 25 26
156 5 3 4 3 0 3 1 12 37
157 4 5 2 4 1 5 4 3 294 51
158 4 5 6 3 1 0 2 271 60
159 3 2 4 6 5 3 0 4 1 2 401 24
160 4 3 6 5 4 5 2 3 1 467 58
161 5 3 1 4 5 3 2 4 344 12
162 4 5 2 4 4 5 0 1 134 14
163 4 3 5 6 0 1 5 4 3 2 283 58
164 5 2 1 4 4 2 3 1 218 33
165 5 3 2 6 3 2 4 1 0 5 390 67
166 4 2 2 6 5 3 4 1 2 0 578 18
167 4 5 4 5 4 2 0 5 1 208 77
168 3 2 2 4 5 0 1 2 349 70
169 5 3 3 4 4 3 5 0 298 57
170 4 5 1 3 5 2 4 471 90
171 4 5 3 5 4 2 0 5 1 208 77
172 5 2 2 6 3 5 0 4 2 1 121 49
173 3 2 3 6 3 2 1 4 0 5 308 58
174 4 5 1 5 0 2 4 5 1 218 97
175 4 3 4 6 1 0 2 4 5 3 245 29
176 3 2 5 6 2 4 3 1 5 0 450 26
177 4 5 2 5 4 2 0 5 1 208 77
178 3 2 2 5 4 3 5 1 0 364 28
179 3 5 2 4 2 1 0 4 537 62
180 4 3 3 4 0 5 4 1 198 30
181 5 3 2 4 3 0 2 4 466 39
182 4 3 3 4 2 1 5 3 480 62
183 3 5 2 6 2 0 5 1 3 4 248 90
184 4 5 4 6 4 5 0 1 2 3 167 26
185 4 3 2 6 3 5 0 1 4 2 446 88
186 4 3 2 5 4 5 2 3 1 467 58
187 5 2 5 6 3 5 0 4 2 1 121 49
188 4 2 6 5 3 1 0 5 4 844 13
189 4 2 3 5 0 4 3 2 1 828 100
190 5 3 2 6 1 4 3 5 2 0 610 20
191 4 2 3 3 0 4 3 713 99
192 3 2 2 5 4 3 5 1 0 364 28
193 4 3 6 4 2 1 5 3 480 62
194 3 2 3 4 5 0 1 2 349 70
195 3 2 4 5 1 4 5 2 0 520 15
88
196 5 3 2 3 4 1 5 19 30
197 5 3 2 6 4 1 0 5 3 2 264 43
198 4 3 2 6 1 0 2 4 5 3 245 29
199 5 3 2 4 2 4 1 3 450 39
200 4 3 4 5 0 1 3 4 2 335 54
201 5 2 1 6 0 2 3 4 5 1 303 25
202 4 2 7 6 3 2 5 0 1 4 482 99
203 3 5 1 3 0 1 3 218 93
204 4 5 1 5 5 4 3 0 2 152 98
205 3 5 4 3 5 2 3 100 30
206 4 5 1 4 4 3 5 2 169 11
207 4 3 1 3 3 0 1 740 63
208 4 5 1 4 4 3 5 2 169 11
209 3 2 3 3 3 4 2 832 18
210 4 5 1 5 5 1 2 3 0 246 61
211 3 5 2 3 5 2 3 100 30
212 5 3 3 4 3 0 2 4 318 93
213 5 2 2 4 4 2 3 1 218 33
214 4 3 2 5 5 2 4 3 0 417 60
215 4 3 1 5 4 5 2 0 1 425 13
216 5 2 2 6 4 5 3 2 0 1 415 89
217 4 5 1 6 5 4 3 0 2 1 272 67
218 5 3 3 4 3 0 2 4 466 39
219 5 2 2 5 2 5 3 0 1 25 94
220 5 2 2 4 1 5 0 4 25 11
221 5 2 2 3 5 0 1 205 82
222 4 3 1 3 3 0 1 740 63
223 3 5 1 5 3 1 0 5 2 319 73
224 3 5 2 3 2 1 5 337 87
225 5 3 4 6 4 1 0 3 2 5 438 17
226 4 3 3 4 0 5 4 1 198 30
227 3 2 2 3 3 5 0 236 31
228 4 5 3 4 4 0 3 1 191 80
229 5 2 1 4 1 5 0 4 25 11
230 4 3 3 3 1 0 5 689 96
231 4 5 2 6 4 5 0 1 2 3 167 26
232 4 5 3 4 4 5 0 1 134 14
233 3 2 1 6 0 5 3 1 4 2 510 28
234 4 2 1 5 0 4 3 2 1 828 100
235 5 3 3 4 2 4 1 3 450 39
236 5 3 4 3 0 3 1 12 37
237 5 2 2 5 4 5 1 0 2 347 24
238 5 2 6 5 4 5 1 0 3 428 10
239 3 5 2 6 2 0 5 1 3 4 248 90
240 4 2 2 3 2 1 0 250 80
241 4 5 1 3 5 2 4 471 90
242 3 2 3 5 5 2 4 3 1 737 84
243 4 2 4 3 0 1 5 31 63
244 3 5 3 3 5 2 3 100 30
245 4 2 3 3 1 0 3 703 72
246 4 2 2 6 1 3 4 5 2 0 572 68
247 4 3 5 5 4 5 2 0 1 425 13
248 5 2 1 5 1 2 0 3 5 141 56
249 4 2 4 4 3 5 0 4 483 97
250 4 3 8 6 4 0 2 1 5 3 33 64
251 3 2 4 4 3 2 1 4 289 52
252 4 3 3 6 3 5 0 1 4 2 446 88
253 3 2 1 5 1 4 2 3 0 157 67
254 4 3 2 4 3 4 1 5 254 72
255 4 2 4 5 3 2 0 1 5 265 62
256 4 3 3 5 1 0 2 5 4 509 84
257 3 5 1 4 4 2 5 0 25 26
258 4 2 2 4 3 5 0 4 483 97
259 4 2 2 4 3 5 0 4 483 97
260 5 2 5 6 4 2 5 3 1 0 138 41
261 4 2 6 6 5 3 4 1 2 0 578 18
262 3 2 1 6 5 3 4 2 0 1 359 64
263 3 5 1 5 0 3 1 4 2 262 24
264 3 5 2 5 1 3 0 4 2 599 72
265 4 2 7 6 1 3 4 5 2 0 572 68
266 3 5 1 6 3 2 4 0 1 5 93 91
267 5 2 2 6 0 5 1 4 3 2 314 93
268 4 3 1 6 3 5 0 1 4 2 446 88
269 3 5 2 5 0 3 1 4 2 262 24
270 4 3 4 4 5 2 3 0 55 80
271 3 5 2 6 4 2 1 0 5 3 328 71
272 5 3 5 3 0 3 1 12 37
273 4 5 2 4 4 3 5 2 169 11
274 5 3 2 6 3 2 4 1 0 5 390 67
275 5 2 5 6 3 5 0 4 2 1 121 49
276 3 5 4 5 1 3 0 4 2 599 72
277 4 3 3 4 0 5 4 1 198 30
278 4 3 2 4 5 2 3 0 55 80
279 3 2 4 5 0 5 2 4 1 162 72
280 5 2 2 6 4 2 1 5 3 0 545 22
281 3 2 2 5 0 5 2 4 1 162 72
282 4 3 2 5 4 5 2 0 1 425 13
283 4 3 2 6 0 1 5 4 3 2 283 58
103
284 5 2 2 4 0 2 1 5 40 11
285 5 2 1 4 4 1 0 3 294 67
286 4 5 4 3 5 3 0 115 33
287 5 3 5 6 4 1 0 3 2 5 438 17
288 5 3 5 6 4 1 0 3 2 5 438 17
289 3 2 2 5 4 2 0 3 5 361 22
290 5 3 1 5 4 3 0 5 2 392 61
291 4 3 2 3 2 3 4 679 18
292 5 2 4 3 5 2 3 166 48
293 4 2 1 3 5 2 3 1122 54
294 4 5 2 6 4 3 0 5 1 2 270 93
295 4 2 3 4 4 3 1 5 631 51
296 3 2 1 5 0 5 2 4 1 162 72
297 4 5 1 5 2 0 4 5 3 391 56
298 3 5 1 4 4 5 0 1 217 82
299 3 5 2 5 1 4 0 5 2 251 57
300 4 5 4 6 5 1 4 0 3 2 149 98
301 5 3 1 4 1 5 0 4 484 36
302 3 5 2 4 5 2 1 0 196 22
303 3 5 3 3 3 5 4 228 60
304 5 3 4 4 1 5 0 4 484 36
305 3 2 1 5 2 3 1 0 5 348 22
306 5 2 3 4 1 5 0 4 25 11
307 4 5 1 3 5 3 0 115 33
308 4 5 6 3 5 3 0 115 33
309 5 3 1 6 0 3 4 5 2 1 201 77
310 5 2 3 3 5 3 1 479 62
311 4 5 1 3 1 2 5 50 94
312 5 3 1 4 3 0 2 4 318 93
313 4 5 1 4 4 3 5 2 169 11
314 4 5 1 3 1 0 2 271 60
315 4 2 2 4 3 5 0 4 483 97
316 5 2 1 3 3 5 4 172 10
317 4 2 1 4 2 4 0 1 952 32
318 4 2 2 3 5 4 2 936 19
319 4 3 3 4 3 4 1 5 254 72
320 4 5 2 4 4 5 0 1 134 14
321 3 5 3 6 5 0 1 2 4 3 514 63
322 5 3 1 4 5 2 4 1 219 58
323 3 2 2 4 5 4 1 3 742 72
324 3 2 1 4 5 0 1 2 349 70
325 4 2 1 6 3 2 5 0 1 4 482 99
326 4 2 1 4 1 3 2 5 586 84
327 3 5 2 3 3 5 4 228 60
328 5 2 3 4 4 1 0 3 294 67
329 4 2 2 5 3 1 0 5 4 844 13
330 5 2 1 4 4 2 1 5 260 47
331 4 5 4 4 4 3 5 2 169 11
332 3 2 4 5 1 4 5 2 0 520 15
333 4 2 4 4 1 4 5 3 930 33
334 5 2 1 3 5 3 1 479 62
335 3 2 2 6 2 4 3 1 5 0 450 26
336 4 3 2 6 3 5 0 1 4 2 446 88
337 5 2 2 3 5 2 3 166 48
338 4 5 2 3 1 0 5 287 63
339 4 2 1 3 1 0 3 703 72
340 3 5 1 5 5 2 3 1 0 91 62
341 3 2 3 5 4 2 0 3 5 361 22
342 4 2 2 3 2 1 0 250 80
343 4 2 4 4 1 4 5 3 930 33
344 5 3 4 6 3 2 4 1 0 5 390 67
345 4 5 4 3 5 2 4 471 90
346 4 2 2 4 1 4 5 3 930 33
347 3 5 2 5 2 4 5 0 3 146 14
348 4 2 2 5 2 5 0 3 4 863 61
349 3 2 1 3 3 5 0 236 31
350 4 3 2 6 3 5 0 1 4 2 446 88
351 5 3 3 6 4 1 0 5 3 2 264 43
352 3 5 3 3 5 2 3 100 30
353 5 3 3 3 0 3 1 12 37
354 3 2 1 4 0 5 4 2 351 41
355 4 5 1 3 5 3 0 115 33
356 3 5 4 6 2 0 5 1 3 4 248 90
357 3 5 5 6 3 4 1 5 2 0 294 17
358 4 2 2 4 1 4 5 3 930 33
359 4 3 2 5 1 2 4 5 3 262 61
360 5 3 4 4 3 0 2 4 318 93
361 5 2 3 6 4 5 3 2 0 1 191 89
362 4 3 6 4 3 4 1 5 254 72
363 5 2 3 6 4 5 3 2 0 1 415 89
364 3 2 3 6 5 1 4 3 2 0 356 80
365 3 5 2 5 5 2 3 1 0 91 62
366 4 3 1 5 4 5 2 0 1 425 13
367 4 2 2 3 0 1 5 31 63
368 5 3 4 4 0 4 5 2 544 36
369 3 5 1 6 3 2 4 0 1 5 93 91
370 3 5 10 6 3 2 4 0 1 5 93 91
371 5 3 8 3 4 2 0 347 11
372 4 5 2 5 5 1 2 3 0 246 61
373 4 3 2 3 3 0 1 740 63
374 3 2 2 3 3 5 0 236 31
375 3 2 6 3 3 4 2 832 18
376 4 2 6 6 5 3 4 1 2 0 578 18
377 4 3 2 6 3 5 0 1 4 2 446 88
378 5 3 3 6 1 4 3 5 2 0 610 20
379 4 3 1 4 3 4 1 5 254 72
380 4 3 6 4 0 5 4 1 198 30
381 3 2 5 5 5 2 4 3 1 737 84
382 4 2 2 6 5 3 4 1 2 0 578 18
383 5 3 4 4 3 0 2 4 466 39
384 3 5 2 5 5 0 2 4 1 301 88
385 4 3 2 4 2 1 5 3 480 62
386 5 3 7 4 3 0 2 4 318 93
99
387 4 3 2 6 0 1 5 4 3 2 283 58
388 5 2 1 5 4 5 1 0 2 347 24
389 5 2 1 5 2 5 3 0 1 25 94
390 4 5 1 5 2 0 4 5 3 391 56
391 4 3 3 5 4 5 2 3 1 467 58
392 4 5 2 3 5 2 4 471 90
393 3 5 1 5 3 1 0 5 2 319 73
394 3 5 1 5 1 4 0 5 2 251 57
395 5 2 2 5 4 5 1 0 2 347 24
396 3 5 1 4 4 2 5 0 25 26
397 5 2 2 4 4 2 3 1 218 33
398 3 5 4 6 3 2 4 0 1 5 93 91
399 5 3 2 6 4 1 0 3 2 5 438 17
400 3 5 1 5 3 1 0 5 2 319 73
401 3 5 2 3 0 1 3 218 93
402 3 5 1 6 4 2 1 0 5 3 328 71
403 4 5 1 6 5 4 3 0 2 1 272 67
404 5 2 1 6 4 5 3 2 0 1 191 89
405 3 5 1 5 1 4 0 5 2 251 57
406 3 5 4 5 3 1 0 5 2 319 73
407 4 2 1 3 5 4 2 936 19
408 5 2 1 5 2 5 3 0 1 25 94
409 5 2 1 6 4 5 3 1 0 2 329 36
410 4 2 2 6 1 3 5 2 0 4 798 33
411 4 5 1 5 2 0 4 5 3 391 56
412 4 2 4 6 1 3 4 5 2 0 572 68
413 5 2 3 6 0 5 1 4 3 2 314 93
414 5 3 1 6 1 2 3 0 5 4 291 25
415 3 5 3 5 1 4 0 5 2 251 57
416 4 2 3 6 5 4 3 2 1 0 1052 55
417 5 2 2 6 0 5 1 4 3 2 314 93
418 5 2 4 5 4 5 1 0 2 347 24
419 4 2 3 4 3 5 0 4 483 97
420 4 5 2 6 3 5 2 0 4 1 299 52
421 5 3 1 4 5 2 4 1 219 58
422 5 2 2 3 5 0 1 205 82
423 5 3 3 6 5 2 1 0 4 3 168 79
424 4 3 1 5 0 1 3 4 2 335 54
425 5 3 2 4 5 2 4 1 219 58
426 3 5 2 5 3 1 0 5 2 319 73
427 4 2 2 5 2 5 0 3 4 863 61
428 4 2 2 6 3 2 5 0 1 4 482 99
429 3 5 1 6 5 0 1 2 4 3 514 63
430 4 3 1 5 2 0 4 3 5 208 22
431 4 3 1 4 2 1 5 3 480 62
432 3 5 3 4 4 0 1 5 432 72
433 3 5 1 6 2 0 5 1 3 4 248 90
434 5 2 1 6 4 5 3 2 0 1 415 89
435 5 3 2 4 0 4 5 2 544 36
436 3 5 3 6 4 2 1 0 5 3 328 71
437 5 2 5 3 3 5 4 172 10
438 4 3 2 4 3 4 1 5 254 72
439 3 5 2 6 5 0 1 2 4 3 514 63
440 5 2 2 4 4 1 0 3 294 67
441 3 5 4 3 1 0 2 442 90
442 4 3 4 3 2 3 4 679 18
443 5 3 1 5 4 3 0 5 2 392 61
444 4 2 3 5 3 2 0 1 5 265 62
445 3 2 4 6 5 3 4 2 0 1 359 64
446 4 5 1 3 1 0 5 287 63
447 3 5 1 4 2 1 0 4 537 62
448 4 3 4 4 5 2 3 0 55 80
449 3 2 1 5 4 3 5 1 0 364 28
450 5 2 1 5 2 3 0 4 5 113 91
451 5 2 3 6 3 5 0 4 2 1 121 49
452 5 3 3 6 0 3 4 5 2 1 201 77
453 3 2 1 5 1 4 5 2 0 520 15
454 5 2 4 6 4 5 3 1 0 2 329 36
455 5 3 1 6 4 1 0 5 3 2 264 43
456 4 3 4 3 3 2 0 362 35
457 4 3 2 3 3 4 1 411 55
458 3 2 4 5 1 4 5 2 0 520 15
459 4 5 2 6 4 3 0 5 1 2 270 93
460 3 2 3 6 5 3 0 4 1 2 401 24
461 5 3 3 4 0 4 5 2 544 36
462 4 2 4 5 3 1 2 4 0 530 28
463 4 3 2 4 3 4 1 5 254 72
464 4 3 2 3 3 2 1 220 46
465 4 2 4 4 4 3 1 5 631 51
466 5 2 2 6 0 5 1 4 3 2 314 93
467 4 3 4 3 3 0 1 740 63
468 3 5 2 4 1 3 0 5 547 87
469 4 3 4 3 3 4 1 411 55
470 4 5 2 5 2 3 1 4 0 261 24
471 4 3 2 5 0 1 3 4 2 335 54
472 4 5 7 5 2 3 1 4 0 261 24
473 3 5 3 6 2 0 5 1 3 4 248 90
474 5 3 4 4 3 0 2 4 466 39
475 5 3 2 3 0 3 1 12 37
476 4 2 2 6 0 4 3 2 1 5 880 13
477 5 3 2 6 0 3 4 5 2 1 201 77
478 5 2 2 4 0 2 1 5 40 11
479 4 3 3 5 5 2 4 3 0 417 60
480 3 2 5 4 3 0 2 4 591 21
481 4 2 2 6 3 2 5 0 1 4 482 99
482 3 5 4 3 3 5 4 228 60
483 5 3 2 6 1 2 3 0 5 4 291 25
484 4 3 2 5 0 1 3 4 2 335 54
485 3 5 4 3 0 1 3 218 93
103
486 4 5 4 4 3 0 2 4 183 83
487 3 2 3 6 2 4 3 1 5 0 450 26
488 4 2 2 5 3 1 2 4 0 530 28
489 4 5 4 5 2 0 4 5 3 391 56
490 4 5 1 5 2 3 1 4 0 261 24
491 3 5 1 5 1 3 0 4 2 599 72
492 4 5 3 4 4 5 0 1 134 14
493 5 2 1 5 2 5 3 0 1 25 94
494 3 2 2 4 2 3 5 4 115 21
495 4 5 2 6 4 3 0 5 1 2 270 93
496 4 3 3 6 1 0 2 4 5 3 245 29
497 4 2 1 4 2 4 0 1 952 32
498 4 2 1 6 5 4 3 2 1 0 1052 55
499 4 5 1 5 5 1 2 3 0 246 61
500 5 2 3 3 5 0 1 205 82
501 5 2 1 5 4 5 1 0 3 428 10
502 5 2 1 6 4 5 3 1 0 2 329 36
503 3 5 1 6 2 0 5 1 3 4 248 90
504 3 5 5 5 2 4 5 0 3 146 14
505 3 5 1 6 3 2 4 0 1 5 93 91
506 4 3 2 4 5 0 1 4 494 29
507 5 3 4 6 5 2 1 0 4 3 168 79
508 3 2 1 6 5 1 4 3 2 0 356 80
509 4 3 2 3 3 2 1 220 46
510 5 2 3 6 4 5 3 2 0 1 415 89
511 4 2 4 6 1 3 4 5 2 0 572 68
512 4 3 1 4 0 5 4 1 198 30
513 3 2 2 4 2 3 5 4 115 21
514 4 3 2 3 1 0 5 689 96
515 4 2 1 3 1 0 3 703 72
516 4 3 4 3 2 3 4 679 18
517 4 3 1 5 1 0 2 5 4 509 84
518 3 5 1 6 3 4 1 5 2 0 294 17
519 4 5 3 4 4 5 0 1 134 14
520 4 5 4 4 4 3 5 2 169 11
521 4 3 3 5 4 5 2 0 1 425 13
522 3 2 4 4 3 2 1 4 289 52
523 4 3 2 3 3 2 0 362 35
524 3 5 4 3 2 1 5 337 87
525 5 2 3 6 4 2 1 5 3 0 545 22
526 4 3 1 5 2 0 4 3 5 208 22
527 5 2 1 4 0 2 1 5 40 11
528 3 2 1 4 2 3 5 4 115 21
529 3 2 2 6 5 3 4 2 0 1 359 64
530 4 3 2 5 5 2 4 3 0 417 60
531 5 2 2 5 2 3 0 4 5 113 91
532 4 2 4 5 2 5 0 3 4 863 61
533 5 3 1 4 5 2 4 1 219 58
534 5 2 2 4 4 2 1 5 260 47
535 5 2 1 5 2 3 0 4 5 113 91
536 4 5 3 5 2 3 1 4 0 261 24
537 5 2 3 6 4 2 1 5 3 0 545 22
538 3 5 3 5 1 3 0 4 2 599 72
539 5 3 1 4 3 0 2 4 466 39
540 5 2 3 5 1 2 0 3 5 141 56
541 3 5 1 3 0 1 3 218 93
542 4 3 3 5 4 5 2 3 1 467 58
543 3 2 2 5 1 4 5 2 0 520 15
544 5 3 2 3 4 2 0 347 11
545 4 2 3 6 5 3 4 1 2 0 578 18
546 5 3 4 4 3 0 2 4 318 93
547 5 2 1 5 2 5 3 0 1 25 94
548 4 2 3 5 3 2 0 1 5 265 62
549 4 5 2 6 3 5 2 0 4 1 299 52
550 4 5 2 4 4 5 0 1 134 14
551 3 2 2 3 3 5 0 236 31
552 3 5 5 3 1 0 2 442 90
553 3 2 4 4 3 0 2 4 591 21
554 3 5 3 6 5 0 1 2 4 3 514 63
555 4 2 2 3 5 2 3 1122 54
556 5 3 2 5 4 3 0 5 2 392 61
557 5 2 1 6 4 2 1 5 3 0 545 22
558 3 2 4 4 0 5 4 2 351 41
559 4 3 2 3 5 0 1 84 24
560 4 3 3 6 1 0 2 4 5 3 245 29
561 3 5 1 5 2 4 5 0 3 146 14
562 3 5 1 3 1 0 2 442 90
563 4 2 2 3 1 0 3 703 72
564 4 3 3 6 3 5 0 1 4 2 446 88
565 3 2 1 4 3 0 2 4 591 21
566 3 2 2 6 3 2 1 4 0 5 308 58
567 5 2 1 3 5 0 1 205 82
568 3 5 3 6 3 4 1 5 2 0 294 17
569 5 2 6 4 0 2 1 5 40 11
570 5 2 2 4 1 5 0 4 25 11
571 3 2 4 6 5 3 4 2 0 1 359 64
572 3 5 3 3 0 1 3 218 93
573 5 2 3 5 1 2 0 3 5 141 56
574 5 2 6 3 5 3 1 479 62
575 5 2 3 4 0 2 1 5 40 11
576 4 3 1 6 4 0 2 1 5 3 33 64
577 5 2 3 4 0 2 1 5 40 11
578 5 2 2 3 3 5 4 172 10
579 4 3 3 6 1 0 2 4 5 3 245 29
580 4 2 3 5 0 4 3 2 1 828 100
581 3 2 3 6 5 1 4 3 2 0 356 80
582 5 3 2 4 2 4 1 3 450 39
583 4 5 1 3 5 3 0 115 33
584 5 2 3 6 3 5 0 4 2 1 121 49
585 4 3 2 5 0 1 3 4 2 335 54
586 3 5 2 4 4 5 0 1 217 82
587 3 2 7 5 1 4 2 3 0 157 67
588 4 3 4 3 1 0 5 689 96
93
589 3 5 3 5 0 3 1 4 2 262 24
590 3 5 1 6 4 0 2 5 1 3 53 35
591 5 2 4 3 5 0 1 205 82
592 4 5 1 4 1 5 4 3 294 51
593 4 3 2 4 5 0 1 4 494 29
594 4 2 1 4 1 4 5 3 930 33
595 4 2 4 3 1 0 3 703 72
596 4 2 2 4 1 4 5 3 930 33
597 5 2 1 6 0 5 1 4 3 2 314 93
598 3 5 1 3 5 2 3 100 30
599 5 2 1 3 3 5 4 172 10
600 4 5 4 3 4 5 2 215 96
601 4 5 1 5 5 1 2 3 0 246 61
602 5 2 1 5 4 5 1 0 3 428 10
603 5 2 2 6 0 2 3 4 5 1 303 25
604 5 3 5 6 4 1 0 3 2 5 438 17
605 5 3 1 6 3 2 4 1 0 5 390 67
606 5 3 3 6 1 2 3 0 5 4 291 25
607 5 2 1 6 3 5 0 4 2 1 121 49
608 3 5 1 3 0 1 3 218 93
609 4 5 2 3 1 0 5 287 63
610 5 3 8 4 1 5 0 4 484 36
611 4 5 4 5 5 1 2 3 0 246 61
612 4 5 1 3 5 3 0 12 94
613 4 3 1 4 0 5 4 1 198 30
614 4 2 2 4 3 5 0 4 483 97
615 4 3 1 5 4 5 2 3 1 467 58
616 4 5 2 3 1 0 5 287 63
617 4 2 2 6 5 4 3 2 1 0 1052 55
618 5 2 2 5 4 5 1 0 3 428 10
619 5 2 1 4 4 1 0 3 294 67
620 4 3 3 3 3 2 0 362 35
621 4 3 3 6 3 5 0 1 4 2 446 88
622 3 2 2 4 5 4 1 3 742 72
623 3 5 2 3 0 1 3 218 93
624 4 2 2 3 0 4 3 713 99
625 5 3 6 6 1 4 3 5 2 0 610 20
626 5 2 2 3 5 3 1 479 62
627 5 2 4 6 4 5 3 1 0 2 329 36
628 3 2 3 6 0 5 3 1 4 2 510 28
629 5 3 4 6 4 1 0 3 2 5 438 17
630 5 3 1 6 4 1 0 5 3 2 264 43
631 4 3 2 4 0 5 4 1 198 30
632 4 2 1 5 1 2 5 3 4 476 54
633 4 2 2 5 1 2 5 3 4 476 54
634 4 2 1 5 2 5 0 3 4 863 61
635 5 2 2 5 4 5 1 0 3 428 10
636 4 3 2 3 3 2 0 362 35
637 5 2 2 6 4 5 3 1 0 2 329 36
638 5 2 3 4 4 2 3 1 218 33
639 4 2 1 5 3 1 0 5 4 844 13
640 3 2 2 5 0 5 2 4 1 162 72
641 4 5 1 4 4 3 5 2 169 11
642 3 2 1 4 2 3 5 4 115 21
643 4 2 3 5 3 1 2 4 0 530 28
644 4 2 2 5 3 1 0 5 4 844 13
645 5 2 4 5 2 5 3 0 1 25 94
646 4 5 2 5 2 3 1 4 0 261 24
647 4 2 3 5 2 5 0 3 4 863 61
648 4 5 4 5 5 1 2 3 0 246 61
649 5 3 2 6 4 1 0 3 2 5 438 17
650 3 2 2 4 3 0 4 2 730 59
651 4 2 2 6 5 4 3 2 1 0 1052 55
652 4 2 4 3 0 4 3 713 99
653 4 5 4 6 4 3 0 5 1 2 270 93
654 3 2 3 4 1 0 3 2 408 13
655 4 5 2 4 1 5 4 3 294 51
656 3 2 2 6 5 3 4 2 0 1 359 64
657 3 2 2 4 3 0 2 4 591 21
658 4 3 1 4 3 4 1 5 254 72
659 3 2 2 5 1 4 5 2 0 520 15
660 5 3 3 6 3 2 4 1 0 5 390 67
661 4 3 2 3 3 2 1 220 46
662 3 2 2 4 5 4 1 3 742 72
663 3 5 2 6 5 0 1 2 4 3 514 63
664 5 2 1 4 4 2 1 5 260 47
665 5 2 4 6 0 5 1 4 3 2 314 93
666 3 2 6 4 5 4 1 3 742 72
667 3 5 3 5 5 0 2 4 1 301 88
668 4 5 2 4 1 5 4 3 294 51
669 5 3 2 4 2 4 1 3 450 39
670 3 2 2 5 4 3 5 1 0 364 28
671 3 2 4 6 3 2 1 4 0 5 308 58
672 4 2 4 3 1 0 3 703 72
673 4 2 3 6 0 4 3 2 1 5 880 13
674 4 5 3 5 5 4 3 0 2 152 98
675 4 2 2 6 1 3 4 5 2 0 572 68
676 5 2 2 6 4 5 3 2 0 1 415 89
677 4 2 5 6 1 3 5 2 0 4 798 33
678 4 2 3 4 1 4 5 3 930 33
679 4 5 2 6 5 4 3 0 2 1 272 67
680 4 2 5 6 1 3 4 5 2 0 572 68
681 5 3 3 6 4 1 0 3 2 5 438 17
81
682 5 2 5 4 4 2 1 5 260 47
683 4 5 2 5 2 0 4 5 3 391 56
684 5 2 2 6 0 5 1 4 3 2 314 93
685 3 2 2 6 0 5 3 1 4 2 510 28
686 3 5 4 5 5 2 3 1 0 91 62
687 4 5 1 5 2 3 1 4 0 261 24
688 4 2 1 4 1 3 2 5 586 84
689 5 3 1 3 4 2 0 347 11
690 5 3 2 4 1 0 4 2 276 97
691 5 2 1 3 5 0 1 205 82
692 4 2 1 3 5 4 2 936 19
693 4 2 1 6 1 3 4 5 2 0 572 68
694 4 3 3 3 3 2 1 220 46
695 4 2 5 4 1 3 2 5 586 84
696 5 2 1 3 4 5 2 444 82
697 5 2 1 3 3 5 4 172 10
698 5 2 2 6 4 5 3 1 0 2 329 36
699 3 5 1 3 2 1 5 337 87
700 4 5 3 3 4 5 2 215 96
701 3 2 2 5 4 2 0 3 5 361 22
702 5 2 4 6 0 5 1 4 3 2 314 93
703 4 3 3 3 3 4 1 411 55
704 4 2 8 4 1 3 2 5 586 84
705 5 3 1 4 4 3 5 0 298 57
706 3 2 1 5 4 2 0 3 5 361 22
707 3 2 2 4 3 0 4 2 730 59
708 3 5 4 5 3 1 0 5 2 319 73
709 5 3 3 3 4 1 5 19 30
710 4 2 5 5 3 2 0 1 5 265 62
711 4 5 3 6 4 3 0 5 1 2 270 93
712 5 3 2 4 5 3 2 4 344 12
713 4 5 2 3 4 5 2 215 96
714 5 2 3 5 2 5 3 0 1 25 94
715 5 3 2 3 4 1 5 19 30
716 3 5 2 6 4 0 2 5 1 3 53 35
717 3 2 2 6 5 3 4 2 0 1 359 64
718 5 2 1 6 4 2 5 3 1 0 138 41
719 4 5 1 3 1 0 5 287 63
720 3 5 1 4 4 5 0 1 217 82
721 3 5 2 6 4 2 1 0 5 3 328 71
722 4 3 1 3 5 0 1 84 24
723 5 2 2 4 0 2 1 5 40 11
724 3 2 1 6 5 3 4 2 0 1 359 64
725 4 3 7 4 0 5 4 1 198 30
726 5 3 3 4 4 3 5 0 298 57
727 3 5 1 3 0 1 3 218 93
728 3 5 1 5 0 3 1 4 2 262 24
729 3 2 2 4 3 0 4 2 730 59
730 5 2 3 3 4 5 2 444 82
731 3 5 3 3 5 2 3 100 30
732 5 3 2 6 1 4 3 5 2 0 610 20
733 5 2 2 6 0 5 1 4 3 2 314 93
734 4 5 2 3 5 2 4 471 90
735 4 5 3 6 5 4 3 0 2 1 272 67
736 4 2 3 5 3 1 2 4 0 530 28
737 4 3 3 4 0 5 4 1 198 30
738 4 5 2 5 0 2 4 5 1 218 97
739 4 5 2 3 4 5 2 215 96
740 3 5 4 5 1 3 0 4 2 599 72
741 5 2 3 5 2 3 0 4 5 113 91
742 4 5 2 6 3 5 2 0 4 1 299 52
743 3 2 2 4 1 0 3 2 408 13
744 4 2 2 4 1 3 2 5 586 84
745 4 3 2 3 3 2 0 362 35
746 4 2 3 6 3 2 5 0 1 4 482 99
747 4 2 2 6 5 3 4 1 2 0 578 18
748 3 2 2 5 0 5 2 4 1 162 72
749 3 5 2 4 2 1 0 4 537 62
750 4 2 7 5 0 4 3 2 1 828 100
751 5 3 2 4 0 4 5 2 544 36
752 5 3 4 4 5 3 2 4 344 12
753 3 5 2 6 4 2 1 0 5 3 328 71
754 4 2 2 6 1 3 4 5 2 0 572 68
755 4 2 3 5 0 4 3 2 1 828 100
756 5 2 2 4 4 2 1 5 260 47
757 4 2 3 5 0 4 3 2 1 828 100
758 5 2 5 6 3 5 0 4 2 1 121 49
759 4 3 2 5 4 5 2 0 1 425 13
760 5 3 2 4 1 0 4 2 276 97
761 4 5 2 6 5 1 4 0 3 2 149 98
762 4 2 5 3 1 0 3 703 72
101
763 5 3 2 3 0 3 1 12 37
764 5 3 3 4 5 3 2 4 344 12
765 4 3 1 3 2 3 4 679 18
766 4 2 1 4 1 3 2 5 586 84
767 3 2 2 5 4 2 0 3 5 361 22
768 5 3 1 4 3 0 2 4 318 93
769 5 3 2 6 4 1 0 5 3 2 264 43
770 4 3 2 3 3 4 1 411 55
771 3 5 1 6 4 0 2 5 1 3 53 35
772 4 5 2 4 4 0 3 1 191 80
773 3 5 1 4 4 2 5 0 25 26
774 5 2 2 3 4 5 2 444 82
775 4 5 2 6 5 1 4 0 3 2 149 98
776 5 2 1 5 1 2 0 3 5 141 56
777 3 5 2 5 0 3 1 4 2 262 24
778 4 2 1 3 1 0 3 703 72
779 4 5 1 3 1 2 5 50 94
780 4 3 1 6 3 5 0 1 4 2 446 88
781 3 5 1 3 1 0 2 442 90
782 5 3 5 6 4 1 0 3 2 5 438 17
783 4 2 4 4 1 3 2 5 586 84
784 4 5 1 5 0 2 4 5 1 218 97
785 5 2 2 4 0 2 1 5 40 11
786 4 3 1 4 0 5 4 1 198 30
787 5 2 3 4 1 5 0 4 25 11
788 4 2 2 6 5 4 3 2 1 0 1052 55
789 3 5 2 5 5 2 3 1 0 91 62
790 4 5 2 5 0 2 4 5 1 218 97
791 5 2 3 4 4 2 3 1 218 33
792 5 2 2 6 4 2 1 5 3 0 545 22
793 5 3 1 6 1 2 3 0 5 4 291 25
794 4 3 2 5 5 2 4 3 0 417 60
795 4 5 10 5 4 2 0 5 1 208 77
796 4 3 4 5 1 0 2 5 4 509 84
797 4 2 1 3 0 4 3 713 99
798 4 2 2 3 0 1 5 31 63
799 3 5 3 6 3 2 4 0 1 5 93 91
800 5 2 2 3 5 3 1 479 62
801 4 3 3 5 0 1 3 4 2 335 54
802 4 5 1 4 3 0 2 4 183 83
803 5 3 1 6 1 4 3 5 2 0 610 20
804 5 3 2 6 4 1 0 5 3 2 264 43
805 3 5 2 6 4 2 1 0 5 3 328 71
806 3 2 3 3 3 5 0 236 31
807 3 2 5 5 5 2 4 3 1 737 84
808 3 2 2 4 3 0 2 4 591 21
809 4 5 1 4 3 0 2 4 183 83
810 5 2 4 6 3 5 0 4 2 1 121 49
811 3 2 3 6 0 5 3 1 4 2 510 28
812 5 2 3 6 4 2 5 3 1 0 138 41
813 4 5 1 5 5 1 2 3 0 246 61
814 4 2 1 6 0 4 3 2 1 5 880 13
815 4 3 2 4 3 4 1 5 254 72
816 3 5 3 6 2 0 5 1 3 4 248 90
817 4 5 1 5 2 3 1 4 0 261 24
818 4 3 2 6 0 1 5 4 3 2 283 58
819 5 3 2 6 0 3 4 5 2 1 201 77
820 5 2 3 4 4 2 3 1 218 33
821 4 2 2 4 1 3 2 5 586 84
822 4 2 3 3 1 0 3 703 72
823 5 3 2 3 0 3 1 12 37
824 5 3 3 4 4 3 5 0 298 57
825 3 5 1 5 3 1 0 5 2 319 73
826 5 3 1 5 4 3 0 5 2 392 61
827 3 5 2 4 1 3 0 5 547 87
828 4 3 2 6 0 1 5 4 3 2 283 58
829 5 2 5 3 3 5 4 172 10
830 4 3 2 3 3 0 1 740 63
831 5 3 1 6 4 1 0 3 2 5 438 17
832 4 5 1 3 1 2 5 50 94
833 5 2 2 3 5 2 3 166 48
834 5 2 2 5 4 5 1 0 3 428 10
835 3 2 4 5 2 3 1 0 5 348 22
836 4 2 4 3 1 0 3 703 72
837 5 3 2 5 4 3 0 5 2 392 61
838 4 2 2 5 2 5 0 3 4 863 61
839 4 2 2 5 1 2 5 3 4 476 54
840 3 2 1 6 3 2 1 4 0 5 308 58
841 5 2 2 5 1 2 0 3 5 141 56
842 3 5 1 5 3 1 0 5 2 319 73
843 4 3 1 3 3 2 1 220 46
844 3 2 4 3 3 5 0 236 31
845 3 5 4 3 5 2 3 100 30
846 4 5 2 5 0 2 4 5 1 218 97
847 5 3 4 3 4 2 0 347 11
848 5 3 6 4 4 3 5 0 298 57
849 4 5 2 6 4 5 0 1 2 3 167 26
850 3 2 4 5 4 3 5 1 0 364 28
851 4 2 5 3 5 2 3 1122 54
852 4 2 4 6 5 3 4 1 2 0 578 18
853 4 5 2 3 4 5 2 215 96
854 4 5 2 3 4 5 2 215 96
855 5 3 2 6 1 2 3 0 5 4 291 25
856 4 3 2 5 4 5 2 0 1 425 13
857 3 5 2 3 1 0 2 442 90
858 3 5 2 3 1 0 2 442 90
859 3 2 3 3 3 5 0 236 31
860 3 5 2 5 3 1 0 5 2 319 73
861 4 5 3 4 4 3 5 2 169 11
862 4 2 3 6 1 3 4 5 2 0 572 68
863 3 2 7 4 3 0 4 2 730 59
85
864 5 2 1 4 0 2 1 5 40 11
865 3 2 1 5 5 2 4 3 1 737 84
866 3 2 2 6 3 2 1 4 0 5 308 58
867 3 2 1 6 5 3 4 2 0 1 359 64
868 5 2 1 5 2 3 0 4 5 113 91
869 4 5 1 3 1 0 5 287 63
870 5 3 3 4 1 2 3 5 187 68
871 4 3 1 3 2 3 4 679 18
872 5 3 1 4 4 3 5 0 298 57
873 4 2 1 4 3 5 0 4 483 97
874 4 5 3 6 5 4 3 0 2 1 272 67
875 3 5 2 5 5 2 3 1 0 91 62
876 3 5 1 6 3 2 4 0 1 5 93 91
877 4 2 1 5 3 2 0 1 5 265 62
878 4 3 2 5 5 2 4 3 0 417 60
879 5 2 1 4 4 2 3 1 218 33
880 4 3 1 3 3 2 1 220 46
881 5 2 1 6 0 5 1 4 3 2 314 93
882 5 3 1 3 4 2 0 347 11
883 3 5 4 3 1 0 2 442 90
884 4 5 4 3 5 3 0 12 94
885 4 5 1 4 4 0 3 1 191 80
886 4 3 5 4 5 2 3 0 55 80
887 3 2 1 5 0 5 2 4 1 162 72
888 3 5 1 4 2 1 0 4 537 62
889 3 5 6 5 2 4 5 0 3 146 14
890 4 5 3 4 1 5 4 3 294 51
891 3 5 2 5 5 0 2 4 1 301 88
892 3 2 3 5 0 5 2 4 1 162 72
893 4 5 1 6 4 5 0 1 2 3 167 26
894 4 2 5 3 5 4 2 936 19
895 4 3 3 4 5 2 3 0 55 80
896 4 5 2 5 5 1 2 3 0 246 61
897 4 2 2 3 5 2 3 1122 54
898 3 5 2 5 0 3 1 4 2 262 24
899 4 5 1 4 4 5 0 1 134 14
900 5 2 1 6 3 5 0 4 2 1 121 49
901 5 3 2 6 0 3 4 5 2 1 201 77
902 3 5 1 6 4 0 2 5 1 3 53 35
903 5 2 4 3 5 3 1 479 62
904 4 3 2 4 5 0 1 4 494 29
905 4 3 8 5 0 1 3 4 2 335 54
906 3 2 2 5 5 2 4 3 1 737 84
907 3 5 4 6 5 0 1 2 4 3 514 63
908 5 3 1 6 4 1 0 3 2 5 438 17
909 4 3 4 3 3 4 1 411 55
910 4 2 8 6 1 3 5 2 0 4 798 33
911 5 3 3 6 4 1 0 5 3 2 264 43
912 4 3 5 5 4 5 2 0 1 425 13
913 4 5 1 5 4 2 0 5 1 208 77
914 4 3 2 5 1 2 4 5 3 262 61
915 3 2 4 4 5 4 1 3 742 72
916 5 2 3 4 1 5 0 4 25 11
917 3 5 2 4 2 1 0 4 537 62
918 4 5 1 6 5 1 4 0 3 2 149 98
919 3 5 2 3 2 1 5 337 87
920 4 5 8 3 5 3 0 115 33
921 5 2 2 3 5 3 1 479 62
922 5 3 2 4 1 5 0 4 484 36
923 3 2 1 4 1 0 3 2 408 13
924 5 3 1 4 4 3 5 0 298 57
925 4 5 3 6 4 5 0 1 2 3 167 26
926 3 2 1 5 1 4 5 2 0 520 15
927 5 2 4 3 5 2 3 166 48
928 4 3 3 4 2 1 5 3 480 62
929 3 2 2 4 5 4 1 3 742 72
930 5 3 2 3 4 1 5 19 30
931 3 2 2 4 3 0 4 2 730 59
932 3 5 1 4 4 5 0 1 217 82
933 3 5 2 6 5 0 1 2 4 3 514 63
934 4 2 4 3 5 4 2 936 19
935 5 3 4 4 5 2 4 1 219 58
936 4 3 3 4 5 0 1 4 494 29
937 3 2 8 5 5 2 4 3 1 737 84
938 5 2 4 4 0 2 1 5 40 11
939 4 5 1 5 2 3 1 4 0 261 24
940 5 3 5 4 1 2 3 5 187 68
941 4 5 2 3 1 0 2 271 60
942 3 2 3 6 2 4 3 1 5 0 450 26
943 4 5 5 3 5 2 4 471 90
944 4 5 3 3 1 0 5 287 63
945 4 5 2 6 5 1 4 0 3 2 149 98
946 3 5 5 6 4 0 2 5 1 3 53 35
947 3 2 2 6 4 3 2 0 1 5 410 17
948 5 3 3 4 3 0 2 4 318 93
114
949 4 3 4 6 1 0 2 4 5 3 245 29
950 4 3 1 3 3 2 1 220 46
951 5 2 1 5 1 2 0 3 5 141 56
952 3 2 2 6 5 1 4 3 2 0 356 80
953 4 5 3 6 5 4 3 0 2 1 272 67
954 5 2 1 6 3 5 0 4 2 1 121 49
955 4 5 4 5 2 0 4 5 3 391 56
956 5 2 1 3 4 5 2 444 82
957 4 3 1 3 5 0 1 84 24
958 3 5 2 3 5 2 3 100 30
959 3 2 1 5 1 4 2 3 0 157 67
960 4 3 1 6 3 5 0 1 4 2 446 88
961 4 3 2 5 2 0 4 3 5 208 22
962 4 3 2 4 3 4 1 5 254 72
963 4 2 1 6 0 4 3 2 1 5 880 13
964 4 3 5 4 5 2 3 0 55 80
965 5 3 2 4 0 4 5 2 544 36
966 3 5 1 3 2 1 5 337 87
967 3 2 1 5 0 5 2 4 1 162 72
968 4 5 2 6 4 5 0 1 2 3 167 26
969 3 2 2 4 3 2 1 4 289 52
970 3 5 2 6 3 4 1 5 2 0 294 17
971 4 2 1 6 3 2 5 0 1 4 482 99
972 3 2 2 6 5 3 0 4 1 2 401 24
973 4 5 1 3 5 3 0 12 94
974 5 2 1 5 4 5 1 0 3 428 10
975 5 2 1 4 0 5 3 4 386 15
976 4 5 5 5 4 2 0 5 1 208 77
977 5 2 2 6 4 5 3 2 0 1 415 89
978 4 2 5 5 3 1 2 4 0 530 28
979 4 5 1 3 1 2 5 50 94
980 5 2 1 5 4 5 1 0 2 347 24
981 4 5 1 5 2 0 4 5 3 391 56
982 4 2 1 5 3 1 2 4 0 530 28
983 5 2 3 4 4 1 0 3 294 67
984 3 5 1 3 2 1 5 337 87
985 4 3 2 6 0 1 5 4 3 2 283 58
986 4 5 2 4 4 3 5 2 169 11
987 3 5 4 6 5 0 1 2 4 3 514 63
988 3 2 4 6 3 2 1 4 0 5 308 58
989 3 2 1 4 1 0 3 2 408 13
990 5 3 1 5 4 3 0 5 2 392 61
991 4 5 1 3 1 0 5 287 63
992 4 2 1 3 0 1 5 31 63
993 5 2 9 3 3 5 4 172 10
994 3 5 1 6 2 0 5 1 3 4 248 90
995 4 2 3 4 1 3 2 5 586 84
996 4 3 2 3 3 2 1 220 46
997 4 2 3 6 3 2 5 0 1 4 482 99
998 3 5 6 4 5 2 1 0 196 22
999 4 5 5 4 3 0 2 4 183 83
1000 3 2 5 5 0 5 2 4 1 162 72
1001 3 5 1 5 3 1 0 5 2 319 73
1002 3 2 3 3 3 5 0 236 31
1003 4 5 1 6 4 3 0 5 1 2 270 93
1004 4 2 2 6 5 4 3 2 1 0 1052 55
1005 4 2 4 4 1 4 5 3 930 33
1006 5 3 6 4 5 3 2 4 344 12
1007 3 2 4 3 3 4 2 832 18
1008 5 3 1 4 2 4 1 3 450 39
1009 5 2 3 6 4 5 3 2 0 1 191 89
1010 4 2 1 5 2 5 0 3 4 863 61
1011 5 3 4 4 5 2 4 1 219 58
1012 3 5 3 4 2 1 0 4 537 62
1013 5 3 1 6 1 2 3 0 5 4 291 25
1014 5 2 2 4 0 5 3 4 386 15
1015 5 2 2 6 4 5 3 2 0 1 191 89
1016 4 2 4 5 0 4 3 2 1 828 100
1017 4 2 5 4 1 4 5 3 930 33
1018 4 5 2 3 5 3 0 115 33
1019 3 2 2 5 5 2 4 3 1 737 84
1020 4 3 2 3 3 0 1 740 63
1021 5 3 3 6 1 2 3 0 5 4 291 25
1022 3 2 3 5 1 4 2 3 0 157 67
1023 5 2 6 6 4 2 1 5 3 0 545 22
1024 3 5 3 5 5 2 3 1 0 91 62
1025 3 2 4 4 3 2 1 4 289 52
1026 5 3 2 6 3 2 4 1 0 5 390 67
1027 5 2 2 4 4 1 0 3 294 67
1028 3 5 6 4 4 0 1 5 432 72
1029 3 5 2 5 1 3 0 4 2 599 72
1030 4 5 1 4 4 0 3 1 191 80
1031 4 3 2 3 3 0 1 740 63
1032 4 5 2 6 5 1 4 0 3 2 149 98
1033 5 2 3 4 0 2 1 5 40 11
1034 5 3 2 4 3 0 2 4 318 93
1035 5 2 2 4 4 1 0 3 294 67
1036 4 2 3 3 5 4 2 936 19
1037 3 5 1 4 4 2 5 0 25 26
1038 5 2 2 3 3 5 4 172 10
1039 3 2 1 5 5 2 4 3 1 737 84
1040 5 2 2 3 5 2 3 166 48
1041 3 2 3 4 3 2 1 4 289 52
1042 4 2 4 3 0 4 3 713 99
1043 4 3 4 6 1 0 2 4 5 3 245 29
1044 5 2 2 6 4 5 3 2 0 1 415 89
1045 5 3 2 6 4 1 0 5 3 2 264 43
1046 5 3 3 5 4 3 0 5 2 392 61
1047 3 5 2 5 2 4 5 0 3 146 14
1048 4 5 2 5 0 2 4 5 1 218 97
1049 5 2 2 6 0 5 1 4 3 2 314 93
1050 4 3 3 4 3 4 1 5 254 72
1051 3 2 4 6 5 3 0 4 1 2 401 24
1052 4 3 2 5 4 5 2 3 1 467 58
1053 3 2 4 5 4 3 5 1 0 364 28
1054 4 5 3 5 2 0 4 5 3 391 56
1055 4 2 2 6 1 3 5 2 0 4 798 33
1056 3 2 2 4 5 4 1 3 742 72
1057 4 5 2 5 5 1 2 3 0 246 61
1058 4 5 5 5 2 0 4 5 3 391 56
1059 4 2 4 5 0 4 3 2 1 828 100
1060 4 3 2 5 1 2 4 5 3 262 61
1061 5 3 4 4 1 0 4 2 276 97
1062 4 2 3 4 1 4 5 3 930 33
88
1063 4 2 2 3 0 4 3 713 99
1064 5 3 1 4 2 4 1 3 450 39
1065 4 3 1 3 3 2 1 220 46
1066 3 2 1 6 2 4 3 1 5 0 450 26
1067 5 3 3 4 3 0 2 4 318 93
1068 4 5 4 3 1 0 5 287 63
1069 5 3 1 6 4 1 0 5 3 2 264 43
1070 3 2 4 6 4 3 2 0 1 5 410 17
1071 4 3 2 3 3 4 1 411 55
1072 5 3 2 4 3 0 2 4 466 39
1073 4 5 1 5 5 1 2 3 0 246 61
1074 5 3 7 6 0 3 4 5 2 1 201 77
1075 4 3 1 5 4 5 2 3 1 467 58
1076 4 2 1 5 3 1 0 5 4 844 13
1077 3 5 1 5 0 3 1 4 2 262 24
1078 5 2 3 6 0 5 1 4 3 2 314 93
1079 4 5 2 4 4 0 3 1 191 80
1080 4 3 2 3 3 2 0 362 35
1081 4 5 1 6 5 1 4 0 3 2 149 98
1082 4 2 1 6 5 4 3 2 1 0 1052 55
1083 5 2 7 3 5 0 1 205 82
1084 4 5 3 4 4 3 5 2 169 11
1085 3 5 2 5 0 3 1 4 2 262 24
1086 3 5 3 5 3 1 0 5 2 319 73
1087 3 5 4 6 4 0 2 5 1 3 53 35
1088 4 5 1 3 1 2 5 50 94
1089 5 2 1 3 5 2 3 166 48
1090 3 5 3 6 3 2 4 0 1 5 93 91
1091 3 2 1 4 2 3 5 4 115 21
1092 3 2 5 6 2 4 3 1 5 0 450 26
1093 5 2 1 5 4 5 1 0 2 347 24
1094 3 5 1 6 3 4 1 5 2 0 294 17
1095 4 3 2 6 0 1 5 4 3 2 283 58
1096 3 2 1 4 1 0 3 2 408 13
1097 3 5 1 5 1 4 0 5 2 251 57
1098 4 2 1 3 0 4 3 713 99
1099 3 2 2 4 3 2 1 4 289 52
1100 3 2 1 6 5 3 4 2 0 1 359 64
1101 3 5 3 5 3 1 0 5 2 319 73
1102 3 5 1 5 5 2 3 1 0 91 62
1103 3 2 2 4 0 5 4 2 351 41
1104 3 2 1 3 3 4 2 832 18
1105 4 2 2 5 3 1 0 5 4 844 13
1106 5 3 2 4 3 0 2 4 466 39
1107 5 3 2 3 4 1 5 19 30
1108 4 5 1 4 4 3 5 2 169 11
1109 4 2 2 6 5 3 4 1 2 0 578 18
1110 3 5 3 5 2 4 5 0 3 146 14
1111 3 5 1 3 5 2 3 100 30
1112 4 3 3 3 3 0 1 740 63
1113 5 3 1 6 1 2 3 0 5 4 291 25
1114 4 5 3 4 1 5 4 3 294 51
1115 3 2 6 5 4 2 0 3 5 361 22
1116 4 3 5 5 2 0 4 3 5 208 22
1117 4 3 3 4 5 2 3 0 55 80
1118 3 2 4 4 3 0 4 2 730 59
1119 3 2 1 4 3 0 4 2 730 59
1120 3 2 1 4 1 0 3 2 408 13
1121 3 5 3 4 4 0 1 5 432 72
1122 3 2 2 4 2 3 5 4 115 21
1123 5 3 2 4 5 2 4 1 219 58
1124 3 2 5 5 4 3 5 1 0 364 28
1125 4 5 2 4 4 3 5 2 169 11
1126 4 5 1 3 5 3 0 12 94
1127 3 2 2 6 5 3 0 4 1 2 401 24
1128 3 5 2 5 5 2 3 1 0 91 62
1129 3 2 3 5 1 4 5 2 0 520 15
1130 3 2 1 6 4 3 2 0 1 5 410 17
1131 4 5 3 4 4 5 0 1 134 14
1132 3 5 1 3 0 1 3 218 93
1133 3 2 4 4 1 0 3 2 408 13
1134 3 5 7 5 1 4 0 5 2 251 57
1135 4 3 2 3 1 0 5 689 96
1136 5 2 1 6 3 5 0 4 2 1 121 49
1137 5 2 1 6 4 5 3 2 0 1 415 89
1138 5 3 5 4 0 4 5 2 544 36
1139 5 2 2 5 1 2 0 3 5 141 56
1140 4 5 6 5 2 0 4 5 3 391 56
1141 3 5 2 6 2 0 5 1 3 4 248 90
1142 5 3 3 3 4 1 5 19 30
1143 4 3 1 5 1 0 2 5 4 509 84
1144 3 2 2 5 0 5 2 4 1 162 72
1145 5 2 4 3 4 5 2 444 82
1146 3 5 2 6 4 2 1 0 5 3 328 71
1147 4 5 3 3 5 3 0 115 33
1148 4 3 2 3 3 2 0 362 35
1149 4 3 3 5 4 5 2 3 1 467 58
1150 3 5 4 4 4 5 0 1 217 82
82
1151 5 2 2 4 0 2 1 5 40 11
1152 5 3 4 6 4 1 0 3 2 5 438 17
1153 4 2 1 6 1 3 5 2 0 4 798 33
1154 5 2 3 6 4 2 1 5 3 0 545 22
1155 4 3 4 4 3 4 1 5 254 72
1156 4 3 4 4 5 0 1 4 494 29
1157 4 2 1 6 5 4 3 2 1 0 1052 55
1158 5 3 2 4 2 4 1 3 450 39
1159 4 3 6 5 5 2 4 3 0 417 60
1160 3 5 1 4 4 0 1 5 432 72
1161 5 2 3 3 5 2 3 166 48
1162 4 2 1 3 5 4 2 936 19
1163 5 2 3 6 4 2 5 3 1 0 138 41
1164 4 2 1 6 0 4 3 2 1 5 880 13
1165 5 3 6 4 4 3 5 0 298 57
1166 5 2 2 4 0 2 1 5 40 11
1167 5 3 2 4 3 0 2 4 466 39
1168 4 3 3 3 3 2 1 220 46
1169 4 5 4 5 2 0 4 5 3 391 56
1170 3 2 1 6 3 2 1 4 0 5 308 58
1171 5 2 2 5 1 2 0 3 5 141 56
1172 3 2 2 6 5 3 0 4 1 2 401 24
1173 4 2 1 6 1 3 5 2 0 4 798 33
1174 3 5 2 3 0 1 3 218 93
1175 4 3 4 6 1 0 2 4 5 3 245 29
1176 3 5 3 5 0 3 1 4 2 262 24
1177 4 3 1 6 1 0 2 4 5 3 245 29
1178 4 3 3 4 5 2 3 0 55 80
1179 4 5 7 4 4 5 0 1 134 14
1180 3 5 1 4 4 2 5 0 25 26
1181 3 2 2 4 3 0 4 2 730 59
1182 4 5 1 6 4 5 0 1 2 3 167 26
1183 4 5 4 3 1 2 5 50 94
1184 4 3 4 3 3 0 1 740 63
1185 3 5 2 4 4 5 0 1 217 82
1186 3 5 2 5 5 2 3 1 0 91 62
1187 3 5 3 6 5 0 1 2 4 3 514 63
1188 5 3 1 3 4 2 0 347 11
1189 4 2 2 5 3 1 0 5 4 844 13
1190 3 5 1 3 1 0 2 442 90
1191 4 5 1 4 4 5 0 1 134 14
1192 3 2 2 5 0 5 2 4 1 162 72
1193 3 2 2 5 4 3 5 1 0 364 28
1194 4 5 5 5 2 0 4 5 3 391 56
1195 3 5 2 5 0 3 1 4 2 262 24
1196 3 2 2 6 2 4 3 1 5 0 450 26
1197 3 5 8 5 0 3 1 4 2 262 24
1198 3 5 1 4 4 5 0 1 217 82
1199 5 2 1 3 5 0 1 205 82
1200 4 5 2 5 0 2 4 5 1 218 97
1201 4 3 5 5 2 0 4 3 5 208 22
1202 4 3 5 4 5 0 1 4 494 29
1203 4 3 7 4 5 0 1 4 494 29
1204 4 3 2 5 5 2 4 3 0 417 60
1205 5 2 2 4 1 5 0 4 25 11
1206 5 2 1 3 5 0 1 205 82
1207 3 5 4 4 1 3 0 5 547 87
1208 4 2 3 5 1 2 5 3 4 476 54
1209 3 5 2 6 3 2 4 0 1 5 93 91
1210 3 5 1 6 3 2 4 0 1 5 93 91
1211 3 2 6 5 4 2 0 3 5 361 22
1212 5 2 4 3 4 5 2 444 82
1213 4 5 2 6 3 5 2 0 4 1 299 52
1214 3 2 3 5 4 3 5 1 0 364 28
1215 4 5 4 5 2 0 4 5 3 391 56
1216 3 2 2 6 2 4 3 1 5 0 450 26
1217 3 5 2 6 3 2 4 0 1 5 93 91
1218 3 2 4 4 3 0 4 2 730 59
1219 4 3 4 5 1 0 2 5 4 509 84
1220 5 2 3 5 2 5 3 0 1 25 94
1221 5 2 3 4 0 2 1 5 40 11
1222 4 5 1 6 5 1 4 0 3 2 149 98
1223 5 3 7 6 4 1 0 3 2 5 438 17
1224 5 2 3 3 5 2 3 166 48
1225 4 3 3 3 3 2 0 362 35
1226 4 5 2 3 5 2 4 471 90
1227 3 2 3 4 0 5 4 2 351 41
1228 4 2 6 5 1 2 5 3 4 476 54
1229 4 3 3 6 0 1 5 4 3 2 283 58
1230 4 3 2 3 3 2 0 362 35
1231 4 2 2 6 5 4 3 2 1 0 1052 55
1232 4 5 3 5 4 2 0 5 1 208 77
96
1233 5 3 3 6 4 1 0 5 3 2 264 43
1234 3 5 1 5 5 0 2 4 1 301 88
1235 3 5 2 5 2 4 5 0 3 146 14
1236 5 2 3 5 1 2 0 3 5 141 56
1237 5 3 2 4 2 4 1 3 450 39
1238 3 2 3 4 1 0 3 2 408 13
1239 4 3 1 3 3 4 1 411 55
1240 4 3 6 6 0 1 5 4 3 2 283 58
1241 5 2 2 5 1 2 0 3 5 141 56
1242 4 2 2 6 1 3 4 5 2 0 572 68
1243 3 2 3 6 2 4 3 1 5 0 450 26
1244 4 3 1 3 1 0 5 689 96
1245 5 2 1 5 2 3 0 4 5 113 91
1246 3 2 1 4 3 2 1 4 289 52
1247 4 2 3 4 1 3 2 5 586 84
1248 4 3 1 5 0 1 3 4 2 335 54
1249 4 3 4 4 5 0 1 4 494 29
1250 5 3 2 4 2 4 1 3 450 39
1251 3 2 2 3 3 5 0 236 31
1252 4 2 3 4 4 3 1 5 631 51
1253 3 5 2 6 4 0 2 5 1 3 53 35
1254 4 2 2 6 0 4 3 2 1 5 880 13
1255 5 2 6 6 4 5 3 2 0 1 415 89
1256 4 2 5 3 0 4 3 713 99
1257 4 2 1 6 5 4 3 2 1 0 1052 55
1258 4 3 2 6 3 5 0 1 4 2 446 88
1259 4 3 1 5 1 0 2 5 4 509 84
1260 5 3 3 6 3 2 4 1 0 5 390 67
1261 3 5 2 4 1 3 0 5 547 87
1262 4 2 1 4 1 4 5 3 930 33
1263 4 2 3 4 2 4 0 1 952 32
1264 5 3 5 4 0 4 5 2 544 36
1265 5 3 1 4 4 3 5 0 298 57
1266 4 5 1 4 4 5 0 1 134 14
1267 5 3 1 6 1 2 3 0 5 4 291 25
1268 5 3 5 4 3 0 2 4 318 93
1269 5 2 3 4 0 2 1 5 40 11
1270 4 2 3 5 3 2 0 1 5 265 62
1271 4 5 2 3 5 3 0 12 94
1272 3 5 2 5 1 3 0 4 2 599 72
1273 5 2 4 4 4 2 3 1 218 33
1274 4 5 1 3 1 0 5 287 63
1275 5 3 4 6 1 4 3 5 2 0 610 20
1276 3 2 7 4 2 3 5 4 115 21
1277 4 5 2 4 4 0 3 1 191 80
1278 4 2 1 4 4 3 1 5 631 51
1279 5 2 1 5 2 5 3 0 1 25 94
1280 5 3 3 6 4 1 0 5 3 2 264 43
1281 5 3 5 6 1 4 3 5 2 0 610 20
1282 3 5 2 4 5 2 1 0 196 22
1283 3 2 5 6 5 3 4 2 0 1 359 64
1284 3 5 2 6 4 2 1 0 5 3 328 71
1285 3 2 1 5 1 4 5 2 0 520 15
1286 3 2 2 5 0 5 2 4 1 162 72
1287 5 2 1 6 0 5 1 4 3 2 314 93
1288 5 2 1 6 4 5 3 2 0 1 191 89
1289 5 2 3 6 4 5 3 2 0 1 191 89
1290 5 2 1 5 4 5 1 0 2 347 24
1291 3 5 7 5 1 3 0 4 2 599 72
1292 4 3 1 3 2 3 4 679 18
1293 4 3 5 3 2 3 4 679 18
1294 3 2 2 3 3 5 0 236 31
1295 3 2 2 6 0 5 3 1 4 2 510 28
1296 4 5 9 5 4 2 0 5 1 208 77
1297 5 2 3 5 4 5 1 0 3 428 10
1298 4 3 2 5 1 2 4 5 3 262 61
1299 4 3 2 5 5 2 4 3 0 417 60
1300 4 2 3 3 0 4 3 713 99
1301 5 3 1 4 1 2 3 5 187 68
1302 3 5 6 4 4 2 5 0 25 26
1303 4 2 2 5 0 4 3 2 1 828 100
1304 5 3 7 4 1 0 4 2 276 97
1305 3 5 2 4 4 5 0 1 217 82
1306 3 2 2 6 0 5 3 1 4 2 510 28
1307 4 2 2 5 1 2 5 3 4 476 54
1308 4 5 3 5 4 2 0 5 1 208 77
1309 4 3 2 4 5 0 1 4 494 29
1310 4 2 2 6 1 3 5 2 0 4 798 33
1311 4 5 3 4 4 3 5 2 169 11
1312 3 2 4 6 2 4 3 1 5 0 450 26
1313 3 2 2 6 5 3 0 4 1 2 401 24
1314 4 2 3 4 1 3 2 5 586 84
1315 5 3 2 4 5 3 2 4 344 12
1316 4 3 2 3 2 3 4 679 18
1317 3 5 5 5 2 4 5 0 3 146 14
1318 4 5 2 5 5 4 3 0 2 152 98
1319 3 5 7 4 1 3 0 5 547 87
1320 4 5 3 4 4 3 5 2 169 11
1321 5 2 2 4 0 5 3 4 386 15
1322 4 5 5 5 0 2 4 5 1 218 97
1323 3 2 2 6 0 5 3 1 4 2 510 28
1324 4 3 2 5 5 2 4 3 0 417 60
1325 5 2 2 3 5 0 1 205 82
1326 5 2 2 5 1 2 0 3 5 141 56
1327 3 5 2 6 4 2 1 0 5 3 328 71
1328 4 3 2 6 1 0 2 4 5 3 245 29
101
1329 3 5 1 3 1 0 2 442 90
1330 3 2 1 5 2 3 1 0 5 348 22
1331 5 3 2 4 1 2 3 5 187 68
1332 5 2 4 3 4 5 2 444 82
1333 3 5 1 3 1 0 2 442 90
1334 4 5 2 3 5 3 0 12 94
1335 3 2 2 6 2 4 3 1 5 0 450 26
1336 3 5 4 4 1 3 0 5 547 87
1337 5 3 2 6 1 4 3 5 2 0 610 20
1338 5 3 1 4 5 2 4 1 219 58
1339 4 5 1 6 4 5 0 1 2 3 167 26
1340 3 5 3 4 4 2 5 0 25 26
1341 4 2 1 3 1 0 3 703 72
1342 4 2 2 3 0 1 5 31 63
1343 3 2 2 6 5 1 4 3 2 0 356 80
1344 4 2 2 5 0 4 3 2 1 828 100
1345 5 2 1 4 0 5 3 4 386 15
1346 4 3 1 4 2 1 5 3 480 62
1347 4 2 3 6 0 4 3 2 1 5 880 13
1348 4 3 5 5 5 2 4 3 0 417 60
1349 5 2 1 6 0 2 3 4 5 1 303 25
1350 4 5 2 6 5 1 4 0 3 2 149 98
1351 3 2 2 6 4 3 2 0 1 5 410 17
1352 4 5 2 3 1 0 5 287 63
1353 4 2 1 4 4 3 1 5 631 51
1354 3 2 2 6 5 3 4 2 0 1 359 64
1355 4 5 9 5 2 3 1 4 0 261 24
1356 4 5 3 3 4 5 2 215 96
1357 4 3 4 3 3 0 1 740 63
1358 3 2 4 4 1 0 3 2 408 13
1359 5 2 2 6 0 5 1 4 3 2 314 93
1360 4 2 4 3 5 2 3 1122 54
1361 3 2 4 5 5 2 4 3 1 737 84
1362 4 5 1 5 0 2 4 5 1 218 97
1363 3 2 1 5 5 2 4 3 1 737 84
1364 3 5 2 6 4 2 1 0 5 3 328 71
1365 3 5 2 6 4 0 2 5 1 3 53 35
1366 4 5 1 4 1 5 4 3 294 51
1367 4 2 3 6 5 4 3 2 1 0 1052 55
1368 5 3 5 4 1 5 0 4 484 36
1369 4 5 4 4 4 5 0 1 134 14
1370 3 5 3 4 2 1 0 4 537 62
1371 5 2 6 3 5 3 1 479 62
1372 4 5 2 5 4 2 0 5 1 208 77
1373 4 5 2 5 0 2 4 5 1 218 97
1374 5 3 3 3 4 1 5 19 30
1375 4 2 2 4 3 5 0 4 483 97
1376 5 3 1 6 1 2 3 0 5 4 291 25
1377 3 5 1 4 2 1 0 4 537 62
1378 5 3 2 3 4 1 5 19 30
1379 4 3 1 4 2 1 5 3 480 62
1380 4 2 2 6 5 4 3 2 1 0 1052 55
1381 5 2 1 6 3 5 0 4 2 1 121 49
1382 5 3 1 6 1 2 3 0 5 4 291 25
1383 4 3 3 6 0 1 5 4 3 2 283 58
1384 3 5 2 5 1 4 0 5 2 251 57
1385 4 5 4 6 5 4 3 0 2 1 272 67
1386 4 2 2 4 2 4 0 1 952 32
1387 5 2 2 4 4 2 1 5 260 47
1388 4 3 4 5 4 5 2 3 1 467 58
1389 3 2 2 4 5 0 1 2 349 70
1390 3 2 1 3 3 4 2 832 18
1391 3 5 2 3 2 1 5 337 87
1392 4 2 1 5 3 1 0 5 4 844 13
1393 4 2 2 3 1 0 3 703 72
1394 3 2 4 4 0 5 4 2 351 41
1395 3 2 2 4 0 5 4 2 351 41
1396 3 2 2 4 3 2 1 4 289 52
1397 4 5 1 5 2 3 1 4 0 261 24
1398 4 5 2 6 5 1 4 0 3 2 149 98
1399 4 3 2 5 2 0 4 3 5 208 22
1400 4 2 3 4 2 4 0 1 952 32
1401 3 5 3 6 2 0 5 1 3 4 248 90
1402 4 2 3 3 5 2 3 1122 54
1403 3 2 4 4 1 0 3 2 408 13
1404 3 5 5 3 2 1 5 337 87
1405 4 5 2 5 0 2 4 5 1 218 97
1406 4 5 3 4 3 0 2 4 183 83
1407 3 2 2 6 0 5 3 1 4 2 510 28
1408 3 5 1 4 4 2 5 0 25 26
1409 3 2 2 6 5 1 4 3 2 0 356 80
1410 5 2 3 4 0 2 1 5 40 11
1411 3 2 6 3 3 5 0 236 31
1412 4 5 1 3 1 2 5 50 94
1413 3 2 3 5 1 4 2 3 0 157 67
1414 5 2 2 6 3 5 0 4 2 1 121 49
1415 4 2 2 6 0 4 3 2 1 5 880 13
1416 4 2 4 3 5 4 2 936 19
1417 4 5 2 4 4 3 5 2 169 11
1418 4 3 3 3 3 2 0 362 35
1419 3 2 3 5 4 2 0 3 5 361 22
1420 3 5 3 3 5 2 3 100 30
1421 4 2 7 6 3 2 5 0 1 4 482 99
1422 5 3 2 4 3 0 2 4 466 39
1423 4 2 5 3 0 4 3 713 99
1424 5 3 3 6 1 4 3 5 2 0 610 20
1425 3 5 2 4 4 0 1 5 432 72
1426 3 5 3 4 4 2 5 0 25 26
1427 4 2 3 6 1 3 5 2 0 4 798 33
1428 3 5 2 5 0 3 1 4 2 262 24
1429 4 5 2 3 5 3 0 115 33
102
1430 4 5 1 3 5 3 0 115 33
1431 5 2 1 3 5 0 1 205 82
1432 5 3 1 4 1 5 0 4 484 36
1433 4 5 2 6 5 1 4 0 3 2 149 98
1434 3 5 6 4 4 0 1 5 432 72
1435 4 2 2 6 5 3 4 1 2 0 578 18
1436 4 2 2 4 1 4 5 3 930 33
1437 4 5 1 6 5 4 3 0 2 1 272 67
1438 5 2 1 4 1 5 0 4 25 11
1439 5 2 7 3 4 5 2 444 82
1440 4 3 1 3 2 3 4 679 18
1441 4 2 3 5 3 2 0 1 5 265 62
1442 3 2 3 4 3 0 2 4 591 21
1443 5 3 2 4 2 4 1 3 450 39
1444 5 3 1 5 4 3 0 5 2 392 61
1445 4 3 3 4 5 0 1 4 494 29
1446 5 3 1 6 4 1 0 3 2 5 438 17
1447 3 2 1 6 5 3 4 2 0 1 359 64
1448 5 2 1 6 4 5 3 2 0 1 191 89
1449 5 2 1 6 3 5 0 4 2 1 121 49
1450 3 2 1 6 5 1 4 3 2 0 356 80
1451 4 2 4 5 3 1 0 5 4 844 13
1452 5 3 5 6 5 2 1 0 4 3 168 79
1453 3 5 4 6 4 0 2 5 1 3 53 35
1454 4 3 5 3 3 0 1 740 63
1455 3 2 2 6 2 4 3 1 5 0 450 26
1456 3 2 3 6 5 3 0 4 1 2 401 24
1457 4 2 3 5 1 2 5 3 4 476 54
1458 3 5 1 4 2 1 0 4 537 62
1459 5 2 1 5 4 5 1 0 2 347 24
1460 4 3 3 6 3 5 0 1 4 2 446 88
1461 5 3 2 4 1 2 3 5 187 68
1462 5 2 1 4 0 2 1 5 40 11
1463 5 3 3 3 0 3 1 12 37
1464 4 5 2 3 1 0 5 287 63
1465 3 5 1 3 0 1 3 218 93
1466 3 2 3 5 5 2 4 3 1 737 84
1467 4 2 2 6 5 3 4 1 2 0 578 18
1468 4 3 3 4 2 1 5 3 480 62
1469 3 5 4 4 4 5 0 1 217 82
1470 4 5 4 3 5 3 0 115 33
1471 3 5 5 5 1 4 0 5 2 251 57
1472 3 2 2 4 5 0 1 2 349 70
1473 4 3 2 6 3 5 0 1 4 2 446 88
1474 4 5 4 6 5 4 3 0 2 1 272 67
1475 3 2 2 6 5 1 4 3 2 0 356 80
1476 3 5 2 4 4 2 5 0 25 26
1477 5 2 3 5 4 5 1 0 3 428 10
1478 3 5 2 6 3 4 1 5 2 0 294 17
1479 4 3 3 4 5 0 1 4 494 29
1480 4 2 3 6 3 2 5 0 1 4 482 99
1481 5 2 3 3 4 5 2 444 82
1482 5 2 2 6 0 5 1 4 3 2 314 93
1483 4 3 2 4 0 5 4 1 198 30
1484 4 3 2 3 3 2 0 362 35
1485 4 3 2 6 4 0 2 1 5 3 33 64
1486 5 3 6 4 1 2 3 5 187 68
1487 5 3 2 4 5 2 4 1 219 58
1488 4 3 6 4 5 2 3 0 55 80
1489 5 2 2 4 0 5 3 4 386 15
1490 4 5 4 6 4 3 0 5 1 2 270 93
1491 4 3 5 4 5 0 1 4 494 29
1492 4 3 3 3 5 0 1 84 24
1493 4 2 2 5 1 2 5 3 4 476 54
1494 5 3 2 4 3 0 2 4 466 39
1495 3 5 2 3 2 1 5 337 87
1496 3 5 1 3 1 0 2 442 90
1497 5 3 2 6 4 1 0 5 3 2 264 43
1498 5 3 3 6 4 1 0 3 2 5 438 17
1499 5 2 3 6 4 2 1 5 3 0 545 22
1500 3 2 2 5 1 4 2 3 0 157 67
1501 4 5 3 5 5 1 2 3 0 246 61
1502 4 5 5 4 3 0 2 4 183 83
1503 5 3 1 6 4 1 0 5 3 2 264 43
1504 5 3 4 6 3 2 4 1 0 5 390 67
1505 4 5 2 3 1 2 5 50 94
1506 5 3 6 4 2 4 1 3 450 39
1507 4 3 4 5 0 1 3 4 2 335 54
1508 5 2 7 4 1 5 0 4 25 11
1509 3 5 3 6 3 2 4 0 1 5 93 91
1510 5 2 6 5 2 3 0 4 5 113 91
1511 4 5 5 3 5 3 0 12 94
1512 3 2 2 5 5 2 4 3 1 737 84
1513 5 2 3 6 4 5 3 2 0 1 415 89
1514 5 2 3 6 0 5 1 4 3 2 314 93
1515 5 2 2 3 3 5 4 172 10
1516 4 2 2 4 1 3 2 5 586 84
1517 5 3 2 4 2 4 1 3 450 39
1518 5 2 2 6 4 5 3 2 0 1 191 89
1519 3 2 2 4 1 0 3 2 408 13
1520 5 2 2 6 4 2 5 3 1 0 138 41
1521 4 3 2 5 5 2 4 3 0 417 60
1522 4 5 2 5 4 2 0 5 1 208 77
1523 5 3 2 4 1 0 4 2 276 97
1524 5 2 2 6 4 2 1 5 3 0 545 22
1525 5 2 2 6 3 5 0 4 2 1 121 49
1526 4 2 4 3 1 0 3 703 72
1527 4 3 8 3 3 2 0 362 35
1528 3 2 3 4 5 0 1 2 349 70
1529 4 2 3 3 0 4 3 713 99
1530 5 3 2 5 4 3 0 5 2 392 61
1531 5 2 3 4 4 2 3 1 218 33
95
1532 3 2 3 4 2 3 5 4 115 21
1533 4 3 1 3 3 2 1 220 46
1534 4 2 1 4 2 4 0 1 952 32
1535 4 3 7 3 3 2 1 220 46
1536 5 2 8 5 2 3 0 4 5 113 91
1537 4 3 5 6 1 0 2 4 5 3 245 29
1538 4 5 3 4 4 3 5 2 169 11
1539 4 5 2 3 1 0 2 271 60
1540 4 3 1 4 2 1 5 3 480 62
1541 3 5 3 4 4 0 1 5 432 72
1542 3 5 2 4 4 0 1 5 432 72
1543 4 3 2 3 3 2 1 220 46
1544 5 2 4 6 0 2 3 4 5 1 303 25
1545 5 3 1 4 3 0 2 4 466 39
1546 3 5 1 5 1 4 0 5 2 251 57
1547 4 2 1 6 5 3 4 1 2 0 578 18
1548 4 5 1 3 4 5 2 215 96
1549 5 2 2 4 4 1 0 3 294 67
1550 5 3 2 5 4 3 0 5 2 392 61
1551 4 3 1 6 1 0 2 4 5 3 245 29
1552 4 3 2 6 4 0 2 1 5 3 33 64
1553 4 2 1 5 3 1 2 4 0 530 28
1554 3 5 2 5 1 4 0 5 2 251 57
1555 5 3 2 6 1 4 3 5 2 0 610 20
1556 4 2 2 4 2 4 0 1 952 32
1557 3 2 3 5 4 3 5 1 0 364 28
1558 5 3 2 4 1 0 4 2 276 97
1559 3 2 2 6 5 3 0 4 1 2 401 24
1560 4 3 2 3 3 2 1 220 46
1561 4 5 2 4 4 5 0 1 134 14
1562 4 2 2 4 2 4 0 1 952 32
1563 3 2 3 3 3 4 2 832 18
1564 3 2 7 3 3 5 0 236 31
1565 3 2 1 5 0 5 2 4 1 162 72
1566 3 2 5 5 4 2 0 3 5 361 22
1567 5 3 3 4 1 2 3 5 187 68
1568 3 2 2 5 4 2 0 3 5 361 22
1569 3 2 1 4 5 0 1 2 349 70
1570 4 5 1 5 2 0 4 5 3 391 56
1571 4 5 1 5 2 3 1 4 0 261 24
1572 4 2 2 4 1 4 5 3 930 33
1573 3 2 4 6 4 3 2 0 1 5 410 17
1574 4 5 3 4 4 5 0 1 134 14
1575 3 2 5 6 3 2 1 4 0 5 308 58
1576 4 5 5 5 4 2 0 5 1 208 77
1577 4 2 1 6 5 4 3 2 1 0 1052 55
1578 3 2 4 4 1 0 3 2 408 13
1579 3 2 1 6 5 3 0 4 1 2 401 24
1580 5 2 2 3 5 2 3 166 48
1581 5 2 2 4 4 1 0 3 294 67
1582 4 2 5 6 3 2 5 0 1 4 482 99
1583 4 5 2 4 1 5 4 3 294 51
1584 3 2 2 5 4 2 0 3 5 361 22
1585 5 3 2 5 4 3 0 5 2 392 61
1586 3 2 5 4 2 3 5 4 115 21
1587 4 3 6 3 3 2 1 220 46
1588 3 5 3 4 1 3 0 5 547 87
1589 4 2 3 4 1 4 5 3 930 33
1590 5 2 2 6 4 5 3 2 0 1 191 89
1591 5 3 1 3 0 3 1 12 37
1592 4 5 4 4 1 5 4 3 294 51
1593 4 5 3 3 1 2 5 50 94
1594 5 3 4 4 1 2 3 5 187 68
1595 3 2 2 5 5 2 4 3 1 737 84
1596 5 2 7 6 0 2 3 4 5 1 303 25
1597 5 2 2 3 3 5 4 172 10
1598 5 3 2 6 4 1 0 5 3 2 264 43
1599 5 2 2 6 0 5 1 4 3 2 314 93
1600 4 2 2 5 0 4 3 2 1 828 100
1601 5 3 2 6 4 1 0 5 3 2 264 43
1602 3 5 1 4 5 2 1 0 196 22
1603 5 3 2 4 5 3 2 4 344 12
1604 5 2 3 6 0 2 3 4 5 1 303 25
1605 4 2 3 6 0 4 3 2 1 5 880 13
1606 5 2 3 3 5 0 1 205 82
1607 3 2 2 3 3 5 0 236 31
1608 4 5 3 6 4 5 0 1 2 3 167 26
1609 4 5 4 3 5 2 4 471 90
1610 4 3 2 3 5 0 1 84 24
1611 5 3 2 4 5 3 2 4 344 12
1612 5 2 4 5 4 5 1 0 3 428 10
1613 3 5 5 4 4 2 5 0 25 26
1614 3 5 3 4 2 1 0 4 537 62
1615 3 5 3 4 1 3 0 5 547 87
1616 4 5 2 4 4 5 0 1 134 14
1617 4 2 5 4 4 3 1 5 631 51
1618 5 2 2 6 0 2 3 4 5 1 303 25
1619 5 3 2 6 4 1 0 5 3 2 264 43
1620 4 3 9 6 0 1 5 4 3 2 283 58
1621 4 5 2 6 4 5 0 1 2 3 167 26
1622 4 5 3 5 2 0 4 5 3 391 56
1623 4 2 2 3 0 1 5 31 63
1624 4 3 3 6 1 0 2 4 5 3 245 29
1625 4 2 3 5 0 4 3 2 1 828 100
1626 4 3 2 6 0 1 5 4 3 2 283 58
87
1627 5 3 7 4 5 3 2 4 344 12
1628 5 2 2 5 4 5 1 0 2 347 24
1629 4 3 1 6 3 5 0 1 4 2 446 88
1630 4 2 1 5 3 1 0 5 4 844 13
1631 5 2 2 3 5 3 1 479 62
1632 3 2 1 5 4 3 5 1 0 364 28
1633 4 2 1 6 0 4 3 2 1 5 880 13
1634 3 2 1 4 3 2 1 4 289 52
1635 4 5 3 3 1 0 2 271 60
1636 5 2 3 5 4 5 1 0 2 347 24
1637 3 5 1 5 3 1 0 5 2 319 73
1638 3 5 6 4 1 3 0 5 547 87
1639 3 2 2 5 1 4 5 2 0 520 15
1640 4 3 1 6 1 0 2 4 5 3 245 29
1641 3 2 1 5 1 4 2 3 0 157 67
1642 3 2 2 5 2 3 1 0 5 348 22
1643 5 3 2 3 4 1 5 19 30
1644 3 2 6 5 4 2 0 3 5 361 22
1645 4 2 7 5 2 5 0 3 4 863 61
1646 3 2 2 5 1 4 5 2 0 520 15
1647 5 2 2 6 4 2 5 3 1 0 138 41
1648 5 3 1 5 4 3 0 5 2 392 61
1649 4 3 3 5 4 5 2 0 1 425 13
1650 3 5 2 4 4 2 5 0 25 26
1651 3 5 1 6 2 0 5 1 3 4 248 90
1652 4 3 1 3 3 2 0 362 35
1653 4 5 5 3 5 3 0 115 33
1654 4 3 2 5 5 2 4 3 0 417 60
1655 4 2 2 3 5 2 3 1122 54
1656 5 3 3 3 4 2 0 347 11
1657 4 5 5 3 1 0 2 271 60
1658 4 3 4 3 3 4 1 411 55
1659 4 3 1 4 0 5 4 1 198 30
1660 4 2 1 3 5 4 2 936 19
1661 4 3 1 6 4 0 2 1 5 3 33 64
1662 5 3 2 6 4 1 0 5 3 2 264 43
1663 5 2 1 5 2 3 0 4 5 113 91
1664 4 3 4 3 3 4 1 411 55
1665 4 2 2 4 1 3 2 5 586 84
1666 3 5 1 4 4 5 0 1 217 82
1667 5 2 3 4 4 1 0 3 294 67
1668 5 3 2 4 2 4 1 3 450 39
1669 3 5 5 6 2 0 5 1 3 4 248 90
1670 3 2 1 5 1 4 5 2 0 520 15
1671 4 2 3 4 4 3 1 5 631 51
1672 3 5 4 4 4 0 1 5 432 72
1673 5 3 2 5 4 3 0 5 2 392 61
1674 4 3 1 5 1 0 2 5 4 509 84
1675 3 2 3 4 3 0 4 2 730 59
1676 3 5 1 4 4 0 1 5 432 72
1677 4 2 3 6 1 3 4 5 2 0 572 68
1678 4 3 3 4 0 5 4 1 198 30
1679 4 5 1 5 4 2 0 5 1 208 77
1680 5 2 1 6 3 5 0 4 2 1 121 49
1681 4 2 2 3 5 4 2 936 19
1682 4 2 3 6 3 2 5 0 1 4 482 99
1683 5 2 1 6 4 5 3 2 0 1 191 89
1684 3 5 2 3 1 0 2 442 90
1685 4 2 1 3 5 4 2 936 19
1686 4 2 2 5 3 2 0 1 5 265 62
1687 5 2 3 3 5 0 1 205 82
1688 3 2 1 4 5 4 1 3 742 72
1689 3 5 2 6 2 0 5 1 3 4 248 90
1690 4 2 4 3 5 4 2 936 19
1691 5 3 3 3 4 2 0 347 11
1692 5 3 1 4 1 5 0 4 484 36
1693 3 2 3 6 5 1 4 3 2 0 356 80
1694 3 5 3 5 5 0 2 4 1 301 88
1695 4 3 3 3 3 2 0 362 35
1696 5 3 2 3 4 2 0 347 11
1697 5 3 2 5 4 3 0 5 2 392 61
1698 4 3 3 3 3 4 1 411 55
1699 4 5 2 4 4 5 0 1 134 14
1700 4 5 2 3 5 3 0 115 33
1701 4 2 3 6 1 3 5 2 0 4 798 33
1702 4 5 3 5 5 4 3 0 2 152 98
1703 5 3 2 3 4 2 0 347 11
1704 4 5 3 3 5 3 0 12 94
1705 3 2 2 4 3 0 2 4 591 21
1706 4 5 5 6 4 3 0 5 1 2 270 93
1707 5 3 2 6 1 2 3 0 5 4 291 25
1708 4 2 3 6 1 3 5 2 0 4 798 33
1709 5 3 4 4 5 3 2 4 344 12
1710 5 2 2 6 4 5 3 1 0 2 329 36
1711 5 2 2 6 0 5 1 4 3 2 314 93
1712 4 3 4 5 5 2 4 3 0 417 60
1713 3 2 5 3 3 5 0 236 31
83
1714 5 3 3 4 3 0 2 4 318 93
1715 4 5 2 4 4 5 0 1 134 14
1716 3 5 2 5 5 0 2 4 1 301 88
1717 5 3 2 6 1 4 3 5 2 0 610 20
1718 3 2 1 6 5 3 4 2 0 1 359 64
1719 4 2 1 3 0 1 5 31 63
1720 3 2 2 6 4 3 2 0 1 5 410 17
1721 4 3 1 5 0 1 3 4 2 335 54
1722 3 5 1 4 4 5 0 1 217 82
1723 3 2 2 5 5 2 4 3 1 737 84
1724 4 3 1 4 5 2 3 0 55 80
1725 5 2 2 3 5 0 1 205 82
1726 4 3 2 6 4 0 2 1 5 3 33 64
1727 4 2 3 3 1 0 3 703 72
1728 4 2 3 6 3 2 5 0 1 4 482 99
1729 4 3 1 4 0 5 4 1 198 30
1730 4 3 4 5 0 1 3 4 2 335 54
1731 4 5 2 3 1 2 5 50 94
1732 4 2 2 6 1 3 4 5 2 0 572 68
1733 3 5 2 3 3 5 4 228 60
1734 3 5 2 4 4 2 5 0 25 26
1735 4 3 3 5 5 2 4 3 0 417 60
1736 5 2 4 4 1 5 0 4 25 11
1737 4 2 1 3 0 4 3 713 99
1738 4 3 1 6 3 5 0 1 4 2 446 88
1739 3 2 7 5 5 2 4 3 1 737 84
1740 3 5 2 3 5 2 3 100 30
1741 3 2 2 4 3 2 1 4 289 52
1742 4 5 3 6 5 4 3 0 2 1 272 67
1743 5 3 1 6 5 2 1 0 4 3 168 79
1744 4 2 3 3 0 4 3 713 99
1745 3 5 1 3 0 1 3 218 93
1746 5 3 1 5 4 3 0 5 2 392 61
1747 4 2 2 6 1 3 5 2 0 4 798 33
1748 4 5 6 4 4 3 5 2 169 11
1749 4 5 2 5 2 3 1 4 0 261 24
1750 3 5 2 5 0 3 1 4 2 262 24
1751 3 2 2 6 4 3 2 0 1 5 410 17
1752 3 2 4 4 3 0 2 4 591 21
1753 4 2 1 5 0 4 3 2 1 828 100
1754 3 2 2 4 2 3 5 4 115 21
1755 4 5 2 6 4 5 0 1 2 3 167 26
1756 5 3 3 5 4 3 0 5 2 392 61
1757 5 2 3 6 4 5 3 2 0 1 415 89
1758 5 3 2 3 0 3 1 12 37
1759 3 2 1 4 2 3 5 4 115 21
1760 4 3 2 5 4 5 2 3 1 467 58
1761 3 5 2 4 4 2 5 0 25 26
1762 4 2 2 5 3 1 0 5 4 844 13
1763 4 3 2 3 3 2 1 220 46
1764 5 2 3 6 4 5 3 2 0 1 191 89
1765 5 2 1 6 3 5 0 4 2 1 121 49
1766 3 5 1 4 2 1 0 4 537 62
1767 4 2 3 6 1 3 5 2 0 4 798 33
1768 3 2 2 4 5 4 1 3 742 72
1769 4 5 2 6 4 5 0 1 2 3 167 26
1770 3 2 2 5 1 4 2 3 0 157 67
1771 4 2 3 4 4 3 1 5 631 51
1772 4 3 5 3 2 3 4 679 18
1773 5 2 2 5 1 2 0 3 5 141 56
1774 4 5 2 6 5 4 3 0 2 1 272 67
1775 5 3 1 6 3 2 4 1 0 5 390 67
1776 4 5 7 3 5 3 0 12 94
1777 4 5 4 6 4 3 0 5 1 2 270 93
1778 3 2 4 4 1 0 3 2 408 13
1779 5 2 6 4 4 2 3 1 218 33
1780 5 2 2 6 4 5 3 2 0 1 191 89
1781 4 2 4 5 1 2 5 3 4 476 54
1782 4 3 2 5 2 0 4 3 5 208 22
1783 5 3 3 4 2 4 1 3 450 39
1784 3 2 2 4 5 0 1 2 349 70
1785 3 5 2 5 1 4 0 5 2 251 57
1786 3 2 2 4 3 0 2 4 591 21
1787 4 2 1 5 1 2 5 3 4 476 54
1788 4 2 2 6 0 4 3 2 1 5 880 13
1789 4 2 4 5 1 2 5 3 4 476 54
1790 5 2 7 3 3 5 4 172 10
1791 4 2 3 3 1 0 3 703 72
1792 5 2 3 5 2 5 3 0 1 25 94
1793 4 2 2 5 3 2 0 1 5 265 62
1794 4 3 3 4 0 5 4 1 198 30
1795 4 2 5 3 1 0 3 703 72
1796 4 2 3 5 2 5 0 3 4 863 61
88
1797 3 2 4 4 3 0 2 4 591 21
1798 3 2 1 5 1 4 2 3 0 157 67
1799 3 2 2 5 4 3 5 1 0 364 28
1800 3 2 2 5 5 2 4 3 1 737 84
1801 3 2 6 4 2 3 5 4 115 21
1802 4 3 4 3 2 3 4 679 18
1803 4 2 2 5 0 4 3 2 1 828 100
1804 5 3 3 4 2 4 1 3 450 39
1805 5 3 1 6 4 1 0 3 2 5 438 17
1806 4 2 2 6 0 4 3 2 1 5 880 13
1807 4 2 2 3 5 2 3 1122 54
1808 3 5 1 6 2 0 5 1 3 4 248 90
1809 3 2 1 5 5 2 4 3 1 737 84
1810 5 2 5 3 3 5 4 172 10
1811 3 2 1 5 4 2 0 3 5 361 22
1812 3 5 3 3 5 2 3 100 30
1813 5 3 1 6 4 1 0 5 3 2 264 43
1814 4 5 1 5 5 1 2 3 0 246 61
1815 3 2 1 4 3 0 2 4 591 21
1816 3 5 1 5 0 3 1 4 2 262 24
1817 3 5 2 5 3 1 0 5 2 319 73
1818 3 5 2 5 0 3 1 4 2 262 24
1819 5 2 3 3 5 0 1 205 82
1820 5 3 1 4 1 5 0 4 484 36
1821 4 5 1 3 4 5 2 215 96
1822 5 3 1 4 3 0 2 4 318 93
1823 4 3 2 3 5 0 1 84 24
1824 4 3 3 3 3 4 1 411 55
1825 4 2 4 4 1 3 2 5 586 84
1826 4 2 1 4 3 5 0 4 483 97
1827 3 5 3 3 0 1 3 218 93
1828 5 2 3 4 4 1 0 3 294 67
1829 5 3 2 4 1 0 4 2 276 97
1830 4 3 2 5 4 5 2 3 1 467 58
1831 5 3 2 4 3 0 2 4 466 39
1832 3 5 2 3 2 1 5 337 87
1833 3 2 2 5 4 3 5 1 0 364 28
1834 3 2 2 4 3 0 4 2 730 59
1835 5 2 1 3 5 3 1 479 62
1836 5 3 3 3 4 2 0 347 11
1837 4 5 1 3 5 3 0 12 94
1838 4 5 2 5 2 0 4 5 3 391 56
1839 4 3 1 5 4 5 2 3 1 467 58
1840 4 5 2 5 5 1 2 3 0 246 61
1841 5 3 7 4 5 2 4 1 219 58
1842 5 3 3 6 5 2 1 0 4 3 168 79
1843 3 2 5 6 5 3 0 4 1 2 401 24
1844 3 5 3 5 5 0 2 4 1 301 88
1845 4 2 2 5 3 2 0 1 5 265 62
1846 5 3 2 6 5 2 1 0 4 3 168 79
1847 5 3 2 4 4 3 5 0 298 57
1848 5 3 5 4 1 0 4 2 276 97
1849 4 5 2 6 4 5 0 1 2 3 167 26
1850 3 2 5 5 4 3 5 1 0 364 28
1851 4 3 2 3 1 0 5 689 96
1852 4 5 3 4 4 5 0 1 134 14
1853 4 3 3 4 5 0 1 4 494 29
1854 5 3 2 6 4 1 0 3 2 5 438 17
1855 3 2 3 3 3 4 2 832 18
1856 4 3 2 6 4 0 2 1 5 3 33 64
1857 4 2 1 6 1 3 5 2 0 4 798 33
1858 4 3 2 3 3 2 0 362 35
1859 4 3 3 6 3 5 0 1 4 2 446 88
1860 3 5 3 5 1 3 0 4 2 599 72
1861 3 5 2 5 2 4 5 0 3 146 14
1862 4 2 3 6 3 2 5 0 1 4 482 99
1863 3 5 2 6 2 0 5 1 3 4 248 90
1864 3 5 2 5 5 2 3 1 0 91 62
1865 4 3 2 6 0 1 5 4 3 2 283 58
1866 4 2 2 6 0 4 3 2 1 5 880 13
1867 4 3 2 6 0 1 5 4 3 2 283 58
1868 4 5 2 5 4 2 0 5 1 208 77
1869 4 2 2 4 3 5 0 4 483 97
1870 4 2 1 5 0 4 3 2 1 828 100
1871 3 5 2 6 3 4 1 5 2 0 294 17
1872 3 2 2 4 0 5 4 2 351 41
1873 3 5 3 4 4 2 5 0 25 26
1874 4 3 3 4 0 5 4 1 198 30
1875 5 2 2 5 4 5 1 0 3 428 10
1876 4 3 5 3 5 0 1 84 24
1877 3 2 1 4 2 3 5 4 115 21
1878 3 5 8 5 1 3 0 4 2 599 72
1879 4 2 2 5 1 2 5 3 4 476 54
1880 4 5 3 3 5 3 0 115 33
1881 5 2 2 6 4 2 1 5 3 0 545 22
1882 4 5 3 3 1 0 2 271 60
1883 4 5 2 5 2 3 1 4 0 261 24
1884 5 3 2 6 5 2 1 0 4 3 168 79
102
1885 5 3 2 6 3 2 4 1 0 5 390 67
1886 5 2 1 6 0 2 3 4 5 1 303 25
1887 4 2 2 5 2 5 0 3 4 863 61
1888 3 5 2 6 5 0 1 2 4 3 514 63
1889 4 2 1 5 2 5 0 3 4 863 61
1890 5 2 1 3 4 5 2 444 82
1891 4 5 2 6 4 3 0 5 1 2 270 93
1892 4 3 1 6 3 5 0 1 4 2 446 88
1893 5 2 1 3 5 0 1 205 82
1894 4 5 1 4 3 0 2 4 183 83
1895 4 3 1 5 4 5 2 0 1 425 13
1896 3 5 2 4 4 2 5 0 25 26
1897 4 3 1 5 1 0 2 5 4 509 84
1898 5 3 1 3 4 1 5 19 30
1899 3 2 2 3 3 5 0 236 31
1900 4 3 4 6 4 0 2 1 5 3 33 64
1901 4 3 1 3 5 0 1 84 24
1902 4 2 1 5 1 2 5 3 4 476 54
1903 3 2 1 6 5 3 0 4 1 2 401 24
1904 5 2 1 4 0 2 1 5 40 11
1905 5 3 2 3 0 3 1 12 37
1906 4 2 2 5 3 1 0 5 4 844 13
1907 3 5 2 5 1 3 0 4 2 599 72
1908 3 5 2 5 5 2 3 1 0 91 62
1909 3 2 1 6 5 3 0 4 1 2 401 24
1910 5 3 2 4 1 2 3 5 187 68
1911 4 3 1 3 3 4 1 411 55
1912 4 3 5 4 2 1 5 3 480 62
1913 5 2 1 6 4 2 5 3 1 0 138 41
1914 4 2 2 6 5 4 3 2 1 0 1052 55
1915 4 3 1 3 2 3 4 679 18
1916 4 5 5 4 1 5 4 3 294 51
1917 4 5 1 5 5 1 2 3 0 246 61
1918 4 2 2 5 3 1 2 4 0 530 28
1919 4 5 1 4 1 5 4 3 294 51
1920 3 2 4 6 5 3 0 4 1 2 401 24
1921 4 2 3 6 1 3 4 5 2 0 572 68
1922 3 2 11 5 0 5 2 4 1 162 72
1923 5 2 3 4 4 2 3 1 218 33
1924 5 3 3 3 4 2 0 347 11
1925 3 5 1 5 2 4 5 0 3 146 14
1926 3 2 3 4 0 5 4 2 351 41
1927 4 2 4 3 0 1 5 31 63
1928 5 3 2 4 0 4 5 2 544 36
1929 4 3 3 3 3 2 1 220 46
1930 5 2 4 5 4 5 1 0 2 347 24
1931 4 5 1 3 1 2 5 50 94
1932 4 2 4 4 3 5 0 4 483 97
1933 3 2 1 4 2 3 5 4 115 21
1934 4 2 4 6 3 2 5 0 1 4 482 99
1935 4 2 3 6 1 3 5 2 0 4 798 33
1936 4 3 8 4 3 4 1 5 254 72
1937 3 5 2 4 4 2 5 0 25 26
1938 5 2 1 6 4 5 3 2 0 1 415 89
1939 4 3 3 4 0 5 4 1 198 30
1940 5 2 2 6 4 2 1 5 3 0 545 22
1941 5 2 1 6 0 2 3 4 5 1 303 25
1942 3 2 2 5 1 4 2 3 0 157 67
1943 3 5 2 6 4 0 2 5 1 3 53 35
1944 5 2 3 4 4 2 3 1 218 33
1945 4 3 1 3 3 2 1 220 46
1946 5 3 6 6 1 4 3 5 2 0 610 20
1947 5 2 3 3 3 5 4 172 10
1948 5 3 2 4 3 0 2 4 318 93
1949 4 2 2 6 1 3 4 5 2 0 572 68
1950 3 2 3 6 3 2 1 4 0 5 308 58
1951 4 5 1 5 5 1 2 3 0 246 61
1952 5 3 1 4 2 4 1 3 450 39
1953 4 3 3 5 1 0 2 5 4 509 84
1954 3 2 4 6 5 3 0 4 1 2 401 24
1955 3 2 2 5 2 3 1 0 5 348 22
1956 3 2 4 6 4 3 2 0 1 5 410 17
1957 4 2 2 4 3 5 0 4 483 97
1958 5 2 7 5 2 5 3 0 1 25 94
1959 3 2 4 6 5 3 0 4 1 2 401 24
1960 4 5 2 3 4 5 2 215 96
1961 3 2 2 6 4 3 2 0 1 5 410 17
1962 4 2 2 6 3 2 5 0 1 4 482 99
1963 5 3 4 4 1 5 0 4 484 36
1964 4 3 2 4 3 4 1 5 254 72
1965 3 2 1 4 5 4 1 3 742 72
1966 3 5 2 4 2 1 0 4 537 62
1967 3 2 1 5 2 3 1 0 5 348 22
1968 4 3 3 4 5 0 1 4 494 29
1969 4 3 2 3 3 2 1 220 46
1970 5 3 3 4 5 3 2 4 344 12
1971 4 3 3 5 1 2 4 5 3 262 61
1972 4 5 2 6 4 3 0 5 1 2 270 93
1973 4 3 3 3 3 2 0 362 35
1974 5 3 3 6 1 4 3 5 2 0 610 20
1975 5 2 2 6 0 2 3 4 5 1 303 25
1976 4 3 2 6 3 5 0 1 4 2 446 88
1977 4 3 9 4 5 0 1 4 494 29
1978 5 2 3 5 4 5 1 0 3 428 10
1979 5 2 2 5 1 2 0 3 5 141 56
1980 5 2 3 4 1 5 0 4 25 11
1981 4 2 3 3 5 4 2 936 19
1982 5 3 2 5 4 3 0 5 2 392 61
1983 3 2 3 5 0 5 2 4 1 162 72
1984 4 2 2 5 3 1 0 5 4 844 13
1985 4 3 3 6 0 1 5 4 3 2 283 58
1986 5 3 2 4 5 2 4 1 219 58
92
1987 4 2 4 3 0 1 5 31 63
1988 5 2 3 6 4 5 3 2 0 1 415 89
1989 4 2 7 6 0 4 3 2 1 5 880 13
1990 4 5 3 3 1 2 5 50 94
1991 4 3 2 5 2 0 4 3 5 208 22
1992 4 2 3 3 5 2 3 1122 54
1993 4 5 4 3 5 2 4 471 90
1994 4 5 1 5 2 3 1 4 0 261 24
1995 5 2 4 6 0 2 3 4 5 1 303 25
1996 5 3 1 4 5 2 4 1 219 58
1997 3 2 2 5 4 3 5 1 0 364 28
1998 4 3 3 5 4 5 2 0 1 425 13
1999 3 2 4 5 5 2 4 3 1 737 84
2000 4 5 2 6 3 5 2 0 4 1 299 52
2001 5 3 1 6 5 2 1 0 4 3 168 79
2002 3 5 1 5 2 4 5 0 3 146 14
2003 5 3 3 6 4 1 0 3 2 5 438 17
2004 5 2 1 6 3 5 0 4 2 1 121 49
2005 4 3 2 4 5 0 1 4 494 29
2006 5 2 7 4 0 5 3 4 386 15
2007 5 2 1 3 3 5 4 172 10
2008 4 3 1 5 5 2 4 3 0 417 60
2009 4 3 2 3 3 2 0 362 35
2010 4 3 2 3 2 3 4 679 18
2011 3 2 2 3 3 4 2 832 18
2012 5 3 4 6 0 3 4 5 2 1 201 77
2013 5 2 2 6 4 5 3 2 0 1 191 89
2014 5 3 1 3 4 2 0 347 11
2015 5 3 11 6 4 1 0 5 3 2 264 43
2016 4 3 1 5 5 2 4 3 0 417 60
2017 4 5 2 3 5 2 4 471 90
2018 4 3 1 3 2 3 4 679 18
2019 3 5 1 4 4 0 1 5 432 72
2020 5 2 2 4 4 1 0 3 294 67
2021 4 5 2 4 3 0 2 4 183 83
2022 3 5 1 5 5 2 3 1 0 91 62
2023 3 2 3 5 4 2 0 3 5 361 22
2024 3 2 1 5 5 2 4 3 1 737 84
2025 4 2 2 4 1 4 5 3 930 33
2026 5 2 2 6 4 5 3 1 0 2 329 36
2027 5 2 1 6 4 5 3 2 0 1 191 89
2028 4 3 3 4 5 2 3 0 55 80
2029 5 2 1 5 4 5 1 0 3 428 10
2030 4 5 1 3 5 3 0 115 33
2031 3 5 3 5 3 1 0 5 2 319 73
2032 5 2 3 6 4 5 3 1 0 2 329 36
2033 4 3 5 3 5 0 1 84 24
2034 4 2 1 3 0 4 3 713 99
2035 5 3 4 3 4 1 5 19 30
2036 3 2 4 6 3 2 1 4 0 5 308 58
2037 3 5 1 6 4 0 2 5 1 3 53 35
2038 4 2 1 3 2 1 0 250 80
2039 4 3 2 6 3 5 0 1 4 2 446 88
2040 4 3 2 4 5 2 3 0 55 80
2041 5 2 1 6 4 5 3 2 0 1 191 89
2042 3 5 2 6 3 2 4 0 1 5 93 91
2043 5 3 1 3 4 2 0 347 11
2044 5 2 5 6 3 5 0 4 2 1 121 49
2045 3 5 3 5 1 4 0 5 2 251 57
2046 4 3 1 3 3 2 1 220 46
2047 3 5 4 3 1 0 2 442 90
2048 3 2 2 4 3 2 1 4 289 52
2049 4 3 2 5 5 2 4 3 0 417 60
2050 3 5 1 3 2 1 5 337 87
2051 4 3 5 4 5 0 1 4 494 29
2052 5 3 1 6 4 1 0 5 3 2 264 43
2053 4 5 1 4 3 0 2 4 183 83
2054 4 2 1 6 0 4 3 2 1 5 880 13
2055 5 3 1 6 3 2 4 1 0 5 390 67
2056 4 5 2 3 1 2 5 50 94
2057 4 3 2 5 1 2 4 5 3 262 61
2058 3 2 3 6 5 3 0 4 1 2 401 24
2059 3 2 1 6 2 4 3 1 5 0 450 26
2060 5 3 2 3 4 2 0 347 11
2061 4 5 5 3 4 5 2 215 96
2062 4 3 7 4 5 2 3 0 55 80
2063 4 5 3 3 4 5 2 215 96
2064 4 3 2 6 3 5 0 1 4 2 446 88
2065 4 3 4 4 3 4 1 5 254 72
2066 3 2 8 3 3 5 0 236 31
2067 3 5 3 6 3 2 4 0 1 5 93 91
2068 3 2 4 5 1 4 5 2 0 520 15
2069 4 2 2 3 5 4 2 936 19
2070 4 3 3 5 1 0 2 5 4 509 84
2071 4 5 2 6 4 3 0 5 1 2 270 93
2072 3 2 2 4 3 0 2 4 591 21
2073 3 5 2 3 1 0 2 442 90
2074 5 3 4 4 5 2 4 1 219 58
2075 4 5 3 6 4 5 0 1 2 3 167 26
2076 5 2 2 6 4 2 5 3 1 0 138 41
2077 4 3 4 5 2 0 4 3 5 208 22
2078 4 3 2 4 5 2 3 0 55 80
101
2079 5 2 1 4 0 2 1 5 40 11
2080 4 3 1 4 3 4 1 5 254 72
2081 5 2 2 6 4 5 3 2 0 1 415 89
2082 4 5 2 4 1 5 4 3 294 51
2083 3 2 2 4 1 0 3 2 408 13
2084 3 5 2 6 3 2 4 0 1 5 93 91
2085 3 2 1 6 3 2 1 4 0 5 308 58
2086 3 5 2 6 5 0 1 2 4 3 514 63
2087 4 5 3 3 1 0 2 271 60
2088 4 3 1 5 4 5 2 0 1 425 13
2089 3 5 1 3 5 2 3 100 30
2090 5 3 1 6 3 2 4 1 0 5 390 67
2091 5 3 1 6 0 3 4 5 2 1 201 77
2092 4 2 4 5 3 1 0 5 4 844 13
2093 4 2 1 5 2 5 0 3 4 863 61
2094 5 2 3 3 3 5 4 172 10
2095 3 2 1 5 2 3 1 0 5 348 22
2096 3 5 5 5 5 0 2 4 1 301 88
2097 5 2 3 3 3 5 4 172 10
2098 4 3 1 4 3 4 1 5 254 72
2099 4 3 1 3 1 0 5 689 96
2100 4 3 1 5 4 5 2 0 1 425 13
2101 3 5 1 5 5 2 3 1 0 91 62
2102 4 3 2 3 3 0 1 740 63
2103 5 2 1 6 4 5 3 2 0 1 415 89
2104 4 5 2 3 5 3 0 12 94
2105 4 5 2 6 5 4 3 0 2 1 272 67
2106 3 5 3 4 4 2 5 0 25 26
2107 4 2 1 3 0 1 5 31 63
2108 3 2 2 5 4 2 0 3 5 361 22
2109 4 3 4 4 0 5 4 1 198 30
2110 5 3 2 6 4 1 0 5 3 2 264 43
2111 4 2 1 4 2 4 0 1 952 32
2112 3 5 2 6 2 0 5 1 3 4 248 90
2113 3 5 1 5 2 4 5 0 3 146 14
2114 5 2 1 6 0 2 3 4 5 1 303 25
2115 4 5 1 5 2 3 1 4 0 261 24
2116 4 2 5 4 1 4 5 3 930 33
2117 5 2 2 6 0 5 1 4 3 2 314 93
2118 4 5 1 4 3 0 2 4 183 83
2119 4 2 9 5 3 1 2 4 0 530 28
2120 4 2 2 4 2 4 0 1 952 32
2121 3 5 4 3 2 1 5 337 87
2122 4 5 3 3 4 5 2 215 96
2123 3 5 4 5 1 4 0 5 2 251 57
2124 4 2 1 3 5 2 3 1122 54
2125 3 2 2 4 3 0 2 4 591 21
2126 5 3 3 4 1 5 0 4 484 36
2127 5 3 4 6 0 3 4 5 2 1 201 77
2128 3 2 2 6 5 3 0 4 1 2 401 24
2129 3 2 3 4 1 0 3 2 408 13
2130 4 3 4 4 5 2 3 0 55 80
2131 3 2 2 5 4 2 0 3 5 361 22
2132 3 2 3 4 5 4 1 3 742 72
2133 3 2 2 6 4 3 2 0 1 5 410 17
2134 4 5 2 4 3 0 2 4 183 83
2135 4 5 3 4 4 0 3 1 191 80
2136 4 2 3 3 1 0 3 703 72
2137 5 2 2 5 2 5 3 0 1 25 94
2138 3 2 2 6 2 4 3 1 5 0 450 26
2139 3 2 2 5 0 5 2 4 1 162 72
2140 5 2 1 6 4 2 5 3 1 0 138 41
2141 3 2 1 3 3 4 2 832 18
2142 4 3 1 4 5 2 3 0 55 80
2143 4 2 2 4 1 4 5 3 930 33
2144 4 5 1 6 5 4 3 0 2 1 272 67
2145 3 5 3 3 5 2 3 100 30
2146 5 2 3 6 0 5 1 4 3 2 314 93
2147 4 5 2 6 5 4 3 0 2 1 272 67
2148 5 2 7 6 4 5 3 2 0 1 191 89
2149 5 2 2 5 2 3 0 4 5 113 91
2150 5 3 2 4 3 0 2 4 318 93
2151 4 5 6 4 1 5 4 3 294 51
2152 3 5 3 4 5 2 1 0 196 22
2153 3 5 1 4 4 2 5 0 25 26
2154 3 5 2 5 5 0 2 4 1 301 88
2155 3 5 5 4 4 0 1 5 432 72
2156 4 5 12 6 3 5 2 0 4 1 299 52
2157 5 2 4 3 3 5 4 172 10
2158 3 5 3 3 0 1 3 218 93
2159 4 2 2 4 1 3 2 5 586 84
2160 4 5 2 6 3 5 2 0 4 1 299 52
2161 4 3 2 4 3 4 1 5 254 72
2162 3 2 4 5 2 3 1 0 5 348 22
2163 4 5 1 5 5 1 2 3 0 246 61
2164 4 3 2 4 5 0 1 4 494 29
2165 3 5 2 5 3 1 0 5 2 319 73
2166 5 3 3 3 4 1 5 19 30
2167 4 5 5 5 2 0 4 5 3 391 56
2168 4 2 3 6 0 4 3 2 1 5 880 13
2169 4 2 6 3 0 4 3 713 99
2170 4 5 3 5 0 2 4 5 1 218 97
2171 4 2 3 5 3 1 0 5 4 844 13
2172 5 2 4 6 4 5 3 2 0 1 415 89
2173 4 3 2 3 3 2 0 362 35
2174 3 5 2 6 2 0 5 1 3 4 248 90
2175 4 5 2 3 5 3 0 115 33
2176 3 2 2 4 3 0 2 4 591 21
2177 4 3 3 4 2 1 5 3 480 62
2178 4 5 3 3 1 0 5 287 63
2179 3 2 4 6 5 3 0 4 1 2 401 24
81
2180 4 2 1 5 1 2 5 3 4 476 54
2181 4 3 1 6 4 0 2 1 5 3 33 64
2182 3 2 1 3 3 4 2 832 18
2183 4 5 1 5 4 2 0 5 1 208 77
2184 5 2 3 5 2 3 0 4 5 113 91
2185 4 5 1 4 4 5 0 1 134 14
2186 3 2 1 4 0 5 4 2 351 41
2187 4 2 3 6 5 3 4 1 2 0 578 18
2188 3 2 3 3 3 5 0 236 31
2189 4 5 2 5 4 2 0 5 1 208 77
2190 4 3 1 3 5 0 1 84 24
2191 5 3 3 4 1 5 0 4 484 36
2192 4 2 2 6 5 3 4 1 2 0 578 18
2193 5 2 2 6 0 2 3 4 5 1 303 25
2194 4 3 6 3 3 2 0 362 35
2195 4 2 1 5 2 5 0 3 4 863 61
2196 5 2 3 3 5 0 1 205 82
2197 3 2 3 3 3 5 0 236 31
2198 4 2 3 3 5 4 2 936 19
2199 3 2 5 6 0 5 3 1 4 2 510 28
2200 3 5 2 4 4 0 1 5 432 72
2201 4 3 1 6 3 5 0 1 4 2 446 88
2202 4 3 3 6 4 0 2 1 5 3 33 64
2203 5 2 1 6 3 5 0 4 2 1 121 49
2204 5 3 1 6 4 1 0 3 2 5 438 17
2205 3 2 1 6 5 3 0 4 1 2 401 24
2206 3 2 2 4 2 3 5 4 115 21
2207 3 2 1 3 3 4 2 832 18
2208 3 2 2 6 5 3 0 4 1 2 401 24
2209 4 2 1 6 1 3 4 5 2 0 572 68
2210 4 3 4 5 4 5 2 0 1 425 13
2211 4 2 1 5 0 4 3 2 1 828 100
2212 5 3 1 4 5 3 2 4 344 12
2213 4 5 1 6 3 5 2 0 4 1 299 52
2214 3 5 2 6 4 2 1 0 5 3 328 71
2215 3 2 4 6 5 3 0 4 1 2 401 24
2216 4 5 6 4 1 5 4 3 294 51
2217 4 2 2 6 5 3 4 1 2 0 578 18
2218 4 2 2 4 1 4 5 3 930 33
2219 3 5 3 5 2 4 5 0 3 146 14
2220 5 2 2 4 0 5 3 4 386 15
2221 3 5 1 5 5 2 3 1 0 91 62
2222 4 2 5 6 5 4 3 2 1 0 1052 55
2223 4 2 1 3 0 1 5 31 63
2224 5 2 1 6 4 2 1 5 3 0 545 22
2225 3 5 2 6 3 2 4 0 1 5 93 91
2226 5 3 2 5 4 3 0 5 2 392 61
2227 4 2 7 3 0 4 3 713 99
2228 5 2 2 3 4 5 2 444 82
2229 5 2 2 5 2 5 3 0 1 25 94
2230 5 2 2 6 4 5 3 1 0 2 329 36
2231 5 3 1 5 4 3 0 5 2 392 61
2232 3 5 2 5 3 1 0 5 2 319 73
2233 5 3 2 3 0 3 1 12 37
2234 5 2 4 6 4 5 3 2 0 1 191 89
2235 4 3 3 3 3 2 0 362 35
2236 4 5 2 6 3 5 2 0 4 1 299 52
2237 4 3 3 5 2 0 4 3 5 208 22
2238 5 2 2 5 2 3 0 4 5 113 91
2239 3 2 1 5 1 4 5 2 0 520 15
2240 4 2 2 6 5 3 4 1 2 0 578 18
2241 3 2 3 5 2 3 1 0 5 348 22
2242 5 2 3 5 4 5 1 0 2 347 24
2243 3 5 3 6 3 4 1 5 2 0 294 17
2244 5 3 3 4 0 4 5 2 544 36
2245 4 5 2 5 5 4 3 0 2 152 98
2246 4 3 2 3 2 3 4 679 18
2247 5 2 3 4 4 1 0 3 294 67
2248 3 5 4 6 3 2 4 0 1 5 93 91
2249 5 2 2 5 4 5 1 0 3 428 10
2250 3 2 2 6 2 4 3 1 5 0 450 26
2251 3 2 2 5 4 3 5 1 0 364 28
2252 4 5 4 3 4 5 2 215 96
2253 4 5 4 3 1 2 5 50 94
2254 4 3 8 5 1 2 4 5 3 262 61
2255 5 3 4 6 1 2 3 0 5 4 291 25
2256 4 2 2 3 0 4 3 713 99
2257 3 5 3 6 3 2 4 0 1 5 93 91
2258 3 5 3 6 5 0 1 2 4 3 514 63
2259 5 3 2 3 4 2 0 347 11
2260 4 2 3 3 1 0 3 703 72
0
0
0
0
0
0
0
0
0
0
0
0
0
0
0

