1777
30
86
0 5 4 1 3 4 5 2 230 16
1 2 4 1 3 1 4 2 32 27
2 4 0 2 3 2 3 4 505 45
3 5 4 2 6 1 3 4 2 0 5 266 81
4 5 4 1 4 1 0 2 5 313 67
5 2 4 1 5 4 0 3 2 1 213 43
6 5 0 4 3 1 4 2 165 58
7 2 1 1 4 3 5 4 1 414 26
8 5 0 3 6 3 4 1 5 0 2 120 55
9 4 1 2 4 0 2 5 3 253 25
10 5 4 1 5 1 3 0 5 2 146 77
11 5 0 2 6 3 0 5 4 1 2 419 43
12 5 1 1 6 0 1 3 2 5 4 115 53
13 5 0 1 4 3 4 2 5 47 55
14 4 1 7 6 5 4 3 1 0 2 55 73
15 5 1 4 3 0 3 2 306 21
16 2 1 1 4 3 0 2 4 221 64
17 5 1 2 6 4 1 5 2 3 0 160 58
18 5 4 2 3 2 5 3 351 67
19 5 0 2 4 3 4 2 5 47 55
20 5 1 3 4 5 2 0 3 189 89
21 2 4 2 5 4 0 3 2 1 213 43
22 2 0 5 3 3 5 0 538 44
23 2 1 3 4 5 3 4 0 297 17
24 5 0 2 4 0 1 2 3 238 58
25 2 1 1 5 2 3 4 0 1 462 39
26 2 4 5 6 0 1 3 4 5 2 354 80
27 5 4 7 3 1 2 0 156 25
28 5 4 1 3 2 5 3 351 67
29 2 0 2 4 2 5 4 3 419 48
30 4 0 2 4 1 4 0 5 222 49
31 2 0 2 4 4 5 0 3 765 36
32 4 0 1 4 3 0 2 1 196 96
33 5 1 4 3 2 1 5 150 72
34 4 1 2 4 0 3 5 1 89 83
35 4 0 1 3 2 1 3 561 34
36 2 4 4 6 4 2 0 1 5 3 687 19
37 2 0 4 4 2 5 4 3 419 48
38 5 4 1 3 4 5 2 230 16
39 4 0 1 6 4 1 0 5 2 3 517 84
40 5 4 1 3 2 4 0 120 58
41 2 0 2 3 3 5 0 538 44
42 5 0 2 6 3 2 1 0 5 4 343 76
43 4 0 2 5 1 2 4 0 3 359 32
44 2 4 2 5 5 4 2 1 3 314 84
45 5 1 3 5 0 3 2 4 1 242 21
46 4 1 1 5 0 3 2 5 4 263 12
47 4 0 1 3 2 1 3 561 34
48 4 1 1 6 5 2 0 3 4 1 440 56
49 2 4 5 3 5 0 2 166 48
50 4 0 2 6 2 5 4 3 1 0 535 77
51 5 4 3 4 3 5 2 4 86 82
52 2 1 2 4 3 2 0 5 97 69
53 4 0 1 4 3 2 0 5 589 20
54 4 0 3 4 3 2 0 5 589 20
55 2 0 3 4 3 5 0 1 433 42
56 5 4 2 5 5 3 1 0 4 173 12
57 4 0 4 4 1 4 0 5 222 49
58 5 1 2 4 5 2 0 3 189 89
59 2 1 1 4 4 3 1 2 226 96
60 4 1 2 3 0 2 1 300 74
61 5 0 2 5 1 3 0 2 5 296 79
62 5 4 5 4 0 2 4 3 25 72
63 2 0 1 3 2 1 3 539 12
64 4 0 1 5 1 2 4 0 3 359 32
65 4 1 2 4 5 2 4 1 253 18
66 4 0 4 6 3 0 2 5 4 1 288 80
67 5 4 2 3 4 5 2 230 16
68 2 1 2 4 5 0 4 2 876 51
69 4 1 6 5 1 4 0 5 3 205 71
70 2 1 3 3 4 1 0 301 64
71 5 1 2 4 5 2 4 3 228 60
72 4 0 3 6 2 5 1 4 3 0 127 51
73 5 0 2 6 5 4 0 2 1 3 262 55
74 4 1 3 4 0 2 5 3 253 25
75 2 1 2 6 0 5 4 1 2 3 186 72
76 4 0 3 6 4 1 0 5 2 3 517 84
77 4 1 2 6 4 5 1 0 2 3 586 88
78 5 4 3 6 1 3 4 2 0 5 266 81
79 4 1 7 4 0 2 1 4 467 50
80 2 0 2 4 4 2 5 0 461 50
81 5 1 4 5 0 3 2 4 1 242 21
82 5 1 3 3 5 3 4 268 19
83 2 0 2 3 2 1 3 539 12
84 2 0 4 6 4 3 5 2 1 0 255 35
85 4 0 2 4 3 0 5 1 162 83
74
86 5 1 3 5 0 3 2 4 1 242 21
87 5 1 4 3 2 1 5 150 72
88 4 0 2 5 1 2 4 0 3 359 32
89 4 1 2 4 0 2 5 3 253 25
90 4 0 2 4 3 0 5 1 162 83
91 5 0 4 6 2 0 1 5 3 4 383 32
92 5 4 1 4 1 0 2 5 313 67
93 2 0 1 3 3 5 0 538 44
94 2 4 4 5 2 5 1 4 0 588 33
95 2 4 4 6 2 3 0 1 5 4 336 99
96 4 0 3 4 3 2 0 5 589 20
97 2 1 4 3 3 2 0 207 55
98 4 1 4 4 0 2 5 3 253 25
99 2 0 1 5 4 0 2 3 1 311 52
100 5 4 1 3 2 5 3 351 67
101 2 4 2 4 3 0 5 4 455 55
102 2 4 1 3 0 2 3 483 96
103 5 4 1 5 1 3 0 5 2 146 77
104 5 1 1 4 2 4 0 1 302 20
105 2 1 2 3 3 2 0 207 55
106 2 1 2 3 2 5 1 323 15
107 2 1 4 3 4 2 1 508 31
108 2 0 1 5 3 4 5 1 2 211 98
109 5 0 6 6 5 1 2 4 0 3 112 90
110 2 0 3 3 3 5 0 538 44
111 2 4 2 3 1 4 2 32 27
112 5 0 2 4 1 0 2 3 304 90
113 2 0 5 5 1 3 2 5 0 256 20
114 5 1 1 5 4 2 1 3 5 58 44
115 2 1 4 3 3 5 4 85 42
116 5 1 2 4 4 3 2 0 151 12
117 5 1 3 5 5 4 1 0 2 244 56
118 2 4 2 3 1 4 2 32 27
119 2 0 4 4 4 2 5 0 461 50
120 5 0 1 6 3 4 1 5 0 2 120 55
121 5 4 3 5 1 4 3 5 2 243 26
122 2 1 3 3 4 2 1 508 31
123 5 1 1 3 0 3 2 306 21
124 4 0 2 4 1 4 5 3 402 85
125 5 1 3 3 4 0 1 172 59
126 4 0 2 4 5 2 1 3 176 43
127 4 1 3 3 5 4 1 166 89
128 5 0 2 4 5 0 4 3 122 88
129 2 1 1 6 5 2 4 0 3 1 106 40
130 4 0 7 6 3 0 2 5 4 1 288 80
131 2 0 2 6 5 3 1 4 0 2 294 19
132 4 1 3 4 0 2 5 3 253 25
133 5 1 2 5 5 4 0 1 3 168 52
134 2 1 1 3 3 5 4 85 42
135 2 0 2 4 3 5 0 1 433 42
136 4 1 9 6 5 4 3 1 0 2 55 73
137 4 0 2 6 0 2 5 3 1 4 356 57
138 5 1 2 4 2 4 0 1 302 20
139 5 1 2 6 2 5 1 3 0 4 261 95
140 4 0 4 6 5 2 1 0 3 4 442 54
141 5 4 5 6 2 5 0 3 1 4 272 100
142 2 1 4 6 1 5 3 0 4 2 151 78
143 2 4 1 5 3 5 1 0 4 125 23
144 2 1 3 3 2 5 1 323 15
145 2 1 4 3 4 2 1 508 31
146 4 0 2 4 5 2 1 3 176 43
147 5 1 5 6 0 1 3 2 5 4 115 53
148 4 1 3 3 3 1 2 365 83
149 5 4 2 6 2 5 4 1 0 3 144 74
150 2 1 3 6 4 5 1 3 0 2 333 71
151 4 0 2 6 5 4 1 2 3 0 496 59
152 5 0 2 3 1 4 2 165 58
153 2 1 2 3 0 5 4 456 64
154 4 0 6 4 3 0 5 1 162 83
155 4 1 3 5 3 5 4 2 1 109 15
156 2 4 4 3 3 1 2 341 31
157 5 4 2 3 1 2 0 156 25
158 5 0 7 5 0 2 5 3 1 73 64
159 2 1 4 4 3 5 4 1 414 26
70
160 5 1 2 4 2 5 0 1 107 44
161 2 4 1 3 4 1 3 271 21
162 2 0 2 5 0 4 1 2 5 575 76
163 4 1 4 5 0 3 2 5 4 263 12
164 5 1 1 4 5 2 4 3 228 60
165 2 1 2 4 5 3 4 0 297 17
166 5 1 1 4 2 4 0 1 302 20
167 2 1 1 4 5 1 3 2 562 92
168 4 0 1 6 3 0 2 5 4 1 288 80
169 2 0 1 4 2 5 4 3 419 48
170 4 0 1 6 4 1 0 5 2 3 517 84
171 2 0 2 4 3 2 1 4 825 30
172 4 1 5 6 2 1 5 3 4 0 127 23
173 2 1 7 4 4 3 1 2 226 96
174 5 1 2 4 4 3 2 0 151 12
175 2 4 1 3 0 2 3 483 96
176 4 1 8 4 0 2 5 3 253 25
177 2 0 4 4 4 5 0 3 765 36
178 5 0 1 4 1 0 2 3 304 90
179 2 4 2 4 3 5 0 4 654 78
180 4 0 5 4 1 4 0 5 222 49
181 2 0 2 4 4 2 5 0 461 50
182 5 0 5 3 4 5 1 250 42
183 2 1 3 6 1 5 3 0 4 2 151 78
184 2 0 2 3 5 4 0 461 74
185 4 1 2 6 4 5 1 0 2 3 586 88
186 5 4 5 5 4 5 0 2 3 216 57
187 4 1 2 3 0 2 1 300 74
188 5 4 4 3 4 5 2 230 16
189 5 1 3 4 2 4 0 1 302 20
190 4 0 3 6 4 0 1 5 2 3 214 50
191 2 4 3 6 0 1 3 4 5 2 354 80
192 2 0 4 5 5 2 4 3 0 309 86
193 2 1 2 3 4 1 0 301 64
194 4 1 4 5 1 2 0 4 5 215 12
195 4 0 2 6 2 5 4 3 1 0 535 77
196 4 0 1 6 0 2 5 3 1 4 356 57
197 4 1 1 6 5 2 0 3 4 1 440 56
198 5 4 1 3 2 4 0 120 58
199 2 0 2 3 5 4 0 461 74
200 4 0 2 6 0 2 5 3 1 4 356 57
201 5 4 2 6 3 0 5 2 4 1 210 80
202 5 4 2 5 2 4 1 5 0 250 47
203 5 0 2 5 2 1 3 4 0 307 84
204 5 1 3 3 2 1 5 150 72
205 5 0 1 5 0 5 4 3 2 19 31
206 2 4 1 6 3 5 0 2 1 4 313 80
207 4 0 6 3 2 1 3 561 34
208 4 0 6 6 2 5 4 3 1 0 535 77
209 2 0 4 6 4 3 5 2 1 0 255 35
210 5 1 3 4 5 2 0 3 189 89
211 2 1 2 6 2 3 5 0 4 1 409 59
212 5 4 1 5 1 3 0 5 2 146 77
213 5 4 3 6 4 0 2 1 3 5 166 99
214 2 0 1 6 0 1 3 2 4 5 1001 58
215 2 1 2 3 3 0 5 302 91
216 2 1 2 6 2 3 5 0 4 1 409 59
217 5 4 2 3 2 1 0 183 21
218 2 4 2 4 1 5 3 0 455 79
219 5 0 3 5 2 1 3 4 0 307 84
220 4 0 3 4 3 0 2 1 196 96
221 2 4 2 5 5 0 1 4 3 399 81
222 5 1 10 3 0 3 2 306 21
223 2 1 3 6 0 5 4 1 2 3 186 72
224 5 0 5 6 3 0 5 4 1 2 419 43
225 2 1 2 6 1 5 3 0 4 2 151 78
226 5 1 2 6 0 1 3 2 5 4 115 53
227 4 0 2 4 1 4 0 5 222 49
228 4 0 2 4 1 4 5 3 402 85
229 5 1 2 4 4 3 2 0 151 12
88
230 5 0 2 4 3 4 2 5 47 55
231 4 1 1 4 1 3 0 4 368 56
232 5 1 3 3 0 3 2 306 21
233 5 0 1 5 2 1 3 4 0 307 84
234 2 4 2 3 4 1 3 271 21
235 2 0 4 6 4 3 5 2 1 0 255 35
236 5 4 2 3 2 4 0 120 58
237 5 1 3 3 0 3 2 306 21
238 2 4 1 6 4 2 0 1 5 3 687 19
239 5 0 1 4 5 0 4 3 122 88
240 5 1 1 4 2 5 0 1 107 44
241 5 4 2 6 1 3 4 2 0 5 266 81
242 5 4 1 6 2 5 0 3 1 4 272 100
243 2 1 1 6 0 5 4 1 2 3 186 72
244 2 1 3 4 5 0 4 2 876 51
245 2 4 2 5 4 0 3 2 1 213 43
246 4 0 1 6 3 0 5 1 2 4 327 40
247 4 0 3 6 3 0 2 5 4 1 288 80
248 4 0 5 6 3 0 2 5 4 1 288 80
249 5 0 1 6 3 2 1 0 5 4 343 76
250 4 1 3 6 5 2 0 3 4 1 440 56
251 4 0 3 6 5 4 1 2 3 0 496 59
252 2 4 1 3 3 1 2 341 31
253 5 0 2 3 1 4 2 165 58
254 5 0 2 5 0 5 4 3 2 19 31
255 5 1 2 3 5 3 4 268 19
256 4 0 1 5 1 2 4 0 3 359 32
257 4 0 2 5 5 1 4 2 3 373 68
258 5 0 4 3 1 4 2 165 58
259 5 4 1 5 1 4 3 5 2 243 26
260 5 0 1 5 0 2 5 3 1 73 64
261 5 1 4 6 2 5 1 3 0 4 261 95
262 4 1 3 4 5 2 4 1 253 18
263 5 1 1 3 5 3 4 268 19
264 4 0 1 6 5 2 1 0 3 4 442 54
265 2 0 9 3 2 5 3 23 10
266 2 1 2 3 4 1 0 301 64
267 2 0 1 5 1 3 2 5 0 256 20
268 4 0 2 4 2 0 4 5 441 82
269 4 0 3 4 5 2 1 3 176 43
270 2 4 4 4 3 0 5 4 455 55
271 5 4 2 6 1 3 4 2 0 5 266 81
272 5 4 1 5 1 4 3 5 2 243 26
273 5 1 1 4 5 2 0 1 151 11
274 5 0 3 5 2 3 1 4 0 416 70
275 2 1 1 4 3 0 2 4 221 64
276 4 0 2 5 1 2 4 0 3 359 32
277 2 4 3 6 3 5 1 0 4 2 363 73
278 5 1 2 3 2 1 5 150 72
279 2 0 3 6 4 3 5 2 1 0 255 35
280 4 0 2 6 3 0 2 5 4 1 288 80
281 5 1 3 5 5 4 1 0 2 244 56
282 2 1 3 4 3 0 2 4 221 64
283 5 1 1 6 4 1 5 2 3 0 160 58
284 2 4 1 5 4 0 3 2 1 213 43
285 4 0 1 6 5 2 1 0 3 4 442 54
286 2 4 2 3 5 0 2 166 48
287 5 4 1 4 0 2 4 3 25 72
288 4 0 2 4 3 0 2 1 196 96
289 2 1 2 3 3 5 4 85 42
290 5 0 5 6 2 0 1 5 3 4 383 32
291 5 1 1 3 2 1 5 150 72
292 5 4 2 5 1 3 0 5 2 146 77
293 2 0 3 5 0 4 1 2 5 575 76
294 5 4 2 3 1 5 2 253 79
295 5 4 5 6 3 0 5 2 4 1 210 80
296 2 1 3 6 0 5 4 1 2 3 186 72
297 5 4 3 5 3 0 2 4 1 213 22
298 2 4 2 4 3 0 5 4 455 55
299 2 4 8 4 3 5 0 4 654 78
300 5 4 1 4 0 2 4 3 25 72
301 2 0 1 4 2 5 4 3 419 48
302 4 0 3 6 0 2 5 3 1 4 356 57
303 2 0 2 6 5 3 1 4 0 2 294 19
304 2 1 2 5 2 3 4 0 1 462 39
305 5 1 4 5 4 1 2 3 0 175 39
306 5 0 2 5 1 3 0 2 5 296 79
307 5 1 2 3 0 5 4 42 35
308 5 4 3 3 4 5 2 230 16
309 2 0 2 5 0 4 1 2 5 575 76
310 5 4 2 4 0 2 4 3 25 72
311 5 1 3 6 2 5 1 3 0 4 261 95
312 5 0 2 4 5 0 4 3 122 88
313 4 1 4 3 5 4 1 166 89
314 5 0 2 6 3 0 5 4 1 2 419 43
315 4 1 2 5 1 4 0 5 3 205 71
316 2 0 4 5 5 2 4 3 0 309 86
317 2 0 2 5 5 2 4 3 0 309 86
70
318 4 1 3 6 5 2 0 3 4 1 440 56
319 5 0 4 5 2 3 1 4 0 416 70
320 5 0 5 5 2 1 3 4 0 307 84
321 5 1 1 4 2 5 0 1 107 44
322 5 4 1 3 1 2 0 156 25
323 5 4 3 4 3 5 2 4 86 82
324 2 0 4 6 4 3 5 2 1 0 255 35
325 5 0 7 6 2 0 1 5 3 4 383 32
326 4 1 7 5 0 3 2 5 4 263 12
327 5 1 4 4 0 3 2 4 193 23
328 4 1 1 6 2 1 5 3 4 0 127 23
329 2 1 5 6 4 5 1 3 0 2 333 71
330 2 4 1 4 3 5 0 4 654 78
331 2 1 6 4 3 0 2 4 221 64
332 2 0 1 5 3 4 5 1 2 211 98
333 2 4 1 5 2 5 1 4 0 588 33
334 5 4 1 3 1 5 2 253 79
335 2 4 2 3 3 1 2 341 31
336 2 4 1 3 1 4 2 32 27
337 2 1 1 3 3 5 4 85 42
338 5 0 2 6 3 4 1 5 0 2 120 55
339 2 1 2 3 3 0 5 302 91
340 4 1 1 6 2 1 5 3 4 0 127 23
341 2 4 2 5 2 5 1 4 0 588 33
342 5 0 2 5 2 1 3 4 0 307 84
343 5 1 2 4 0 3 2 4 193 23
344 5 4 1 5 5 3 1 0 4 173 12
345 2 0 4 5 0 3 1 4 5 772 97
346 4 0 1 6 5 2 1 0 3 4 442 54
347 2 4 1 6 4 2 0 1 5 3 687 19
348 4 1 2 5 3 5 4 2 1 109 15
349 5 0 2 5 1 3 0 2 5 296 79
350 2 0 2 4 3 2 1 4 825 30
351 4 1 2 4 0 2 1 4 467 50
352 2 1 4 4 3 0 2 4 221 64
353 4 0 5 4 5 2 1 3 176 43
354 4 1 3 4 0 2 5 3 253 25
355 5 1 3 4 4 3 2 0 151 12
356 2 0 3 4 4 2 5 0 461 50
357 2 1 4 3 2 5 0 210 67
358 4 1 3 5 3 2 4 1 5 353 56
359 5 1 1 4 0 3 2 4 193 23
360 2 1 2 4 5 1 3 2 562 92
361 4 1 3 6 5 4 3 1 0 2 55 73
362 5 0 1 5 2 3 1 4 0 416 70
363 5 0 3 5 2 1 3 4 0 307 84
364 2 0 3 5 0 4 1 2 5 575 76
365 5 0 2 4 0 3 4 5 124 36
366 2 0 2 5 5 2 4 3 0 309 86
367 5 1 2 5 0 3 2 4 1 242 21
368 4 0 3 6 0 5 2 4 1 3 263 67
369 2 1 5 3 3 5 4 85 42
370 5 0 3 4 3 4 2 5 47 55
371 4 0 1 6 4 1 0 5 2 3 517 84
372 5 0 8 4 0 3 4 5 124 36
373 2 0 1 4 4 2 5 0 461 50
374 2 0 5 5 1 3 2 5 0 256 20
375 5 0 2 5 2 3 1 4 0 416 70
376 5 0 3 6 5 1 2 4 0 3 112 90
377 2 0 4 5 0 4 1 2 5 575 76
378 5 1 3 5 5 4 1 0 2 244 56
379 4 1 3 3 3 1 2 365 83
380 2 1 5 4 3 2 0 5 97 69
381 4 1 1 6 5 4 3 1 0 2 55 73
382 4 0 3 6 2 5 4 3 1 0 535 77
383 5 1 2 4 5 2 0 3 189 89
384 2 1 1 4 5 1 3 2 562 92
385 4 0 5 6 2 5 4 3 1 0 535 77
386 5 1 2 4 2 4 0 1 302 20
387 5 1 4 4 5 2 0 3 189 89
71
388 5 0 1 4 5 4 2 0 330 33
389 2 0 1 5 3 4 5 1 2 211 98
390 5 1 2 4 4 3 2 0 151 12
391 5 0 2 3 4 5 1 250 42
392 2 0 1 4 4 2 5 0 461 50
393 5 0 4 6 3 2 1 0 5 4 343 76
394 5 1 1 3 4 0 1 172 59
395 2 1 1 6 5 2 4 0 3 1 106 40
396 2 1 2 3 3 0 5 302 91
397 2 1 2 4 3 0 2 4 221 64
398 2 0 3 3 3 5 0 538 44
399 4 0 2 4 2 0 4 5 441 82
400 4 1 2 6 5 2 0 3 4 1 440 56
401 2 0 1 3 2 5 3 23 10
402 4 1 1 4 4 3 2 0 217 16
403 4 0 1 6 3 0 5 1 2 4 327 40
404 5 1 1 5 4 1 2 3 0 175 39
405 2 4 1 6 2 3 0 1 5 4 336 99
406 5 1 1 5 5 4 1 0 2 244 56
407 5 1 1 3 0 3 2 306 21
408 2 1 9 3 4 2 1 508 31
409 4 1 5 5 3 5 4 2 1 109 15
410 5 0 4 6 0 2 3 1 4 5 342 87
411 2 1 1 3 2 5 0 210 67
412 5 0 1 6 5 4 0 2 1 3 262 55
413 2 1 4 3 3 2 0 207 55
414 4 1 5 5 1 2 0 4 5 215 12
415 5 4 1 6 3 0 5 2 4 1 210 80
416 2 1 4 5 2 3 4 0 1 462 39
417 4 1 2 4 0 2 5 3 253 25
418 5 4 2 6 2 5 0 3 1 4 272 100
419 5 0 2 6 3 5 0 2 4 1 99 48
420 5 4 4 6 3 0 5 2 4 1 210 80
421 5 1 1 4 3 5 2 4 142 43
422 2 0 3 3 0 3 5 354 92
423 4 0 2 4 1 4 0 5 222 49
424 2 1 2 6 4 5 1 3 0 2 333 71
425 4 1 3 5 3 2 4 1 5 353 56
426 2 1 1 4 3 2 0 5 97 69
427 5 1 2 5 5 4 0 1 3 168 52
428 5 1 2 4 2 5 0 1 107 44
429 2 1 5 3 2 5 1 323 15
430 4 0 2 4 3 0 5 1 162 83
431 2 4 3 4 3 0 5 4 455 55
432 5 1 3 4 4 3 2 0 151 12
433 4 0 5 4 3 0 5 1 162 83
434 4 0 4 6 4 1 0 5 2 3 517 84
435 2 4 1 5 4 0 3 2 1 213 43
436 2 1 5 3 3 2 0 207 55
437 5 0 5 6 5 1 2 4 0 3 112 90
438 4 1 3 4 0 2 5 3 253 25
439 2 0 1 4 3 2 1 4 825 30
440 5 4 2 6 2 5 0 3 1 4 272 100
441 4 0 2 4 3 0 5 1 162 83
442 4 1 3 4 5 2 4 1 253 18
443 4 1 2 3 3 5 1 101 70
444 2 1 1 4 3 2 0 5 97 69
445 2 1 2 4 5 3 4 0 297 17
446 4 1 5 4 0 2 5 3 253 25
447 5 0 5 5 2 1 3 4 0 307 84
448 4 1 3 5 1 4 0 5 3 205 71
449 5 1 4 5 5 0 2 3 1 295 60
450 5 0 2 4 1 0 2 3 304 90
451 2 4 2 5 2 5 1 4 0 588 33
452 2 1 5 6 1 5 3 0 4 2 151 78
453 5 4 2 5 5 3 1 0 4 173 12
454 5 1 7 4 5 2 0 3 189 89
455 4 1 2 4 0 3 5 1 89 83
456 2 0 3 5 1 3 2 5 0 256 20
457 5 1 3 5 4 2 1 3 5 58 44
458 5 1 4 4 5 2 0 3 189 89
70
459 2 1 1 4 3 5 4 1 414 26
460 2 0 1 6 5 3 1 4 0 2 294 19
461 4 1 8 6 5 2 0 3 4 1 440 56
462 5 1 3 4 2 4 0 1 302 20
463 5 1 1 6 4 1 5 2 3 0 160 58
464 4 1 2 4 1 3 0 4 368 56
465 5 1 4 6 0 1 3 2 5 4 115 53
466 2 1 1 4 3 0 2 4 221 64
467 5 1 1 6 4 1 5 2 3 0 160 58
468 4 0 2 5 5 1 4 2 3 373 68
469 2 4 1 5 2 5 1 4 0 588 33
470 4 0 2 6 5 4 1 2 3 0 496 59
471 5 0 2 4 5 0 4 3 122 88
472 2 1 1 3 4 1 0 301 64
473 4 1 3 4 1 3 0 4 368 56
474 2 4 1 3 3 1 2 341 31
475 2 1 1 4 4 3 1 2 226 96
476 2 4 1 4 3 0 5 4 455 55
477 2 0 1 5 3 4 5 1 2 211 98
478 2 4 2 6 3 5 1 0 4 2 363 73
479 5 4 3 6 1 3 4 2 0 5 266 81
480 5 0 4 4 5 4 2 0 330 33
481 4 1 1 4 0 2 1 4 467 50
482 4 0 2 5 1 2 4 0 3 359 32
483 4 1 5 3 0 2 1 300 74
484 5 4 1 6 2 5 0 3 1 4 272 100
485 5 4 1 6 3 0 5 2 4 1 210 80
486 5 0 3 6 3 5 0 2 4 1 99 48
487 5 4 1 6 5 1 0 4 2 3 57 58
488 5 1 1 4 2 3 1 5 143 85
489 4 1 4 5 3 2 4 1 5 353 56
490 2 0 1 6 4 3 5 2 1 0 255 35
491 5 4 1 5 1 4 3 5 2 243 26
492 5 1 1 4 5 2 0 3 189 89
493 2 0 1 5 4 5 1 0 3 337 16
494 4 0 4 6 2 5 1 4 3 0 127 51
495 2 4 1 6 3 5 1 0 4 2 363 73
496 5 4 3 5 5 3 1 0 4 173 12
497 5 0 3 6 3 5 0 2 4 1 99 48
498 4 0 6 4 5 2 1 3 176 43
499 5 0 2 5 1 4 3 0 2 210 63
500 2 0 5 4 4 2 5 0 461 50
501 4 1 1 3 3 5 1 101 70
502 2 0 1 6 4 3 5 2 1 0 255 35
503 4 1 2 6 5 4 3 1 0 2 55 73
504 4 1 2 6 5 4 3 1 0 2 55 73
505 4 0 2 4 1 4 5 3 402 85
506 5 0 1 6 5 1 2 4 0 3 112 90
507 5 0 1 5 0 2 5 3 1 73 64
508 5 1 3 3 2 1 5 150 72
509 5 0 3 6 0 2 3 1 4 5 342 87
510 2 0 3 3 3 5 0 538 44
511 2 1 5 3 2 5 0 210 67
512 2 0 4 5 4 0 2 3 1 311 52
513 4 0 4 6 4 1 5 2 0 3 197 15
514 5 0 4 4 0 3 4 5 124 36
515 2 1 1 4 3 2 0 5 97 69
516 2 1 2 4 4 5 2 0 133 74
517 5 4 4 6 5 1 0 4 2 3 57 58
518 5 4 1 5 2 4 1 5 0 250 47
519 2 4 3 5 5 4 2 1 3 314 84
520 2 0 1 4 2 5 4 3 419 48
521 5 4 1 6 0 1 3 4 5 2 301 65
522 2 4 2 6 2 3 0 1 5 4 336 99
523 2 1 4 3 3 0 5 302 91
524 5 4 4 6 0 1 3 4 5 2 301 65
525 5 1 2 4 0 3 2 4 193 23
526 5 1 8 4 3 5 2 4 142 43
527 4 1 3 4 4 3 2 0 217 16
528 2 4 2 6 3 5 0 2 1 4 313 80
72
529 4 1 4 4 0 2 1 4 467 50
530 4 1 4 6 2 1 5 3 4 0 127 23
531 4 1 4 5 3 1 5 2 4 335 97
532 5 1 1 5 4 2 1 3 5 58 44
533 4 0 4 6 0 5 2 4 1 3 263 67
534 5 4 1 3 1 5 2 253 79
535 2 4 2 5 4 0 5 1 3 390 93
536 2 1 1 4 3 5 4 1 414 26
537 4 1 3 6 2 1 5 3 4 0 127 23
538 2 1 2 3 2 5 1 323 15
539 5 1 1 5 5 0 2 3 1 295 60
540 5 4 2 6 4 0 2 1 3 5 166 99
541 2 4 4 4 1 5 3 0 455 79
542 5 4 6 3 2 4 0 120 58
543 4 0 2 4 1 4 5 3 402 85
544 2 1 1 6 2 3 5 0 4 1 409 59
545 5 0 1 6 3 1 2 4 5 0 385 56
546 5 4 2 5 5 3 1 0 4 173 12
547 4 0 1 6 2 5 1 4 3 0 127 51
548 5 1 1 4 5 2 0 3 189 89
549 2 1 2 6 1 5 3 0 4 2 151 78
550 2 1 3 6 2 3 5 0 4 1 409 59
551 5 0 2 6 3 4 1 5 0 2 120 55
552 2 0 2 5 4 5 1 0 3 337 16
553 5 0 2 4 5 0 4 3 122 88
554 2 4 1 6 5 4 3 0 1 2 597 65
555 4 0 1 4 3 2 0 5 589 20
556 4 0 2 4 5 3 2 4 108 46
557 2 4 7 5 5 4 2 1 3 314 84
558 5 1 3 5 4 2 1 3 5 58 44
559 5 4 1 3 1 2 0 156 25
560 2 0 2 3 2 1 3 539 12
561 5 0 2 4 3 4 2 5 47 55
562 5 1 2 4 2 5 0 1 107 44
563 4 0 3 6 4 0 1 5 2 3 214 50
564 5 1 2 4 5 2 0 3 189 89
565 4 0 1 6 2 5 4 3 1 0 535 77
566 2 1 2 3 4 1 0 301 64
567 5 4 1 5 1 4 3 5 2 243 26
568 4 0 1 6 3 0 2 5 4 1 288 80
569 5 4 1 3 2 4 0 120 58
570 2 0 4 5 1 3 2 5 0 256 20
571 2 1 2 5 2 3 4 0 1 462 39
572 2 1 3 6 2 3 5 0 4 1 409 59
573 5 4 5 5 3 0 2 4 1 213 22
574 5 0 2 4 0 1 2 3 238 58
575 4 0 5 6 4 0 1 5 2 3 214 50
576 2 4 2 5 5 0 1 4 3 399 81
577 2 1 4 3 3 5 4 85 42
578 2 4 2 3 1 0 4 452 18
579 5 0 5 4 0 3 4 5 124 36
580 2 1 6 3 2 5 1 323 15
581 4 0 2 6 0 5 2 4 1 3 263 67
582 4 1 1 4 0 2 1 4 467 50
583 5 0 3 5 1 4 3 0 2 210 63
584 2 1 3 4 3 0 2 4 221 64
585 2 1 2 3 0 5 4 456 64
586 2 4 6 3 0 2 3 483 96
587 2 0 1 3 3 5 0 538 44
588 2 1 2 3 3 5 4 85 42
589 5 4 2 6 5 1 0 4 2 3 57 58
590 2 1 3 6 4 5 1 3 0 2 333 71
591 5 1 2 4 2 4 0 1 302 20
592 5 4 2 6 4 0 2 1 3 5 166 99
593 4 0 2 6 4 1 5 2 0 3 197 15
594 2 4 6 5 4 0 5 1 3 390 93
595 5 4 2 5 2 4 1 5 0 250 47
596 5 0 4 4 1 0 2 3 304 90
597 5 4 3 4 3 5 2 4 86 82
598 5 0 4 5 1 4 3 0 2 210 63
599 5 1 3 4 2 5 0 1 107 44
600 5 4 2 3 2 4 0 120 58
68
601 5 4 4 5 2 4 1 5 0 250 47
602 2 1 2 3 3 0 5 302 91
603 4 0 1 6 5 2 1 0 3 4 442 54
604 2 1 1 4 5 0 4 2 876 51
605 2 1 3 3 2 5 1 323 15
606 5 1 2 4 0 3 2 4 193 23
607 2 4 2 3 5 0 2 166 48
608 4 0 1 6 4 1 0 5 2 3 517 84
609 5 4 2 6 5 1 0 4 2 3 57 58
610 2 1 2 6 4 5 1 3 0 2 333 71
611 2 4 6 3 3 1 2 341 31
612 5 4 1 3 1 5 2 253 79
613 4 1 1 4 0 2 1 4 467 50
614 5 4 2 6 0 1 3 4 5 2 301 65
615 5 0 5 5 2 1 3 4 0 307 84
616 5 4 2 5 1 3 0 5 2 146 77
617 2 4 1 6 0 1 3 4 5 2 354 80
618 5 0 5 5 2 3 1 4 0 416 70
619 5 0 4 4 3 4 2 5 47 55
620 2 0 5 3 0 3 5 354 92
621 4 0 1 6 2 5 4 3 1 0 535 77
622 2 4 1 5 4 0 5 1 3 390 93
623 5 1 6 4 5 2 0 3 189 89
624 5 1 2 6 4 1 5 2 3 0 160 58
625 5 1 6 3 4 0 1 172 59
626 2 0 3 5 0 4 1 2 5 575 76
627 5 0 2 5 1 4 3 0 2 210 63
628 4 1 3 4 0 2 1 4 467 50
629 5 0 3 6 5 1 2 4 0 3 112 90
630 4 0 4 4 5 2 1 3 176 43
631 2 0 3 3 3 5 0 538 44
632 4 0 3 4 5 2 1 3 176 43
633 5 0 3 4 5 4 2 0 330 33
634 2 0 6 5 4 0 2 3 1 311 52
635 2 4 7 6 3 5 0 2 1 4 313 80
636 2 4 3 3 3 1 2 341 31
637 4 0 2 6 4 1 0 5 2 3 517 84
638 2 1 2 3 4 1 0 301 64
639 4 1 3 5 3 2 4 1 5 353 56
640 2 1 1 6 4 5 1 3 0 2 333 71
641 5 4 4 6 4 0 2 1 3 5 166 99
642 5 4 3 6 5 1 0 4 2 3 57 58
643 5 4 2 6 2 5 4 1 0 3 144 74
644 4 0 2 3 2 3 4 505 45
645 5 4 1 6 2 5 0 3 1 4 272 100
646 5 4 3 6 3 0 5 2 4 1 210 80
647 5 1 4 5 5 4 1 0 2 244 56
648 5 0 3 5 1 4 3 0 2 210 63
649 4 1 5 4 0 3 5 1 89 83
650 2 0 4 3 2 1 3 539 12
651 4 1 7 5 3 2 4 1 5 353 56
652 4 0 1 5 5 1 4 2 3 373 68
653 2 4 3 6 4 2 0 1 5 3 687 19
654 2 1 2 6 0 5 4 1 2 3 186 72
655 2 1 3 4 4 5 2 0 133 74
656 5 1 1 6 0 1 3 2 5 4 115 53
657 5 0 2 6 2 0 1 5 3 4 383 32
658 2 4 2 5 2 5 1 4 0 588 33
659 2 1 2 3 3 5 4 85 42
660 2 1 3 4 3 2 0 5 97 69
661 5 0 3 6 5 1 2 4 0 3 112 90
662 2 4 2 4 1 5 3 0 455 79
663 5 0 2 4 5 0 4 3 122 88
664 2 4 2 5 4 0 3 2 1 213 43
665 5 0 5 4 1 0 2 3 304 90
666 5 1 3 3 0 5 4 42 35
667 4 0 3 4 5 2 1 3 176 43
668 5 0 4 5 0 5 4 3 2 19 31
65
669 5 0 1 4 1 0 2 3 304 90
670 2 1 1 5 2 3 4 0 1 462 39
671 4 0 6 6 2 5 4 3 1 0 535 77
672 2 4 2 6 3 5 0 2 1 4 313 80
673 2 0 1 3 5 4 0 461 74
674 4 1 2 6 5 2 0 3 4 1 440 56
675 5 0 3 5 1 4 3 0 2 210 63
676 5 0 1 5 2 3 1 4 0 416 70
677 4 0 1 4 5 2 1 3 176 43
678 5 1 1 6 2 5 1 3 0 4 261 95
679 2 1 1 4 3 0 2 4 221 64
680 4 1 1 5 4 0 2 1 3 382 38
681 5 1 1 4 2 4 0 1 302 20
682 2 1 1 3 3 5 4 85 42
683 5 0 1 6 3 5 0 2 4 1 99 48
684 5 0 3 6 5 1 2 4 0 3 112 90
685 2 4 1 6 5 4 3 0 1 2 597 65
686 2 0 6 3 3 5 0 538 44
687 5 1 2 4 5 2 0 3 189 89
688 2 4 2 6 3 5 1 0 4 2 363 73
689 2 0 1 3 2 1 3 539 12
690 2 0 5 4 4 5 0 3 765 36
691 5 0 2 6 3 1 2 4 5 0 385 56
692 4 1 1 6 5 2 0 3 4 1 440 56
693 2 1 1 4 3 2 0 5 97 69
694 2 0 1 3 3 5 0 538 44
695 5 0 2 3 1 4 2 165 58
696 5 4 2 5 2 4 1 5 0 250 47
697 5 0 1 6 3 4 1 5 0 2 120 55
698 5 0 3 5 1 3 0 2 5 296 79
699 5 4 2 6 3 0 5 2 4 1 210 80
700 2 0 3 5 0 4 1 2 5 575 76
701 4 0 2 4 5 3 2 4 108 46
702 2 0 2 3 2 5 3 23 10
703 5 1 5 6 4 1 5 2 3 0 160 58
704 2 1 1 4 4 3 1 2 226 96
705 2 0 4 5 1 3 2 5 0 256 20
706 2 1 1 6 1 5 3 0 4 2 151 78
707 5 4 1 6 5 1 0 4 2 3 57 58
708 2 0 2 3 2 1 3 539 12
709 4 1 3 3 5 4 1 166 89
710 2 4 1 3 5 0 2 166 48
711 4 1 5 5 3 2 4 1 5 353 56
712 4 1 3 5 3 2 4 1 5 353 56
713 5 4 4 6 5 1 0 4 2 3 57 58
714 2 0 3 3 0 3 5 354 92
715 5 4 6 4 1 0 2 5 313 67
716 5 4 1 3 2 1 0 183 21
717 5 0 3 3 1 4 2 165 58
718 5 0 1 6 3 0 5 4 1 2 419 43
719 4 0 3 6 0 2 5 3 1 4 356 57
720 5 0 3 6 5 4 0 2 1 3 262 55
721 5 4 2 4 0 2 4 3 25 72
722 2 1 2 4 5 1 3 2 562 92
723 2 4 3 5 4 0 3 2 1 213 43
724 5 4 3 6 3 0 5 2 4 1 210 80
725 2 4 7 3 3 1 2 341 31
726 4 0 2 4 3 2 0 5 589 20
727 5 0 2 4 1 0 2 3 304 90
728 2 0 2 6 4 3 5 2 1 0 255 35
729 2 1 2 4 5 3 4 0 297 17
730 4 1 2 6 2 1 5 3 4 0 127 23
731 4 0 4 4 5 2 1 3 176 43
732 4 1 2 4 0 2 5 3 253 25
733 2 0 2 5 4 0 2 3 1 311 52
71
734 5 0 1 4 5 0 4 3 122 88
735 2 4 1 3 0 2 3 483 96
736 4 0 6 6 2 5 4 3 1 0 535 77
737 5 0 1 3 4 5 1 250 42
738 5 0 1 6 5 4 0 2 1 3 262 55
739 4 0 1 4 2 0 4 5 441 82
740 5 4 2 4 1 4 2 0 152 62
741 2 4 2 5 4 0 3 2 1 213 43
742 4 0 2 4 3 0 2 1 196 96
743 2 0 2 3 2 1 3 539 12
744 2 1 1 6 5 2 4 0 3 1 106 40
745 5 4 1 5 4 5 0 2 3 216 57
746 2 1 2 5 2 3 4 0 1 462 39
747 2 1 2 3 0 5 4 456 64
748 5 4 2 3 2 4 0 120 58
749 4 1 3 5 1 2 0 4 5 215 12
750 2 4 4 3 5 0 2 166 48
751 5 0 2 6 5 1 2 4 0 3 112 90
752 2 4 2 4 3 5 0 4 654 78
753 5 0 1 5 1 3 0 2 5 296 79
754 5 0 4 6 3 1 2 4 5 0 385 56
755 2 1 2 3 0 5 4 456 64
756 5 1 1 5 5 0 2 3 1 295 60
757 5 1 3 5 5 4 0 1 3 168 52
758 5 0 2 6 3 2 1 0 5 4 343 76
759 5 0 1 6 5 4 0 2 1 3 262 55
760 2 1 3 6 5 2 4 0 3 1 106 40
761 5 1 1 5 0 3 2 4 1 242 21
762 4 1 4 4 4 3 2 0 217 16
763 5 0 2 4 1 0 2 3 304 90
764 4 1 3 5 1 2 0 4 5 215 12
765 5 4 3 5 1 3 0 5 2 146 77
766 5 1 1 4 0 3 2 4 193 23
767 4 0 1 6 0 5 2 4 1 3 263 67
768 4 0 1 4 3 0 5 1 162 83
769 5 0 3 5 0 5 4 3 2 19 31
770 4 1 1 5 1 2 0 4 5 215 12
771 2 4 2 5 4 0 5 1 3 390 93
772 5 1 4 6 2 5 1 3 0 4 261 95
773 4 1 1 4 0 2 5 3 253 25
774 5 0 2 5 0 2 5 3 1 73 64
775 5 1 3 4 2 4 0 1 302 20
776 5 4 2 6 2 5 0 3 1 4 272 100
777 5 4 1 6 0 1 3 4 5 2 301 65
778 2 0 2 3 2 1 3 539 12
779 2 1 2 4 3 0 2 4 221 64
780 2 0 3 3 2 5 3 23 10
781 5 0 5 5 0 5 4 3 2 19 31
782 4 1 1 5 4 0 2 1 3 382 38
783 2 1 2 4 4 3 1 2 226 96
784 4 0 2 4 1 4 0 5 222 49
785 4 1 4 6 5 2 0 3 4 1 440 56
786 5 0 8 5 1 3 0 2 5 296 79
787 5 1 2 6 2 5 1 3 0 4 261 95
788 4 0 2 6 5 2 1 0 3 4 442 54
789 5 1 3 4 2 5 0 1 107 44
790 2 4 2 5 5 0 1 4 3 399 81
791 5 4 4 6 5 1 0 4 2 3 57 58
792 4 0 3 3 2 1 3 561 34
793 2 4 3 4 3 0 5 4 455 55
794 5 0 3 5 2 3 1 4 0 416 70
795 5 0 3 4 5 4 2 0 330 33
796 2 0 2 3 5 4 0 461 74
797 2 0 1 5 5 2 4 3 0 309 86
798 2 1 2 4 4 3 1 2 226 96
799 5 4 2 3 2 4 0 120 58
800 2 4 4 3 0 2 3 483 96
801 5 0 2 5 2 1 3 4 0 307 84
802 2 0 2 3 5 4 0 461 74
803 4 1 2 6 5 2 0 3 4 1 440 56
804 2 4 3 3 3 2 1 354 46
86
805 4 0 1 4 2 0 4 5 441 82
806 4 0 4 6 3 0 5 1 2 4 327 40
807 2 0 3 6 0 1 3 2 4 5 1001 58
808 5 1 1 3 2 1 5 150 72
809 5 1 1 3 4 0 1 172 59
810 5 1 3 6 0 1 3 2 5 4 115 53
811 2 1 5 4 4 3 1 2 226 96
812 2 1 1 4 4 3 1 2 226 96
813 5 1 1 4 4 3 2 0 151 12
814 2 4 1 5 5 4 2 1 3 314 84
815 4 1 2 5 3 2 4 1 5 353 56
816 5 0 5 5 1 4 3 0 2 210 63
817 5 1 1 5 0 3 2 4 1 242 21
818 2 0 1 5 1 3 2 5 0 256 20
819 5 4 2 6 2 5 0 3 1 4 272 100
820 4 1 1 6 5 2 0 3 4 1 440 56
821 2 1 1 6 4 5 1 3 0 2 333 71
822 2 0 1 4 4 2 5 0 461 50
823 2 4 2 5 4 0 5 1 3 390 93
824 2 0 2 5 1 3 2 5 0 256 20
825 4 0 1 5 5 1 4 2 3 373 68
826 4 0 5 6 0 5 2 4 1 3 263 67
827 5 0 2 3 1 4 2 165 58
828 2 4 1 5 2 5 1 4 0 588 33
829 2 0 3 4 3 2 1 4 825 30
830 5 0 3 6 2 0 1 5 3 4 383 32
831 4 1 1 4 0 2 5 3 253 25
832 2 4 3 5 2 5 1 4 0 588 33
833 5 1 3 4 0 3 2 4 193 23
834 5 4 2 5 4 5 0 2 3 216 57
835 2 4 3 4 1 5 3 0 455 79
836 4 0 4 6 0 2 5 3 1 4 356 57
837 5 1 2 4 3 5 2 4 142 43
838 2 1 5 6 5 2 4 0 3 1 106 40
839 2 4 2 5 2 5 1 4 0 588 33
840 2 0 1 6 5 3 1 4 0 2 294 19
841 5 4 2 6 4 0 2 1 3 5 166 99
842 4 0 4 6 0 5 2 4 1 3 263 67
843 4 0 3 5 5 1 4 2 3 373 68
844 5 4 2 5 4 5 0 2 3 216 57
845 2 0 2 5 2 1 3 4 0 433 49
846 4 0 2 6 4 1 0 5 2 3 517 84
847 5 1 2 5 5 0 2 3 1 295 60
848 4 0 3 6 0 5 2 4 1 3 263 67
849 4 1 5 4 4 3 2 0 217 16
850 4 1 2 4 5 2 4 1 253 18
851 4 1 2 5 1 4 0 5 3 205 71
852 4 0 1 6 4 1 0 5 2 3 517 84
853 2 0 2 5 4 0 2 3 1 311 52
854 5 4 3 3 2 5 3 351 67
855 5 1 1 4 0 3 2 4 193 23
856 2 4 1 5 5 4 2 1 3 314 84
857 4 0 2 6 3 0 2 5 4 1 288 80
858 2 4 1 6 3 5 1 0 4 2 363 73
859 4 1 2 6 5 4 3 1 0 2 55 73
860 5 4 2 5 5 3 1 0 4 173 12
861 5 1 4 5 4 2 1 3 5 58 44
862 2 1 3 3 3 2 0 207 55
863 2 0 3 5 4 5 1 0 3 337 16
864 5 0 2 5 1 3 0 2 5 296 79
865 4 0 4 6 3 0 5 1 2 4 327 40
866 4 0 3 6 3 0 5 1 2 4 327 40
867 5 1 1 6 2 5 1 3 0 4 261 95
868 5 0 2 5 0 2 5 3 1 73 64
869 5 4 3 6 4 0 2 1 3 5 166 99
870 5 1 3 3 5 3 4 268 19
871 5 4 5 5 5 3 1 0 4 173 12
872 5 0 4 6 5 1 2 4 0 3 112 90
873 5 1 2 5 4 2 1 3 5 58 44
874 5 0 2 4 0 3 4 5 124 36
875 5 1 4 6 0 1 3 2 5 4 115 53
876 5 1 2 3 0 5 4 42 35
877 5 4 1 5 3 0 2 4 1 213 22
878 5 4 3 3 2 5 3 351 67
879 4 0 2 4 3 0 5 1 162 83
880 4 0 3 6 0 5 2 4 1 3 263 67
881 4 0 2 4 5 2 1 3 176 43
882 5 0 4 4 3 4 2 5 47 55
883 4 0 3 4 5 3 2 4 108 46
884 2 0 3 3 5 4 0 461 74
885 4 0 7 3 2 1 3 561 34
886 2 0 9 6 5 3 1 4 0 2 294 19
887 2 4 2 4 1 5 3 0 455 79
888 4 0 2 5 5 1 4 2 3 373 68
889 5 4 1 6 0 1 3 4 5 2 301 65
890 4 1 2 3 3 1 2 365 83
68
891 2 1 1 3 2 5 0 210 67
892 2 0 1 5 4 5 1 0 3 337 16
893 4 1 1 4 0 2 1 4 467 50
894 5 0 1 6 3 1 2 4 5 0 385 56
895 2 4 1 3 1 4 2 32 27
896 5 4 1 5 3 0 2 4 1 213 22
897 5 0 3 3 4 5 1 250 42
898 2 0 3 3 0 3 5 354 92
899 5 0 1 5 1 4 3 0 2 210 63
900 5 4 3 6 0 1 3 4 5 2 301 65
901 2 0 3 5 3 4 5 1 2 211 98
902 2 0 2 3 2 1 3 539 12
903 2 1 2 5 2 3 4 0 1 462 39
904 2 4 1 6 3 5 0 2 1 4 313 80
905 5 1 1 5 4 2 1 3 5 58 44
906 2 0 3 5 2 1 3 4 0 433 49
907 4 1 6 3 3 1 2 365 83
908 5 4 4 6 0 1 3 4 5 2 301 65
909 2 4 1 5 5 4 2 1 3 314 84
910 5 4 2 6 1 3 4 2 0 5 266 81
911 4 1 3 6 5 2 0 3 4 1 440 56
912 5 4 5 6 5 1 0 4 2 3 57 58
913 2 4 2 5 4 0 3 2 1 213 43
914 5 0 1 4 5 4 2 0 330 33
915 2 0 7 3 3 5 0 538 44
916 5 4 1 5 5 3 1 0 4 173 12
917 2 1 2 4 4 3 1 2 226 96
918 4 1 2 4 0 3 5 1 89 83
919 5 4 4 4 0 2 4 3 25 72
920 5 0 1 6 0 2 3 1 4 5 342 87
921 5 0 1 6 3 4 1 5 0 2 120 55
922 5 1 1 4 0 3 2 4 193 23
923 4 1 4 3 5 4 1 166 89
924 2 4 2 6 3 5 0 2 1 4 313 80
925 5 4 4 5 3 0 2 4 1 213 22
926 5 0 2 5 1 4 3 0 2 210 63
927 4 0 4 5 5 1 4 2 3 373 68
928 5 0 1 5 0 5 4 3 2 19 31
929 4 0 4 6 3 0 5 1 2 4 327 40
930 5 1 7 5 0 3 2 4 1 242 21
931 2 4 2 5 4 0 5 1 3 390 93
932 5 0 2 6 5 4 0 2 1 3 262 55
933 5 1 1 3 0 3 2 306 21
934 5 0 3 6 3 1 2 4 5 0 385 56
935 5 1 3 4 2 5 0 1 107 44
936 2 0 1 3 0 3 5 354 92
937 5 1 5 5 4 1 2 3 0 175 39
938 4 1 1 4 0 2 1 4 467 50
939 2 4 3 5 4 0 3 2 1 213 43
940 4 0 1 4 5 3 2 4 108 46
941 5 4 2 6 2 5 0 3 1 4 272 100
942 4 0 4 4 3 2 0 5 589 20
943 5 4 4 5 1 4 3 5 2 243 26
944 4 1 2 5 4 0 2 1 3 382 38
945 5 4 2 6 4 0 2 1 3 5 166 99
946 4 0 2 4 3 0 5 1 162 83
947 2 1 10 4 4 5 2 0 133 74
948 5 0 4 4 5 0 4 3 122 88
949 5 0 2 4 5 0 4 3 122 88
950 5 1 2 3 5 3 4 268 19
951 5 1 1 4 5 2 0 3 189 89
952 5 4 9 5 5 3 1 0 4 173 12
953 4 0 3 4 3 2 0 5 589 20
954 2 4 2 5 4 0 3 2 1 213 43
955 2 0 2 6 4 3 5 2 1 0 255 35
956 2 0 4 4 4 2 5 0 461 50
957 5 1 3 3 0 3 2 306 21
958 5 1 4 5 0 3 2 4 1 242 21
92
959 5 4 1 3 2 1 0 183 21
960 2 4 4 3 1 0 4 452 18
961 4 1 1 3 5 4 1 166 89
962 2 0 2 4 2 5 4 3 419 48
963 4 0 4 6 3 0 5 1 2 4 327 40
964 2 0 1 5 1 3 2 5 0 256 20
965 2 4 1 3 1 4 2 32 27
966 2 4 2 4 3 5 0 4 654 78
967 2 0 2 5 1 3 2 5 0 256 20
968 5 1 1 6 4 1 5 2 3 0 160 58
969 2 4 1 6 0 1 3 4 5 2 354 80
970 4 0 2 4 5 2 1 3 176 43
971 2 1 2 6 4 5 1 3 0 2 333 71
972 2 4 2 3 3 2 1 354 46
973 5 1 4 5 4 2 1 3 5 58 44
974 2 0 1 5 1 3 2 5 0 256 20
975 5 0 2 4 5 4 2 0 330 33
976 5 1 6 6 4 1 5 2 3 0 160 58
977 2 1 2 6 5 2 4 0 3 1 106 40
978 5 4 1 6 2 5 0 3 1 4 272 100
979 2 0 1 3 2 5 3 23 10
980 5 1 2 3 5 3 4 268 19
981 5 1 2 6 2 5 1 3 0 4 261 95
982 5 4 1 5 5 3 1 0 4 173 12
983 5 4 2 4 0 2 4 3 25 72
984 5 1 1 3 4 0 1 172 59
985 2 1 1 3 3 2 0 207 55
986 2 1 2 3 3 2 0 207 55
987 5 1 1 4 2 3 1 5 143 85
988 2 0 2 5 3 4 5 1 2 211 98
989 5 0 2 4 0 1 2 3 238 58
990 4 1 1 5 3 2 4 1 5 353 56
991 5 4 1 5 4 5 0 2 3 216 57
992 5 1 3 3 2 1 5 150 72
993 5 4 1 4 3 5 2 4 86 82
994 4 0 7 4 3 2 0 5 589 20
995 4 1 2 5 0 3 2 5 4 263 12
996 4 1 1 5 0 3 2 5 4 263 12
997 5 4 1 5 2 4 1 5 0 250 47
998 5 1 5 4 5 2 0 3 189 89
999 2 1 1 3 3 2 0 207 55
1000 5 1 5 5 4 2 1 3 5 58 44
1001 5 4 1 6 3 0 5 2 4 1 210 80
1002 4 1 2 6 4 5 1 0 2 3 586 88
1003 5 0 7 5 1 3 0 2 5 296 79
1004 4 1 1 3 0 2 1 300 74
1005 4 1 1 5 3 5 4 2 1 109 15
1006 2 1 2 6 1 5 3 0 4 2 151 78
1007 5 1 3 4 2 3 1 5 143 85
1008 4 0 2 6 2 5 4 3 1 0 535 77
1009 5 0 6 6 3 5 0 2 4 1 99 48
1010 5 4 4 3 4 5 2 230 16
1011 2 4 1 6 2 3 0 1 5 4 336 99
1012 2 0 1 3 2 5 3 23 10
1013 5 4 1 6 3 0 5 2 4 1 210 80
1014 4 1 2 5 4 0 2 1 3 382 38
1015 5 1 4 3 5 3 4 268 19
1016 5 0 2 6 3 0 5 4 1 2 419 43
1017 5 1 4 4 4 3 2 0 151 12
1018 2 4 2 4 3 5 0 4 654 78
1019 5 1 1 4 5 2 0 3 189 89
1020 2 4 3 3 3 1 2 341 31
1021 5 0 3 4 5 4 2 0 330 33
1022 2 4 1 5 2 5 1 4 0 588 33
1023 4 1 1 3 5 4 1 166 89
1024 4 1 5 6 2 1 5 3 4 0 127 23
1025 4 1 2 5 0 3 2 5 4 263 12
1026 2 4 2 6 5 4 3 0 1 2 597 65
1027 5 0 5 6 3 2 1 0 5 4 343 76
1028 2 4 3 6 3 5 1 0 4 2 363 73
1029 4 1 1 6 4 5 1 0 2 3 586 88
1030 2 4 2 5 4 0 3 2 1 213 43
1031 5 4 2 6 2 5 4 1 0 3 144 74
1032 2 1 2 6 4 5 1 3 0 2 333 71
1033 5 4 1 6 5 1 0 4 2 3 57 58
1034 2 4 2 5 4 0 5 1 3 390 93
1035 4 0 1 4 1 4 5 3 402 85
1036 2 1 2 6 1 5 3 0 4 2 151 78
1037 4 0 9 4 1 4 5 3 402 85
1038 5 0 5 5 2 3 1 4 0 416 70
1039 4 1 2 5 1 4 0 5 3 205 71
1040 4 1 5 6 5 2 0 3 4 1 440 56
1041 5 1 4 6 0 1 3 2 5 4 115 53
1042 5 1 9 5 5 4 1 0 2 244 56
1043 2 4 1 6 3 5 1 0 4 2 363 73
1044 2 1 3 4 4 5 2 0 133 74
1045 2 4 3 3 1 4 2 32 27
1046 2 1 2 4 3 0 2 4 221 64
1047 2 4 3 5 5 4 2 1 3 314 84
1048 5 4 3 6 0 1 3 4 5 2 301 65
1049 5 1 2 5 0 3 2 4 1 242 21
1050 5 4 3 4 0 2 4 3 25 72
73
1051 5 4 1 5 4 5 0 2 3 216 57
1052 5 4 1 6 0 1 3 4 5 2 301 65
1053 5 4 5 6 1 3 4 2 0 5 266 81
1054 2 4 2 6 2 3 0 1 5 4 336 99
1055 4 0 1 4 5 3 2 4 108 46
1056 2 0 1 5 0 4 1 2 5 575 76
1057 5 0 2 6 3 2 1 0 5 4 343 76
1058 2 4 2 5 2 5 1 4 0 588 33
1059 4 1 2 5 3 5 4 2 1 109 15
1060 2 4 1 3 3 1 2 341 31
1061 4 1 2 3 0 2 1 300 74
1062 5 1 4 4 2 4 0 1 302 20
1063 2 0 1 4 3 2 1 4 825 30
1064 2 0 1 5 0 3 1 4 5 772 97
1065 5 1 1 4 5 2 0 1 151 11
1066 5 1 1 3 0 3 2 306 21
1067 5 4 2 4 0 2 4 3 25 72
1068 4 0 3 4 3 0 5 1 162 83
1069 5 4 2 3 1 2 0 156 25
1070 2 1 3 5 2 3 4 0 1 462 39
1071 2 4 1 4 3 5 0 4 654 78
1072 2 1 2 4 5 0 4 2 876 51
1073 5 0 3 4 0 1 2 3 238 58
1074 4 0 5 6 4 1 0 5 2 3 517 84
1075 5 4 2 3 4 5 2 230 16
1076 5 1 1 5 5 0 2 3 1 295 60
1077 2 1 2 6 5 2 4 0 3 1 106 40
1078 2 0 1 6 5 3 1 4 0 2 294 19
1079 5 0 4 4 1 0 2 3 304 90
1080 2 1 1 6 0 5 4 1 2 3 186 72
1081 5 0 2 4 1 0 2 3 304 90
1082 5 1 1 4 5 2 0 3 189 89
1083 2 1 3 4 5 0 4 2 876 51
1084 2 0 1 5 5 2 4 3 0 309 86
1085 2 0 2 6 5 3 1 4 0 2 294 19
1086 5 1 2 4 5 2 0 3 189 89
1087 4 0 4 4 1 4 5 3 402 85
1088 2 1 1 5 2 3 4 0 1 462 39
1089 2 4 3 6 2 3 0 1 5 4 336 99
1090 4 0 5 4 1 4 5 3 402 85
1091 4 1 1 6 2 1 5 3 4 0 127 23
1092 2 1 2 3 0 5 4 456 64
1093 2 1 2 4 3 2 0 5 97 69
1094 2 1 2 3 2 5 0 210 67
1095 2 0 3 3 2 5 3 23 10
1096 2 4 2 5 5 4 2 1 3 314 84
1097 5 1 1 6 0 1 3 2 5 4 115 53
1098 4 1 1 4 5 2 4 1 253 18
1099 2 4 3 6 3 5 0 2 1 4 313 80
1100 4 0 1 6 3 0 2 5 4 1 288 80
1101 2 4 1 4 1 5 3 0 455 79
1102 2 1 2 6 5 2 4 0 3 1 106 40
1103 2 0 2 5 0 4 1 2 5 575 76
1104 5 4 1 5 1 3 0 5 2 146 77
1105 2 1 2 4 4 5 2 0 133 74
1106 4 1 2 5 1 4 0 5 3 205 71
1107 4 0 4 6 2 5 1 4 3 0 127 51
1108 4 1 4 5 1 4 0 5 3 205 71
1109 2 4 2 4 3 0 5 4 455 55
1110 5 0 2 6 3 2 1 0 5 4 343 76
1111 2 1 2 4 3 2 0 5 97 69
1112 2 0 3 4 3 5 0 1 433 42
1113 5 1 2 4 2 4 0 1 302 20
1114 4 1 2 6 5 2 0 3 4 1 440 56
1115 5 0 4 4 0 3 4 5 124 36
1116 2 0 5 5 4 5 1 0 3 337 16
1117 2 4 7 6 3 5 0 2 1 4 313 80
1118 5 4 5 6 5 1 0 4 2 3 57 58
1119 2 4 2 3 0 2 3 483 96
1120 4 0 2 6 3 0 2 5 4 1 288 80
1121 5 1 2 4 2 4 0 1 302 20
1122 4 1 3 3 0 2 1 300 74
1123 4 0 4 5 1 2 4 0 3 359 32
80
1124 5 0 1 6 5 4 0 2 1 3 262 55
1125 2 4 1 3 3 2 1 354 46
1126 5 0 2 4 0 1 2 3 238 58
1127 4 0 4 5 1 2 4 0 3 359 32
1128 4 1 1 5 0 3 2 5 4 263 12
1129 4 1 2 4 5 2 4 1 253 18
1130 5 1 1 5 5 4 1 0 2 244 56
1131 2 1 3 4 3 0 2 4 221 64
1132 4 1 3 5 1 4 0 5 3 205 71
1133 4 0 3 6 4 1 5 2 0 3 197 15
1134 2 1 4 4 3 0 2 4 221 64
1135 4 1 1 4 0 2 1 4 467 50
1136 2 4 4 5 3 5 1 0 4 125 23
1137 4 1 2 4 5 2 4 1 253 18
1138 4 1 3 4 0 3 5 1 89 83
1139 4 0 1 6 0 5 2 4 1 3 263 67
1140 2 4 1 5 5 4 2 1 3 314 84
1141 2 1 2 3 3 0 5 302 91
1142 2 1 2 6 1 5 3 0 4 2 151 78
1143 5 1 6 4 5 2 4 3 228 60
1144 2 0 2 4 4 2 5 0 461 50
1145 2 0 1 3 0 3 5 354 92
1146 5 0 4 6 2 0 1 5 3 4 383 32
1147 5 1 2 4 2 5 0 1 107 44
1148 4 0 2 4 5 2 1 3 176 43
1149 4 0 3 6 5 2 1 0 3 4 442 54
1150 5 0 6 6 5 1 2 4 0 3 112 90
1151 5 4 5 6 5 1 0 4 2 3 57 58
1152 5 1 1 5 5 0 2 3 1 295 60
1153 2 1 1 6 1 5 3 0 4 2 151 78
1154 4 1 3 6 2 1 5 3 4 0 127 23
1155 4 0 1 6 3 0 2 5 4 1 288 80
1156 5 1 3 4 5 2 0 3 189 89
1157 5 0 3 3 4 5 1 250 42
1158 2 4 2 5 4 0 3 2 1 213 43
1159 4 1 2 3 3 1 2 365 83
1160 5 1 5 5 5 4 1 0 2 244 56
1161 5 4 2 5 1 3 0 5 2 146 77
1162 5 4 2 5 2 4 3 0 5 259 31
1163 2 0 1 5 1 3 2 5 0 256 20
1164 4 1 4 4 0 2 1 4 467 50
1165 5 4 1 5 1 4 3 5 2 243 26
1166 2 1 2 4 4 3 1 2 226 96
1167 2 4 2 6 5 4 3 0 1 2 597 65
1168 2 1 1 6 1 5 3 0 4 2 151 78
1169 2 0 2 4 4 2 5 0 461 50
1170 2 0 5 5 1 3 2 5 0 256 20
1171 4 1 5 5 3 1 5 2 4 335 97
1172 4 0 5 5 5 1 4 2 3 373 68
1173 5 1 3 3 0 5 4 42 35
1174 4 0 1 4 3 2 0 5 589 20
1175 2 0 2 5 3 4 5 1 2 211 98
1176 5 0 6 5 2 3 1 4 0 416 70
1177 2 4 4 6 5 4 3 0 1 2 597 65
1178 4 0 1 4 3 0 5 1 162 83
1179 5 0 3 4 5 0 4 3 122 88
1180 5 1 9 4 3 5 2 4 142 43
1181 4 1 2 4 0 2 1 4 467 50
1182 4 1 1 6 5 4 3 1 0 2 55 73
1183 5 0 5 6 5 4 0 2 1 3 262 55
1184 2 1 2 4 5 1 3 2 562 92
1185 2 0 2 5 3 4 5 1 2 211 98
1186 5 0 2 5 1 4 3 0 2 210 63
1187 2 1 4 4 4 3 1 2 226 96
1188 2 0 6 3 0 3 5 354 92
1189 4 0 2 3 2 3 4 505 45
1190 5 1 2 6 2 5 1 3 0 4 261 95
1191 5 1 2 4 3 5 2 4 142 43
1192 2 1 3 6 2 3 5 0 4 1 409 59
1193 2 4 1 4 3 5 0 4 654 78
1194 5 0 6 5 0 2 5 3 1 73 64
1195 2 1 4 6 2 3 5 0 4 1 409 59
1196 5 4 2 6 2 5 0 3 1 4 272 100
1197 4 1 6 3 3 1 2 365 83
1198 5 4 2 5 3 0 2 4 1 213 22
1199 2 4 3 5 5 4 2 1 3 314 84
1200 2 4 3 3 0 2 3 483 96
1201 5 4 3 4 1 0 2 5 313 67
1202 5 1 2 3 0 3 2 306 21
1203 2 4 2 3 3 1 2 341 31
67
1204 5 0 1 6 0 2 3 1 4 5 342 87
1205 4 1 1 4 0 2 1 4 467 50
1206 5 0 1 4 3 4 2 5 47 55
1207 5 0 4 6 3 2 1 0 5 4 343 76
1208 4 0 1 6 4 0 1 5 2 3 214 50
1209 4 0 1 3 2 3 4 505 45
1210 2 4 3 6 3 5 0 2 1 4 313 80
1211 5 0 1 5 2 3 1 4 0 416 70
1212 4 0 3 6 4 0 1 5 2 3 214 50
1213 5 1 1 4 0 3 2 4 193 23
1214 2 4 2 5 5 0 1 4 3 399 81
1215 4 0 2 6 0 5 2 4 1 3 263 67
1216 4 0 4 6 3 0 2 5 4 1 288 80
1217 5 0 2 4 3 4 2 5 47 55
1218 5 4 1 5 4 5 0 2 3 216 57
1219 2 1 1 4 5 3 4 0 297 17
1220 4 0 1 4 5 3 2 4 108 46
1221 5 1 1 3 0 5 4 42 35
1222 4 0 1 4 1 4 5 3 402 85
1223 2 1 1 4 4 3 1 2 226 96
1224 5 4 1 5 2 4 1 5 0 250 47
1225 5 1 2 6 0 1 3 2 5 4 115 53
1226 2 0 3 5 1 3 2 5 0 256 20
1227 4 0 2 4 1 4 0 5 222 49
1228 4 1 1 3 3 1 2 365 83
1229 5 4 4 3 2 5 3 351 67
1230 2 4 1 3 5 0 2 166 48
1231 2 1 5 4 3 0 2 4 221 64
1232 4 1 2 5 3 5 4 2 1 109 15
1233 2 0 1 3 3 5 0 538 44
1234 5 1 4 4 3 5 2 4 142 43
1235 5 4 3 3 1 5 2 253 79
1236 2 4 2 6 0 1 3 4 5 2 354 80
1237 5 4 2 4 1 4 2 0 152 62
1238 2 4 1 5 3 5 1 0 4 125 23
1239 4 1 4 4 1 3 0 4 368 56
1240 5 4 1 3 1 5 2 253 79
1241 2 4 3 6 4 2 0 1 5 3 687 19
1242 2 0 3 4 2 5 4 3 419 48
1243 5 1 5 4 4 3 2 0 151 12
1244 4 0 2 4 1 4 0 5 222 49
1245 2 0 5 3 5 4 0 461 74
1246 4 1 2 4 0 3 5 1 89 83
1247 2 0 1 3 3 5 0 538 44
1248 4 1 1 5 0 3 2 5 4 263 12
1249 5 1 5 3 4 0 1 172 59
1250 2 1 1 4 3 2 0 5 97 69
1251 5 1 1 5 5 0 2 3 1 295 60
1252 5 4 4 3 2 1 0 183 21
1253 2 4 2 4 1 5 3 0 455 79
1254 5 1 5 6 4 1 5 2 3 0 160 58
1255 5 1 2 4 2 3 1 5 143 85
1256 2 4 2 6 0 1 3 4 5 2 354 80
1257 2 4 4 5 4 0 3 2 1 213 43
1258 2 4 2 5 5 4 2 1 3 314 84
1259 4 1 1 6 2 1 5 3 4 0 127 23
1260 4 1 2 4 0 2 1 4 467 50
1261 5 0 4 6 3 0 5 4 1 2 419 43
1262 5 4 7 3 1 5 2 253 79
1263 2 1 5 3 2 5 0 210 67
1264 2 0 2 5 3 4 5 1 2 211 98
1265 2 0 3 4 4 5 0 3 765 36
1266 2 4 4 6 5 4 3 0 1 2 597 65
1267 5 0 2 5 2 1 3 4 0 307 84
1268 4 1 2 5 4 0 2 1 3 382 38
1269 4 0 2 6 0 5 2 4 1 3 263 67
1270 2 4 2 5 3 5 1 0 4 125 23
64
1271 5 4 3 3 2 1 0 183 21
1272 2 0 1 3 2 1 3 539 12
1273 5 4 1 4 1 0 2 5 313 67
1274 2 1 3 4 3 2 0 5 97 69
1275 4 1 3 6 4 5 1 0 2 3 586 88
1276 4 0 1 6 5 4 1 2 3 0 496 59
1277 5 0 3 6 2 0 1 5 3 4 383 32
1278 5 4 1 4 1 0 2 5 313 67
1279 2 0 1 3 0 3 5 354 92
1280 5 4 2 4 0 2 4 3 25 72
1281 2 1 1 4 5 1 3 2 562 92
1282 5 0 2 3 4 5 1 250 42
1283 2 0 1 3 2 1 3 539 12
1284 4 0 1 6 2 5 1 4 3 0 127 51
1285 5 0 1 5 1 4 3 0 2 210 63
1286 5 0 5 4 0 1 2 3 238 58
1287 2 1 1 6 4 5 1 3 0 2 333 71
1288 5 0 1 4 5 0 4 3 122 88
1289 5 0 1 4 5 0 4 3 122 88
1290 5 4 4 6 2 5 4 1 0 3 144 74
1291 4 0 5 6 5 4 1 2 3 0 496 59
1292 5 4 4 6 2 5 4 1 0 3 144 74
1293 2 1 1 4 4 5 2 0 133 74
1294 5 1 2 4 2 4 0 1 302 20
1295 2 4 2 6 5 4 3 0 1 2 597 65
1296 5 1 3 3 4 0 1 172 59
1297 5 1 6 4 2 4 0 1 302 20
1298 2 0 4 3 0 3 5 354 92
1299 5 0 2 6 3 2 1 0 5 4 343 76
1300 2 0 3 5 1 3 2 5 0 256 20
1301 5 1 2 3 0 3 2 306 21
1302 5 4 1 5 1 3 0 5 2 146 77
1303 2 0 1 4 2 5 4 3 419 48
1304 2 0 3 4 3 2 1 4 825 30
1305 5 1 3 3 4 0 1 172 59
1306 2 0 2 6 5 3 1 4 0 2 294 19
1307 2 0 5 3 3 5 0 538 44
1308 4 1 2 5 3 1 5 2 4 335 97
1309 2 4 2 6 4 2 0 1 5 3 687 19
1310 5 0 5 4 0 3 4 5 124 36
1311 4 0 2 6 4 1 0 5 2 3 517 84
1312 4 0 4 6 5 2 1 0 3 4 442 54
1313 2 0 4 5 1 3 2 5 0 256 20
1314 4 1 4 4 0 3 5 1 89 83
1315 2 0 3 4 3 5 0 1 433 42
1316 4 1 2 3 3 5 1 101 70
1317 2 1 6 6 4 5 1 3 0 2 333 71
1318 2 1 2 4 4 3 1 2 226 96
1319 5 0 2 6 3 2 1 0 5 4 343 76
1320 2 1 4 6 0 5 4 1 2 3 186 72
1321 2 4 1 5 3 5 1 0 4 125 23
1322 5 1 2 4 2 3 1 5 143 85
1323 5 0 4 6 3 1 2 4 5 0 385 56
1324 5 4 2 5 5 3 1 0 4 173 12
1325 2 0 3 6 4 3 5 2 1 0 255 35
1326 4 0 2 3 2 1 3 561 34
1327 5 0 2 4 5 4 2 0 330 33
1328 5 1 4 3 5 3 4 268 19
1329 2 0 1 6 0 1 3 2 4 5 1001 58
1330 4 1 1 6 5 2 0 3 4 1 440 56
1331 5 0 2 6 3 4 1 5 0 2 120 55
1332 5 4 1 5 1 4 3 5 2 243 26
1333 5 0 2 5 2 1 3 4 0 307 84
1334 4 0 5 6 5 4 1 2 3 0 496 59
73
1335 2 4 1 3 1 4 2 32 27
1336 5 4 2 4 0 2 4 3 25 72
1337 4 1 4 3 3 1 2 365 83
1338 2 4 1 6 5 4 3 0 1 2 597 65
1339 2 0 1 6 0 1 3 2 4 5 1001 58
1340 4 1 1 5 0 3 2 5 4 263 12
1341 4 0 2 6 0 5 2 4 1 3 263 67
1342 2 0 3 4 3 2 1 4 825 30
1343 2 0 1 6 5 3 1 4 0 2 294 19
1344 2 4 2 5 2 5 1 4 0 588 33
1345 2 1 1 3 4 1 0 301 64
1346 5 1 2 5 5 4 1 0 2 244 56
1347 5 4 4 5 4 5 0 2 3 216 57
1348 5 4 4 6 0 1 3 4 5 2 301 65
1349 5 0 2 4 5 4 2 0 330 33
1350 4 1 1 5 1 2 0 4 5 215 12
1351 5 1 1 4 5 2 0 1 151 11
1352 5 0 2 6 3 1 2 4 5 0 385 56
1353 2 0 1 6 0 1 3 2 4 5 1001 58
1354 2 1 3 5 2 3 4 0 1 462 39
1355 4 0 2 3 2 1 3 561 34
1356 5 4 1 6 4 0 2 1 3 5 166 99
1357 2 1 1 6 0 5 4 1 2 3 186 72
1358 5 0 1 4 0 3 4 5 124 36
1359 2 4 3 5 4 0 5 1 3 390 93
1360 5 1 2 5 4 2 1 3 5 58 44
1361 5 0 1 5 2 3 1 4 0 416 70
1362 2 0 1 6 0 1 3 2 4 5 1001 58
1363 5 0 1 5 2 3 1 4 0 416 70
1364 5 4 1 5 2 4 3 0 5 259 31
1365 2 1 3 4 4 5 2 0 133 74
1366 5 4 3 5 3 0 2 4 1 213 22
1367 2 0 3 4 4 5 0 3 765 36
1368 4 1 2 5 4 0 2 1 3 382 38
1369 4 0 1 4 1 4 5 3 402 85
1370 4 1 2 3 0 2 1 300 74
1371 5 1 3 4 0 3 2 4 193 23
1372 5 4 1 6 0 1 3 4 5 2 301 65
1373 2 0 1 3 2 5 3 23 10
1374 4 0 1 6 2 5 4 3 1 0 535 77
1375 4 1 2 4 0 2 5 3 253 25
1376 2 0 2 5 4 5 1 0 3 337 16
1377 5 1 2 4 2 4 0 1 302 20
1378 2 0 2 5 5 2 4 3 0 309 86
1379 2 4 4 6 4 2 0 1 5 3 687 19
1380 5 1 4 4 2 4 0 1 302 20
1381 2 0 1 6 5 3 1 4 0 2 294 19
1382 4 1 5 3 3 1 2 365 83
1383 2 0 2 5 3 4 5 1 2 211 98
1384 2 1 6 3 0 5 4 456 64
1385 5 0 3 5 0 2 5 3 1 73 64
1386 2 0 1 6 4 3 5 2 1 0 255 35
1387 4 1 2 5 4 0 2 1 3 382 38
1388 5 1 3 4 5 2 0 3 189 89
1389 4 1 2 5 3 2 4 1 5 353 56
1390 4 0 1 4 3 2 0 5 589 20
1391 4 1 7 5 4 0 2 1 3 382 38
1392 5 0 9 6 2 0 1 5 3 4 383 32
1393 5 4 2 4 1 4 2 0 152 62
1394 5 1 1 5 4 1 2 3 0 175 39
1395 4 0 1 6 4 0 1 5 2 3 214 50
1396 5 1 4 3 0 3 2 306 21
1397 5 1 4 4 5 2 0 3 189 89
1398 4 1 2 4 1 3 0 4 368 56
1399 5 1 2 3 0 3 2 306 21
1400 2 0 5 6 0 1 3 2 4 5 1001 58
1401 4 0 5 6 3 0 5 1 2 4 327 40
1402 2 1 3 3 3 5 4 85 42
1403 5 4 3 6 5 1 0 4 2 3 57 58
1404 2 4 2 3 1 4 2 32 27
1405 5 0 2 5 2 1 3 4 0 307 84
1406 2 4 2 4 1 5 3 0 455 79
1407 2 1 7 6 2 3 5 0 4 1 409 59
73
1408 5 1 1 5 5 4 0 1 3 168 52
1409 2 0 4 5 2 1 3 4 0 433 49
1410 5 0 2 4 0 3 4 5 124 36
1411 2 4 2 6 5 4 3 0 1 2 597 65
1412 2 4 3 3 0 2 3 483 96
1413 2 1 3 4 5 0 4 2 876 51
1414 5 1 5 3 4 0 1 172 59
1415 5 4 2 3 2 1 0 183 21
1416 4 0 5 3 2 1 3 561 34
1417 5 0 2 4 0 1 2 3 238 58
1418 5 1 2 4 2 4 0 1 302 20
1419 2 4 2 6 4 2 0 1 5 3 687 19
1420 4 1 2 3 5 4 1 166 89
1421 2 4 2 3 3 1 2 341 31
1422 2 4 1 6 5 4 3 0 1 2 597 65
1423 5 1 10 3 5 3 4 268 19
1424 5 0 2 6 3 0 5 4 1 2 419 43
1425 4 1 2 5 3 2 4 1 5 353 56
1426 4 1 2 5 4 0 2 1 3 382 38
1427 5 4 5 6 2 5 4 1 0 3 144 74
1428 2 0 1 4 4 5 0 3 765 36
1429 5 4 3 6 0 1 3 4 5 2 301 65
1430 2 1 1 4 4 5 2 0 133 74
1431 5 4 5 4 3 5 2 4 86 82
1432 4 0 1 4 3 0 5 1 162 83
1433 4 1 3 3 0 2 1 300 74
1434 5 1 1 3 5 3 4 268 19
1435 5 4 5 5 3 0 2 4 1 213 22
1436 4 0 1 6 3 0 2 5 4 1 288 80
1437 5 4 1 3 2 5 3 351 67
1438 2 0 3 4 2 5 4 3 419 48
1439 2 0 3 3 2 1 3 539 12
1440 4 0 2 4 3 2 0 5 589 20
1441 2 4 1 4 3 5 0 4 654 78
1442 2 4 2 3 1 0 4 452 18
1443 5 0 2 6 5 1 2 4 0 3 112 90
1444 2 1 2 3 4 2 1 508 31
1445 2 4 4 3 3 2 1 354 46
1446 5 1 3 6 0 1 3 2 5 4 115 53
1447 5 1 1 4 3 5 2 4 142 43
1448 5 1 1 3 2 1 5 150 72
1449 4 1 1 4 4 3 2 0 217 16
1450 5 4 2 3 4 5 2 230 16
1451 4 0 2 6 5 2 1 0 3 4 442 54
1452 2 0 3 3 5 4 0 461 74
1453 2 1 4 6 5 2 4 0 3 1 106 40
1454 5 4 3 3 1 5 2 253 79
1455 4 1 1 4 0 2 1 4 467 50
1456 5 0 2 4 5 0 4 3 122 88
1457 5 1 1 3 5 3 4 268 19
1458 5 0 2 5 2 3 1 4 0 416 70
1459 5 4 1 3 1 5 2 253 79
1460 4 1 3 4 0 3 5 1 89 83
1461 2 0 6 6 4 3 5 2 1 0 255 35
1462 4 0 2 4 3 0 5 1 162 83
1463 2 1 1 4 4 3 1 2 226 96
1464 2 4 2 4 1 5 3 0 455 79
1465 2 0 2 5 2 1 3 4 0 433 49
1466 5 1 1 6 0 1 3 2 5 4 115 53
1467 5 0 1 3 1 4 2 165 58
1468 2 0 2 4 3 2 1 4 825 30
1469 4 0 5 6 3 0 5 1 2 4 327 40
1470 4 0 3 5 1 2 4 0 3 359 32
1471 2 1 4 4 3 0 2 4 221 64
1472 4 1 2 5 1 4 0 5 3 205 71
1473 2 0 2 4 3 2 1 4 825 30
1474 5 1 3 5 4 2 1 3 5 58 44
1475 2 1 3 3 4 2 1 508 31
1476 4 1 2 4 0 2 5 3 253 25
1477 2 0 3 4 3 2 1 4 825 30
1478 5 1 2 5 4 2 1 3 5 58 44
1479 4 1 3 4 0 2 1 4 467 50
1480 2 0 8 5 2 1 3 4 0 433 49
63
1481 4 0 2 4 3 0 2 1 196 96
1482 5 0 1 6 0 2 3 1 4 5 342 87
1483 2 4 2 6 0 1 3 4 5 2 354 80
1484 2 0 2 3 2 1 3 539 12
1485 4 1 1 4 0 2 1 4 467 50
1486 5 1 1 5 5 4 0 1 3 168 52
1487 5 0 3 6 3 1 2 4 5 0 385 56
1488 5 0 1 6 2 0 1 5 3 4 383 32
1489 5 4 4 5 4 5 0 2 3 216 57
1490 5 0 6 6 2 0 1 5 3 4 383 32
1491 5 1 3 5 0 3 2 4 1 242 21
1492 5 4 1 3 4 5 2 230 16
1493 4 0 1 6 2 5 4 3 1 0 535 77
1494 2 0 3 6 4 3 5 2 1 0 255 35
1495 4 0 3 6 0 5 2 4 1 3 263 67
1496 5 1 2 4 0 3 2 4 193 23
1497 2 0 2 4 4 2 5 0 461 50
1498 5 1 4 4 5 2 4 3 228 60
1499 2 1 1 4 3 2 0 5 97 69
1500 5 4 2 6 0 1 3 4 5 2 301 65
1501 2 4 1 6 0 1 3 4 5 2 354 80
1502 5 1 3 4 2 3 1 5 143 85
1503 5 1 2 4 4 3 2 0 151 12
1504 5 0 2 5 0 2 5 3 1 73 64
1505 4 1 1 6 5 4 3 1 0 2 55 73
1506 4 1 1 5 1 4 0 5 3 205 71
1507 2 1 3 4 4 3 1 2 226 96
1508 4 0 4 4 5 3 2 4 108 46
1509 4 0 4 6 3 0 2 5 4 1 288 80
1510 5 1 4 3 4 0 1 172 59
1511 2 0 1 3 5 4 0 461 74
1512 5 1 2 4 4 3 2 0 151 12
1513 2 4 2 5 4 0 3 2 1 213 43
1514 5 1 1 4 2 3 1 5 143 85
1515 2 4 1 4 3 0 5 4 455 55
1516 4 0 2 3 2 1 3 561 34
1517 5 0 1 6 3 2 1 0 5 4 343 76
1518 5 0 2 5 2 3 1 4 0 416 70
1519 2 1 2 4 5 1 3 2 562 92
1520 5 4 2 3 4 5 2 230 16
1521 2 0 1 4 3 2 1 4 825 30
1522 4 0 1 4 3 0 2 1 196 96
1523 2 4 1 5 4 0 3 2 1 213 43
1524 5 0 3 6 0 2 3 1 4 5 342 87
1525 4 0 5 6 3 0 2 5 4 1 288 80
1526 4 1 7 3 5 4 1 166 89
1527 5 4 2 5 1 4 3 5 2 243 26
1528 4 0 1 6 2 5 4 3 1 0 535 77
1529 2 4 2 6 0 1 3 4 5 2 354 80
1530 2 4 3 5 3 5 1 0 4 125 23
1531 4 0 1 5 5 1 4 2 3 373 68
1532 5 0 2 5 0 2 5 3 1 73 64
1533 5 1 1 4 5 2 0 3 189 89
1534 4 0 2 5 5 1 4 2 3 373 68
1535 5 0 2 5 1 4 3 0 2 210 63
1536 4 1 5 4 1 3 0 4 368 56
1537 5 1 3 6 4 1 5 2 3 0 160 58
1538 4 1 4 4 1 3 0 4 368 56
1539 4 0 2 6 2 5 1 4 3 0 127 51
1540 2 4 2 3 3 2 1 354 46
1541 4 1 2 4 0 2 1 4 467 50
1542 2 0 4 6 4 3 5 2 1 0 255 35
1543 2 0 3 4 4 2 5 0 461 50
89
1544 4 1 5 4 4 3 2 0 217 16
1545 2 0 3 4 3 2 1 4 825 30
1546 5 4 1 3 1 2 0 156 25
1547 2 0 7 4 2 5 4 3 419 48
1548 2 1 2 3 0 5 4 456 64
1549 2 0 1 4 4 5 0 3 765 36
1550 2 1 2 4 4 3 1 2 226 96
1551 2 1 4 3 0 5 4 456 64
1552 5 4 4 4 1 4 2 0 152 62
1553 2 4 4 3 5 0 2 166 48
1554 4 1 1 3 0 2 1 300 74
1555 4 1 2 6 4 5 1 0 2 3 586 88
1556 4 1 2 4 1 3 0 4 368 56
1557 4 0 3 3 2 3 4 505 45
1558 2 4 2 3 1 4 2 32 27
1559 5 0 2 5 1 3 0 2 5 296 79
1560 5 4 1 6 4 0 2 1 3 5 166 99
1561 2 1 1 4 5 3 4 0 297 17
1562 2 4 1 6 3 5 0 2 1 4 313 80
1563 4 0 1 6 4 1 0 5 2 3 517 84
1564 2 1 2 4 3 2 0 5 97 69
1565 5 0 1 6 5 4 0 2 1 3 262 55
1566 2 1 3 4 5 0 4 2 876 51
1567 4 0 4 6 2 5 4 3 1 0 535 77
1568 2 1 5 5 2 3 4 0 1 462 39
1569 2 0 1 6 4 3 5 2 1 0 255 35
1570 4 0 2 6 3 0 5 1 2 4 327 40
1571 5 1 1 4 3 5 2 4 142 43
1572 2 0 2 5 0 3 1 4 5 772 97
1573 5 4 3 4 1 4 2 0 152 62
1574 4 0 2 5 5 1 4 2 3 373 68
1575 2 0 1 4 2 5 4 3 419 48
1576 2 4 6 6 0 1 3 4 5 2 354 80
1577 2 0 2 4 4 2 5 0 461 50
1578 2 4 2 4 1 5 3 0 455 79
1579 2 4 1 3 4 1 3 271 21
1580 2 1 2 3 2 5 1 323 15
1581 5 1 1 4 2 5 0 1 107 44
1582 2 1 5 3 3 2 0 207 55
1583 4 0 2 6 0 5 2 4 1 3 263 67
1584 2 0 2 5 1 3 2 5 0 256 20
1585 2 0 8 3 3 5 0 538 44
1586 2 4 2 4 3 0 5 4 455 55
1587 5 0 1 4 1 0 2 3 304 90
1588 2 4 2 6 5 4 3 0 1 2 597 65
1589 4 0 5 6 3 0 2 5 4 1 288 80
1590 2 1 2 4 4 3 1 2 226 96
1591 5 4 4 3 2 4 0 120 58
1592 5 4 2 5 2 4 1 5 0 250 47
1593 2 4 4 4 1 5 3 0 455 79
1594 5 1 3 4 2 3 1 5 143 85
1595 4 1 1 6 4 5 1 0 2 3 586 88
1596 5 4 3 6 3 0 5 2 4 1 210 80
1597 4 0 5 4 1 4 5 3 402 85
1598 2 1 8 4 3 5 4 1 414 26
1599 4 1 1 5 0 3 2 5 4 263 12
1600 5 1 2 4 2 3 1 5 143 85
1601 2 1 3 3 0 5 4 456 64
1602 2 4 2 5 3 5 1 0 4 125 23
1603 2 1 8 3 3 0 5 302 91
1604 2 4 1 4 3 0 5 4 455 55
1605 5 1 2 3 0 5 4 42 35
1606 5 1 5 4 5 2 4 3 228 60
1607 5 0 3 6 3 0 5 4 1 2 419 43
1608 4 0 3 5 1 2 4 0 3 359 32
1609 2 1 3 4 3 5 4 1 414 26
1610 5 1 1 4 3 5 2 4 142 43
1611 2 0 1 5 0 4 1 2 5 575 76
1612 4 1 2 6 2 1 5 3 4 0 127 23
1613 5 0 6 3 1 4 2 165 58
1614 5 1 3 4 5 2 4 3 228 60
1615 4 0 8 6 3 0 5 1 2 4 327 40
1616 2 4 2 5 2 5 1 4 0 588 33
1617 4 1 5 4 1 3 0 4 368 56
1618 4 1 3 6 5 2 0 3 4 1 440 56
1619 2 0 3 5 2 1 3 4 0 433 49
1620 4 0 6 6 2 5 1 4 3 0 127 51
1621 4 0 3 6 0 2 5 3 1 4 356 57
1622 4 1 2 5 1 2 0 4 5 215 12
1623 2 4 2 3 3 2 1 354 46
1624 5 4 3 3 2 1 0 183 21
1625 5 1 2 5 5 4 1 0 2 244 56
1626 2 1 2 4 5 3 4 0 297 17
1627 2 0 3 3 2 5 3 23 10
1628 4 1 2 3 3 5 1 101 70
1629 2 4 2 3 3 2 1 354 46
1630 5 1 2 4 0 3 2 4 193 23
1631 2 1 4 3 4 2 1 508 31
1632 4 0 2 6 5 4 1 2 3 0 496 59
70
1633 2 1 4 3 3 5 4 85 42
1634 5 0 1 3 4 5 1 250 42
1635 5 1 2 5 5 4 0 1 3 168 52
1636 4 1 2 5 1 4 0 5 3 205 71
1637 5 1 1 3 0 5 4 42 35
1638 2 4 2 3 3 1 2 341 31
1639 5 0 3 4 3 4 2 5 47 55
1640 2 4 2 4 3 0 5 4 455 55
1641 2 0 4 5 5 2 4 3 0 309 86
1642 5 1 4 5 0 3 2 4 1 242 21
1643 4 1 2 5 0 3 2 5 4 263 12
1644 4 0 1 6 0 5 2 4 1 3 263 67
1645 5 0 3 6 5 4 0 2 1 3 262 55
1646 4 0 1 4 3 0 2 1 196 96
1647 2 0 3 5 4 0 2 3 1 311 52
1648 2 4 5 3 3 2 1 354 46
1649 5 0 2 6 3 1 2 4 5 0 385 56
1650 5 0 3 6 3 5 0 2 4 1 99 48
1651 2 4 1 4 3 0 5 4 455 55
1652 4 0 2 4 1 4 0 5 222 49
1653 4 0 2 4 1 4 5 3 402 85
1654 5 1 1 6 0 1 3 2 5 4 115 53
1655 2 4 1 4 3 0 5 4 455 55
1656 4 1 2 5 3 2 4 1 5 353 56
1657 4 0 1 4 1 4 0 5 222 49
1658 2 4 2 3 3 2 1 354 46
1659 5 4 2 3 4 5 2 230 16
1660 4 1 2 4 0 2 1 4 467 50
1661 5 0 1 6 5 1 2 4 0 3 112 90
1662 4 0 2 6 2 5 4 3 1 0 535 77
1663 4 1 4 4 4 3 2 0 217 16
1664 5 1 4 4 3 5 2 4 142 43
1665 5 0 3 3 4 5 1 250 42
1666 5 1 2 4 5 2 0 1 151 11
1667 2 4 2 3 3 2 1 354 46
1668 2 1 1 6 0 5 4 1 2 3 186 72
1669 5 4 1 3 2 4 0 120 58
1670 4 1 6 4 4 3 2 0 217 16
1671 2 1 5 6 5 2 4 0 3 1 106 40
1672 2 0 5 5 3 4 5 1 2 211 98
1673 4 0 5 4 5 2 1 3 176 43
1674 4 1 1 5 0 3 2 5 4 263 12
1675 2 0 2 6 0 1 3 2 4 5 1001 58
1676 5 0 3 4 0 3 4 5 124 36
1677 5 1 2 6 0 1 3 2 5 4 115 53
1678 5 0 1 4 0 3 4 5 124 36
1679 2 1 5 4 3 2 0 5 97 69
1680 2 4 1 5 2 5 1 4 0 588 33
1681 4 0 2 4 3 2 0 5 589 20
1682 2 0 3 3 5 4 0 461 74
1683 4 0 2 6 0 2 5 3 1 4 356 57
1684 5 0 2 6 3 2 1 0 5 4 343 76
1685 2 0 2 5 0 3 1 4 5 772 97
1686 2 4 2 3 1 0 4 452 18
1687 2 0 2 3 3 5 0 538 44
1688 4 0 4 4 5 3 2 4 108 46
1689 4 1 3 6 4 5 1 0 2 3 586 88
1690 2 4 2 5 4 0 5 1 3 390 93
1691 2 0 2 6 5 3 1 4 0 2 294 19
1692 2 1 3 4 4 5 2 0 133 74
1693 5 4 3 6 3 0 5 2 4 1 210 80
1694 5 0 1 5 2 1 3 4 0 307 84
1695 5 4 2 6 0 1 3 4 5 2 301 65
1696 5 0 2 6 5 1 2 4 0 3 112 90
1697 5 0 4 3 4 5 1 250 42
1698 4 1 3 6 2 1 5 3 4 0 127 23
1699 5 0 7 5 1 4 3 0 2 210 63
1700 5 1 4 4 5 2 0 1 151 11
1701 2 0 3 5 5 2 4 3 0 309 86
1702 5 4 2 3 2 5 3 351 67
74
1703 4 0 2 6 5 2 1 0 3 4 442 54
1704 4 0 1 6 4 0 1 5 2 3 214 50
1705 5 0 2 6 5 4 0 2 1 3 262 55
1706 4 1 1 3 3 1 2 365 83
1707 2 0 4 4 2 5 4 3 419 48
1708 5 1 1 4 5 2 0 3 189 89
1709 2 1 1 4 5 3 4 0 297 17
1710 5 1 1 5 5 0 2 3 1 295 60
1711 5 0 3 5 1 3 0 2 5 296 79
1712 5 1 2 5 4 1 2 3 0 175 39
1713 5 4 2 5 5 3 1 0 4 173 12
1714 2 4 1 3 3 1 2 341 31
1715 5 4 1 6 4 0 2 1 3 5 166 99
1716 5 1 3 4 5 2 0 3 189 89
1717 5 4 2 6 0 1 3 4 5 2 301 65
1718 4 0 1 6 4 1 5 2 0 3 197 15
1719 4 1 4 4 1 3 0 4 368 56
1720 4 0 1 4 5 3 2 4 108 46
1721 5 0 3 4 0 3 4 5 124 36
1722 2 4 1 3 0 2 3 483 96
1723 5 0 2 5 1 4 3 0 2 210 63
1724 5 0 1 6 3 0 5 4 1 2 419 43
1725 4 0 2 6 3 0 5 1 2 4 327 40
1726 5 4 1 3 4 5 2 230 16
1727 2 4 3 3 0 2 3 483 96
1728 5 1 1 5 5 4 1 0 2 244 56
1729 2 4 2 5 3 5 1 0 4 125 23
1730 5 0 2 6 3 0 5 4 1 2 419 43
1731 2 0 5 5 4 0 2 3 1 311 52
1732 5 4 3 6 0 1 3 4 5 2 301 65
1733 4 1 1 4 5 2 4 1 253 18
1734 5 0 2 6 3 0 5 4 1 2 419 43
1735 5 4 1 5 1 3 0 5 2 146 77
1736 4 1 2 5 3 2 4 1 5 353 56
1737 2 0 3 5 0 4 1 2 5 575 76
1738 2 0 3 5 0 3 1 4 5 772 97
1739 5 0 2 4 0 3 4 5 124 36
1740 5 1 1 4 5 2 0 1 151 11
1741 5 1 2 3 0 3 2 306 21
1742 5 4 2 3 1 5 2 253 79
1743 2 0 6 5 3 4 5 1 2 211 98
1744 5 1 3 3 2 1 5 150 72
1745 5 0 2 4 1 0 2 3 304 90
1746 2 1 2 4 3 0 2 4 221 64
1747 4 1 2 3 3 5 1 101 70
1748 4 0 4 6 5 4 1 2 3 0 496 59
1749 4 1 2 5 3 1 5 2 4 335 97
1750 4 1 3 6 4 5 1 0 2 3 586 88
1751 4 1 1 6 5 2 0 3 4 1 440 56
1752 5 1 1 4 5 2 0 1 151 11
1753 2 1 2 6 0 5 4 1 2 3 186 72
1754 4 1 3 5 3 1 5 2 4 335 97
1755 2 4 2 5 5 4 2 1 3 314 84
1756 4 0 4 6 5 4 1 2 3 0 496 59
1757 5 0 2 5 2 3 1 4 0 416 70
1758 4 0 2 4 3 2 0 5 589 20
1759 2 0 2 6 4 3 5 2 1 0 255 35
1760 4 1 2 4 4 3 2 0 217 16
1761 4 0 2 5 1 2 4 0 3 359 32
1762 4 1 2 5 3 2 4 1 5 353 56
1763 5 4 2 4 3 5 2 4 86 82
1764 5 4 3 6 0 1 3 4 5 2 301 65
1765 5 4 6 3 1 2 0 156 25
1766 2 1 2 3 3 2 0 207 55
1767 4 0 4 6 3 0 5 1 2 4 327 40
1768 4 0 4 6 4 0 1 5 2 3 214 50
1769 2 1 2 3 0 5 4 456 64
1770 5 4 2 3 1 5 2 253 79
1771 5 0 5 5 1 4 3 0 2 210 63
1772 5 0 2 6 3 0 5 4 1 2 419 43
1773 2 4 3 5 5 4 2 1 3 314 84
1774 4 1 2 5 3 1 5 2 4 335 97
1775 2 4 2 6 5 4 3 0 1 2 597 65
1776 2 1 5 3 2 5 1 323 15
0
0
0
0
0
0
0
0
0
0

