18
0 1.12 15991.7 3640.95 43.61 3.6 37.98 127.59 207.85 99.2 102.31 63.02 0.01 0.01 0.01 1.69 1969.74 11199.2 28160.6 44055.1 56118.8 63051.4 61156.8 57434.2 45652.5 30887.2 
1 1.36 9053.98 705.34 0 0 0 0 0 0 0 0 0 0 188.07 1551.66 10729.7 33021.8 55492.7 72539.5 83864.7 86058.9 82376.5 70535.6 51932.3 28545.2 
2 1.31 0 0 0 0 0 0 0 0 0 0 0 0 0 0 0 0 0 0 0 0 0 0 0 0 
3 0.93 0 0 0 0 0 0 0 0 0 0 0 0 0 0 0 0 0 0 0 0 0 0 0 0 
4 1.44 0 0 0 0 0 0 0 0 0 0 0 66.6 1600.42 7141.02 24675.8 41434.6 62683.6 69872.1 67422.5 58865.8 44603.1 11091.6 1934.52 108.29 
5 1.44 0 0 0 0 0 0 0 0 0 0 0 0 0 0 0 0 0 0 0 0 0 0 0 0 
6 1.11 0 0 0 0 0 0 0 0 0 0 0 0 0 0 0 0 0 0 0 0 0 0 0 0 
7 1.13 2745.88 13.55 0.01 0.01 0.02 0.01 0.01 0.01 0.01 0.01 0.01 0.01 144.72 3831.79 17135 36435.7 55151.5 68313.3 76271.2 75400.4 68711.2 55278 34715.7 15176.3 
8 1.49 1476.33 32.01 0.02 0.03 0.03 0.03 0.04 0.04 0.04 0.05 0.04 0.04 12.38 1278.57 9609.25 26507.8 43382.9 57205.1 66213.7 65544.8 60572.6 48842.9 32558.4 12826 
9 1.43 0 0 0 0 0 0 0 0 0 0 0 454.85 6959.3 24036.1 46729.7 66007 78191.3 81720.1 79382.4 67623.2 52609 32978.5 11311.9 696.11 
10 1.47 4530.19 418.22 0.02 0.02 0.02 0.02 0.03 0.03 0.03 0.02 0.02 0.02 0.03 191.69 2955.05 9435.54 21863.5 34104.4 45476.9 49437.2 48984.5 43034.7 29914.7 14423.2 
11 1.12 0 0 0 0 0 0 0 0 0 0 0 0 0 0 0 0 0 0 0 0 0 0 0 0 
12 1.25 0 0 0 0 0 0 0 0 0 0 0 0 0 0 0 0 0 0 0 0 0 0 0 0 
13 1.45 0.01 0.01 0.01 0 0 0 0 0 0 0 0 731.93 9544.89 30893.3 53105 72000.2 84913.1 90646.6 86245.2 75217.9 58291.2 34374.4 11138.4 771.83 
14 1.25 0 0 0 0 0 0 0 0 0 0 0 0 0 0 0 0 0 0 0 0 0 0 0 0 
15 1.26 0 0 0 0 0 0 0 0 0 0 0 0 0 0 0 0 0 0 0 0 0 0 0 0 
16 1.09 0 0 0 0 0 0 0 0 0 0 0 0 0 0 0 0 0 0 0 0 0 0 0 0 
17 1.04 0 0 0 0 0 0 0 0 0 0 0 0 0 0 0 0 0 0 0 0 0 0 0 0 
162 480
0 s 0 0.08 0.25
1 s 0 0.08 0.25
2 s 0 0.08 0.25
3 s 0 0.08 0.25
4 s 0 0.08 0.25
5 c 0 0.02415 0.0805 64 0.165
6 c 0 0.02415 0.0805 64 0.165
7 c 0 0.02415 0.0805 64 0.165
8 c 0 0.02415 0.0805 64 0.165
9 s 1 0.08 0.25
10 s 1 0.08 0.25
11 s 1 0.08 0.25
12 s 1 0.08 0.25
13 s 1 0.08 0.25
14 c 1 0.02415 0.0805 64 0.165
15 c 1 0.02415 0.0805 64 0.165
16 c 1 0.02415 0.0805 64 0.165
17 c 1 0.02415 0.0805 64 0.165
18 s 2 0.08 0.25
19 s 2 0.08 0.25
20 s 2 0.08 0.25
21 s 2 0.08 0.25
22 s 2 0.08 0.25
23 c 2 0.02415 0.0805 64 0.165
24 c 2 0.02415 0.0805 64 0.165
25 c 2 0.02415 0.0805 64 0.165
26 c 2 0.02415 0.0805 64 0.165
27 s 3 0.08 0.25
28 s 3 0.08 0.25
29 s 3 0.08 0.25
30 s 3 0.08 0.25
31 s 3 0.08 0.25
32 c 3 0.02415 0.0805 64 0.165
33 c 3 0.02415 0.0805 64 0.165
34 c 3 0.02415 0.0805 64 0.165
35 c 3 0.02415 0.0805 64 0.165
36 s 4 0.08 0.25
37 s 4 0.08 0.25
38 s 4 0.08 0.25
39 s 4 0.08 0.25
40 s 4 0.08 0.25
41 c 4 0.02415 0.0805 64 0.165
42 c 4 0.02415 0.0805 64 0.165
43 c 4 0.02415 0.0805 64 0.165
44 c 4 0.02415 0.0805 64 0.165
45 s 5 0.08 0.25
46 s 5 0.08 0.25
47 s 5 0.08 0.25
48 s 5 0.08 0.25
49 s 5 0.08 0.25
50 c 5 0.02415 0.0805 64 0.165
51 c 5 0.02415 0.0805 64 0.165
52 c 5 0.02415 0.0805 64 0.165
53 c 5 0.02415 0.0805 64 0.165
54 s 6 0.08 0.25
55 s 6 0.08 0.25
56 s 6 0.08 0.25
57 s 6 0.08 0.25
58 s 6 0.08 0.25
59 c 6 0.02415 0.0805 64 0.165
60 c 6 0.02415 0.0805 64 0.165
61 c 6 0.02415 0.0805 64 0.165
62 c 6 0.02415 0.0805 64 0.165
63 s 7 0.08 0.25
64 s 7 0.08 0.25
65 s 7 0.08 0.25
66 s 7 0.08 0.25
67 s 7 0.08 0.25
68 c 7 0.02415 0.0805 64 0.165
69 c 7 0.02415 0.0805 64 0.165
70 c 7 0.02415 0.0805 64 0.165
71 c 7 0.02415 0.0805 64 0.165
72 s 8 0.08 0.25
73 s 8 0.08 0.25
74 s 8 0.08 0.25
75 s 8 0.08 0.25
76 s 8 0.08 0.25
77 c 8 0.02415 0.0805 64 0.165
78 c 8 0.02415 0.0805 64 0.165
79 c 8 0.02415 0.0805 64 0.165
80 c 8 0.02415 0.0805 64 0.165
81 s 9 0.08 0.25
82 s 9 0.08 0.25
83 s 9 0.08 0.25
84 s 9 0.08 0.25
85 s 9 0.08 0.25
86 c 9 0.02415 0.0805 64 0.165
87 c 9 0.02415 0.0805 64 0.165
88 c 9 0.02415 0.0805 64 0.165
89 c 9 0.02415 0.0805 64 0.165
90 s 10 0.08 0.25
91 s 10 0.08 0.25
92 s 10 0.08 0.25
93 s 10 0.08 0.25
94 s 10 0.08 0.25
95 c 10 0.02415 0.0805 64 0.165
96 c 10 0.02415 0.0805 64 0.165
97 c 10 0.02415 0.0805 64 0.165
98 c 10 0.02415 0.0805 64 0.165
99 s 11 0.08 0.25
100 s 11 0.08 0.25
101 s 11 0.08 0.25
102 s 11 0.08 0.25
103 s 11 0.08 0.25
104 c 11 0.02415 0.0805 64 0.165
105 c 11 0.02415 0.0805 64 0.165
106 c 11 0.02415 0.0805 64 0.165
107 c 11 0.02415 0.0805 64 0.165
108 s 12 0.08 0.25
109 s 12 0.08 0.25
110 s 12 0.08 0.25
111 s 12 0.08 0.25
112 s 12 0.08 0.25
113 c 12 0.02415 0.0805 64 0.165
114 c 12 0.02415 0.0805 64 0.165
115 c 12 0.02415 0.0805 64 0.165
116 c 12 0.02415 0.0805 64 0.165
117 s 13 0.08 0.25
118 s 13 0.08 0.25
119 s 13 0.08 0.25
120 s 13 0.08 0.25
121 s 13 0.08 0.25
122 c 13 0.02415 0.0805 64 0.165
123 c 13 0.02415 0.0805 64 0.165
124 c 13 0.02415 0.0805 64 0.165
125 c 13 0.02415 0.0805 64 0.165
126 s 14 0.08 0.25
127 s 14 0.08 0.25
128 s 14 0.08 0.25
129 s 14 0.08 0.25
130 s 14 0.08 0.25
131 c 14 0.02415 0.0805 64 0.165
132 c 14 0.02415 0.0805 64 0.165
133 c 14 0.02415 0.0805 64 0.165
134 c 14 0.02415 0.0805 64 0.165
135 s 15 0.08 0.25
136 s 15 0.08 0.25
137 s 15 0.08 0.25
138 s 15 0.08 0.25
139 s 15 0.08 0.25
140 c 15 0.02415 0.0805 64 0.165
141 c 15 0.02415 0.0805 64 0.165
142 c 15 0.02415 0.0805 64 0.165
143 c 15 0.02415 0.0805 64 0.165
144 s 16 0.08 0.25
145 s 16 0.08 0.25
146 s 16 0.08 0.25
147 s 16 0.08 0.25
148 s 16 0.08 0.25
149 c 16 0.02415 0.0805 64 0.165
150 c 16 0.02415 0.0805 64 0.165
151 c 16 0.02415 0.0805 64 0.165
152 c 16 0.02415 0.0805 64 0.165
153 s 17 0.08 0.25
154 s 17 0.08 0.25
155 s 17 0.08 0.25
156 s 17 0.08 0.25
157 s 17 0.08 0.25
158 c 17 0.02415 0.0805 64 0.165
159 c 17 0.02415 0.0805 64 0.165
160 c 17 0.02415 0.0805 64 0.165
161 c 17 0.02415 0.0805 64 0.165
0 0 27 b -1 100000 19
1 27 0 b -1 100000 19
2 0 18 b -1 100000 19
3 18 0 b -1 100000 19
4 0 9 b -1 100000 5
5 9 0 b -1 100000 5
6 9 27 b -1 100000 14
7 27 9 b -1 100000 14
8 9 135 b -1 100000 5
9 135 9 b -1 100000 5
10 9 117 b -1 100000 6
11 117 9 b -1 100000 6
12 9 36 b -1 100000 5
13 36 9 b -1 100000 5
14 9 63 b -1 100000 5
15 63 9 b -1 100000 5
16 9 72 b -1 100000 5
17 72 9 b -1 100000 5
18 9 45 b -1 100000 7
19 45 9 b -1 100000 7
20 9 144 b -1 100000 6
21 144 9 b -1 100000 6
22 9 153 b -1 100000 13
23 153 9 b -1 100000 13
24 9 81 b -1 100000 5
25 81 9 b -1 100000 5
26 9 90 b -1 100000 7
27 90 9 b -1 100000 7
28 9 99 b -1 100000 14
29 99 9 b -1 100000 14
30 9 126 b -1 100000 7
31 126 9 b -1 100000 7
32 18 117 b -1 100000 20
33 117 18 b -1 100000 20
34 18 27 b -1 100000 6
35 27 18 b -1 100000 6
36 18 126 b -1 100000 15
37 126 18 b -1 100000 15
38 18 99 b -1 100000 2
39 99 18 b -1 100000 2
40 18 90 b -1 100000 8
41 90 18 b -1 100000 8
42 18 153 b -1 100000 2
43 153 18 b -1 100000 2
44 18 144 b -1 100000 19
45 144 18 b -1 100000 19
46 18 72 b -1 100000 17
47 72 18 b -1 100000 17
48 18 63 b -1 100000 19
49 63 18 b -1 100000 19
50 27 135 b -1 100000 19
51 135 27 b -1 100000 19
52 27 117 b -1 100000 20
53 117 27 b -1 100000 20
54 27 36 b -1 100000 19
55 36 27 b -1 100000 19
56 27 63 b -1 100000 19
57 63 27 b -1 100000 19
58 27 72 b -1 100000 18
59 72 27 b -1 100000 18
60 27 144 b -1 100000 19
61 144 27 b -1 100000 19
62 27 153 b -1 100000 7
63 153 27 b -1 100000 7
64 27 81 b -1 100000 19
65 81 27 b -1 100000 19
66 27 90 b -1 100000 8
67 90 27 b -1 100000 8
68 27 99 b -1 100000 8
69 99 27 b -1 100000 8
70 27 108 b -1 100000 43
71 108 27 b -1 100000 43
72 27 126 b -1 100000 17
73 126 27 b -1 100000 17
74 36 54 b -1 100000 0
75 54 36 b -1 100000 0
76 36 45 b -1 100000 3
77 45 36 b -1 100000 3
78 45 54 b -1 100000 3
79 54 45 b -1 100000 3
80 45 135 b -1 100000 3
81 135 45 b -1 100000 3
82 45 126 b -1 100000 11
83 126 45 b -1 100000 11
84 45 99 b -1 100000 21
85 99 45 b -1 100000 21
86 45 90 b -1 100000 14
87 90 45 b -1 100000 14
88 45 72 b -1 100000 8
89 72 45 b -1 100000 8
90 54 135 b -1 100000 1
91 135 54 b -1 100000 1
92 54 126 b -1 100000 8
93 126 54 b -1 100000 8
94 54 99 b -1 100000 19
95 99 54 b -1 100000 19
96 54 90 b -1 100000 12
97 90 54 b -1 100000 12
98 54 72 b -1 100000 4
99 72 54 b -1 100000 4
100 54 63 b -1 100000 0
101 63 54 b -1 100000 0
102 72 117 b -1 100000 4
103 117 72 b -1 100000 4
104 72 108 b -1 100000 38
105 108 72 b -1 100000 38
106 72 99 b -1 100000 16
107 99 72 b -1 100000 16
108 72 90 b -1 100000 10
109 90 72 b -1 100000 10
110 72 81 b -1 100000 4
111 81 72 b -1 100000 4
112 90 99 b -1 100000 7
113 99 90 b -1 100000 7
114 90 153 b -1 100000 6
115 153 90 b -1 100000 6
116 99 126 b -1 100000 14
117 126 99 b -1 100000 14
118 99 153 b -1 100000 1
119 153 99 b -1 100000 1
120 0 2 i 0 100000 1
121 2 0 i 0 100000 1
122 0 1 i 0 100000 1
123 1 0 i 0 100000 1
124 1 4 i 0 25000 1
125 4 1 i 0 25000 1
126 1 3 i 0 25000 1
127 3 1 i 0 25000 1
128 2 4 i 0 25000 1
129 4 2 i 0 25000 1
130 2 3 i 0 25000 1
131 3 2 i 0 25000 1
132 3 6 i 0 100000 1
133 6 3 i 0 100000 1
134 3 5 i 0 100000 1
135 5 3 i 0 100000 1
136 4 8 i 0 100000 1
137 8 4 i 0 100000 1
138 4 7 i 0 100000 1
139 7 4 i 0 100000 1
140 9 11 i 1 100000 1
141 11 9 i 1 100000 1
142 9 10 i 1 100000 1
143 10 9 i 1 100000 1
144 10 13 i 1 25000 1
145 13 10 i 1 25000 1
146 10 12 i 1 25000 1
147 12 10 i 1 25000 1
148 11 13 i 1 25000 1
149 13 11 i 1 25000 1
150 11 12 i 1 25000 1
151 12 11 i 1 25000 1
152 12 15 i 1 100000 1
153 15 12 i 1 100000 1
154 12 14 i 1 100000 1
155 14 12 i 1 100000 1
156 13 17 i 1 100000 1
157 17 13 i 1 100000 1
158 13 16 i 1 100000 1
159 16 13 i 1 100000 1
160 18 20 i 2 100000 1
161 20 18 i 2 100000 1
162 18 19 i 2 100000 1
163 19 18 i 2 100000 1
164 19 22 i 2 25000 1
165 22 19 i 2 25000 1
166 19 21 i 2 25000 1
167 21 19 i 2 25000 1
168 20 22 i 2 25000 1
169 22 20 i 2 25000 1
170 20 21 i 2 25000 1
171 21 20 i 2 25000 1
172 21 24 i 2 100000 1
173 24 21 i 2 100000 1
174 21 23 i 2 100000 1
175 23 21 i 2 100000 1
176 22 26 i 2 100000 1
177 26 22 i 2 100000 1
178 22 25 i 2 100000 1
179 25 22 i 2 100000 1
180 27 29 i 3 100000 1
181 29 27 i 3 100000 1
182 27 28 i 3 100000 1
183 28 27 i 3 100000 1
184 28 31 i 3 25000 1
185 31 28 i 3 25000 1
186 28 30 i 3 25000 1
187 30 28 i 3 25000 1
188 29 31 i 3 25000 1
189 31 29 i 3 25000 1
190 29 30 i 3 25000 1
191 30 29 i 3 25000 1
192 30 33 i 3 100000 1
193 33 30 i 3 100000 1
194 30 32 i 3 100000 1
195 32 30 i 3 100000 1
196 31 35 i 3 100000 1
197 35 31 i 3 100000 1
198 31 34 i 3 100000 1
199 34 31 i 3 100000 1
200 36 38 i 4 100000 1
201 38 36 i 4 100000 1
202 36 37 i 4 100000 1
203 37 36 i 4 100000 1
204 37 40 i 4 25000 1
205 40 37 i 4 25000 1
206 37 39 i 4 25000 1
207 39 37 i 4 25000 1
208 38 40 i 4 25000 1
209 40 38 i 4 25000 1
210 38 39 i 4 25000 1
211 39 38 i 4 25000 1
212 39 42 i 4 100000 1
213 42 39 i 4 100000 1
214 39 41 i 4 100000 1
215 41 39 i 4 100000 1
216 40 44 i 4 100000 1
217 44 40 i 4 100000 1
218 40 43 i 4 100000 1
219 43 40 i 4 100000 1
220 45 47 i 5 100000 1
221 47 45 i 5 100000 1
222 45 46 i 5 100000 1
223 46 45 i 5 100000 1
224 46 49 i 5 25000 1
225 49 46 i 5 25000 1
226 46 48 i 5 25000 1
227 48 46 i 5 25000 1
228 47 49 i 5 25000 1
229 49 47 i 5 25000 1
230 47 48 i 5 25000 1
231 48 47 i 5 25000 1
232 48 51 i 5 100000 1
233 51 48 i 5 100000 1
234 48 50 i 5 100000 1
235 50 48 i 5 100000 1
236 49 53 i 5 100000 1
237 53 49 i 5 100000 1
238 49 52 i 5 100000 1
239 52 49 i 5 100000 1
240 54 56 i 6 100000 1
241 56 54 i 6 100000 1
242 54 55 i 6 100000 1
243 55 54 i 6 100000 1
244 55 58 i 6 25000 1
245 58 55 i 6 25000 1
246 55 57 i 6 25000 1
247 57 55 i 6 25000 1
248 56 58 i 6 25000 1
249 58 56 i 6 25000 1
250 56 57 i 6 25000 1
251 57 56 i 6 25000 1
252 57 60 i 6 100000 1
253 60 57 i 6 100000 1
254 57 59 i 6 100000 1
255 59 57 i 6 100000 1
256 58 62 i 6 100000 1
257 62 58 i 6 100000 1
258 58 61 i 6 100000 1
259 61 58 i 6 100000 1
260 63 65 i 7 100000 1
261 65 63 i 7 100000 1
262 63 64 i 7 100000 1
263 64 63 i 7 100000 1
264 64 67 i 7 25000 1
265 67 64 i 7 25000 1
266 64 66 i 7 25000 1
267 66 64 i 7 25000 1
268 65 67 i 7 25000 1
269 67 65 i 7 25000 1
270 65 66 i 7 25000 1
271 66 65 i 7 25000 1
272 66 69 i 7 100000 1
273 69 66 i 7 100000 1
274 66 68 i 7 100000 1
275 68 66 i 7 100000 1
276 67 71 i 7 100000 1
277 71 67 i 7 100000 1
278 67 70 i 7 100000 1
279 70 67 i 7 100000 1
280 72 74 i 8 100000 1
281 74 72 i 8 100000 1
282 72 73 i 8 100000 1
283 73 72 i 8 100000 1
284 73 76 i 8 25000 1
285 76 73 i 8 25000 1
286 73 75 i 8 25000 1
287 75 73 i 8 25000 1
288 74 76 i 8 25000 1
289 76 74 i 8 25000 1
290 74 75 i 8 25000 1
291 75 74 i 8 25000 1
292 75 78 i 8 100000 1
293 78 75 i 8 100000 1
294 75 77 i 8 100000 1
295 77 75 i 8 100000 1
296 76 80 i 8 100000 1
297 80 76 i 8 100000 1
298 76 79 i 8 100000 1
299 79 76 i 8 100000 1
300 81 83 i 9 100000 1
301 83 81 i 9 100000 1
302 81 82 i 9 100000 1
303 82 81 i 9 100000 1
304 82 85 i 9 25000 1
305 85 82 i 9 25000 1
306 82 84 i 9 25000 1
307 84 82 i 9 25000 1
308 83 85 i 9 25000 1
309 85 83 i 9 25000 1
310 83 84 i 9 25000 1
311 84 83 i 9 25000 1
312 84 87 i 9 100000 1
313 87 84 i 9 100000 1
314 84 86 i 9 100000 1
315 86 84 i 9 100000 1
316 85 89 i 9 100000 1
317 89 85 i 9 100000 1
318 85 88 i 9 100000 1
319 88 85 i 9 100000 1
320 90 92 i 10 100000 1
321 92 90 i 10 100000 1
322 90 91 i 10 100000 1
323 91 90 i 10 100000 1
324 91 94 i 10 25000 1
325 94 91 i 10 25000 1
326 91 93 i 10 25000 1
327 93 91 i 10 25000 1
328 92 94 i 10 25000 1
329 94 92 i 10 25000 1
330 92 93 i 10 25000 1
331 93 92 i 10 25000 1
332 93 96 i 10 100000 1
333 96 93 i 10 100000 1
334 93 95 i 10 100000 1
335 95 93 i 10 100000 1
336 94 98 i 10 100000 1
337 98 94 i 10 100000 1
338 94 97 i 10 100000 1
339 97 94 i 10 100000 1
340 99 101 i 11 100000 1
341 101 99 i 11 100000 1
342 99 100 i 11 100000 1
343 100 99 i 11 100000 1
344 100 103 i 11 25000 1
345 103 100 i 11 25000 1
346 100 102 i 11 25000 1
347 102 100 i 11 25000 1
348 101 103 i 11 25000 1
349 103 101 i 11 25000 1
350 101 102 i 11 25000 1
351 102 101 i 11 25000 1
352 102 105 i 11 100000 1
353 105 102 i 11 100000 1
354 102 104 i 11 100000 1
355 104 102 i 11 100000 1
356 103 107 i 11 100000 1
357 107 103 i 11 100000 1
358 103 106 i 11 100000 1
359 106 103 i 11 100000 1
360 108 110 i 12 100000 1
361 110 108 i 12 100000 1
362 108 109 i 12 100000 1
363 109 108 i 12 100000 1
364 109 112 i 12 25000 1
365 112 109 i 12 25000 1
366 109 111 i 12 25000 1
367 111 109 i 12 25000 1
368 110 112 i 12 25000 1
369 112 110 i 12 25000 1
370 110 111 i 12 25000 1
371 111 110 i 12 25000 1
372 111 114 i 12 100000 1
373 114 111 i 12 100000 1
374 111 113 i 12 100000 1
375 113 111 i 12 100000 1
376 112 116 i 12 100000 1
377 116 112 i 12 100000 1
378 112 115 i 12 100000 1
379 115 112 i 12 100000 1
380 117 119 i 13 100000 1
381 119 117 i 13 100000 1
382 117 118 i 13 100000 1
383 118 117 i 13 100000 1
384 118 121 i 13 25000 1
385 121 118 i 13 25000 1
386 118 120 i 13 25000 1
387 120 118 i 13 25000 1
388 119 121 i 13 25000 1
389 121 119 i 13 25000 1
390 119 120 i 13 25000 1
391 120 119 i 13 25000 1
392 120 123 i 13 100000 1
393 123 120 i 13 100000 1
394 120 122 i 13 100000 1
395 122 120 i 13 100000 1
396 121 125 i 13 100000 1
397 125 121 i 13 100000 1
398 121 124 i 13 100000 1
399 124 121 i 13 100000 1
400 126 128 i 14 100000 1
401 128 126 i 14 100000 1
402 126 127 i 14 100000 1
403 127 126 i 14 100000 1
404 127 130 i 14 25000 1
405 130 127 i 14 25000 1
406 127 129 i 14 25000 1
407 129 127 i 14 25000 1
408 128 130 i 14 25000 1
409 130 128 i 14 25000 1
410 128 129 i 14 25000 1
411 129 128 i 14 25000 1
412 129 132 i 14 100000 1
413 132 129 i 14 100000 1
414 129 131 i 14 100000 1
415 131 129 i 14 100000 1
416 130 134 i 14 100000 1
417 134 130 i 14 100000 1
418 130 133 i 14 100000 1
419 133 130 i 14 100000 1
420 135 137 i 15 100000 1
421 137 135 i 15 100000 1
422 135 136 i 15 100000 1
423 136 135 i 15 100000 1
424 136 139 i 15 25000 1
425 139 136 i 15 25000 1
426 136 138 i 15 25000 1
427 138 136 i 15 25000 1
428 137 139 i 15 25000 1
429 139 137 i 15 25000 1
430 137 138 i 15 25000 1
431 138 137 i 15 25000 1
432 138 141 i 15 100000 1
433 141 138 i 15 100000 1
434 138 140 i 15 100000 1
435 140 138 i 15 100000 1
436 139 143 i 15 100000 1
437 143 139 i 15 100000 1
438 139 142 i 15 100000 1
439 142 139 i 15 100000 1
440 144 146 i 16 100000 1
441 146 144 i 16 100000 1
442 144 145 i 16 100000 1
443 145 144 i 16 100000 1
444 145 148 i 16 25000 1
445 148 145 i 16 25000 1
446 145 147 i 16 25000 1
447 147 145 i 16 25000 1
448 146 148 i 16 25000 1
449 148 146 i 16 25000 1
450 146 147 i 16 25000 1
451 147 146 i 16 25000 1
452 147 150 i 16 100000 1
453 150 147 i 16 100000 1
454 147 149 i 16 100000 1
455 149 147 i 16 100000 1
456 148 152 i 16 100000 1
457 152 148 i 16 100000 1
458 148 151 i 16 100000 1
459 151 148 i 16 100000 1
460 153 155 i 17 100000 1
461 155 153 i 17 100000 1
462 153 154 i 17 100000 1
463 154 153 i 17 100000 1
464 154 157 i 17 25000 1
465 157 154 i 17 25000 1
466 154 156 i 17 25000 1
467 156 154 i 17 25000 1
468 155 157 i 17 25000 1
469 157 155 i 17 25000 1
470 155 156 i 17 25000 1
471 156 155 i 17 25000 1
472 156 159 i 17 100000 1
473 159 156 i 17 100000 1
474 156 158 i 17 100000 1
475 158 156 i 17 100000 1
476 157 161 i 17 100000 1
477 161 157 i 17 100000 1
478 157 160 i 17 100000 1
479 160 157 i 17 100000 1
