1233
32
56
0 12 13 2 6 2 3 0 5 1 4 92 50
1 12 9 2 4 4 0 5 1 54 63
2 1 14 5 5 3 4 2 5 1 101 93
3 0 6 1 5 0 3 1 4 5 63 22
4 16 0 1 3 2 1 0 102 89
5 3 9 1 5 3 1 4 2 5 108 76
6 16 9 1 3 4 0 2 227 93
7 6 9 3 4 2 4 5 1 82 53
8 1 9 1 4 2 0 3 4 34 59
9 13 16 1 5 2 5 1 3 0 92 42
10 0 15 1 4 4 5 1 0 26 13
11 13 16 3 5 2 5 1 3 0 92 42
12 12 10 1 6 0 2 3 5 4 1 84 73
13 2 13 7 6 0 3 1 5 4 2 125 97
14 6 16 3 4 4 1 5 0 148 53
15 2 8 1 5 1 2 4 5 0 241 74
16 6 8 3 3 1 4 3 214 93
17 12 8 3 5 4 2 3 1 0 109 84
18 7 15 2 3 1 4 0 114 29
19 2 10 1 3 5 0 4 34 49
20 2 14 1 3 1 4 0 220 69
21 13 0 1 6 2 3 1 4 0 5 116 13
22 1 9 1 6 4 2 1 5 0 3 123 88
23 1 6 2 6 2 4 3 1 0 5 172 93
24 0 13 1 4 2 4 5 3 94 48
25 16 14 1 3 1 4 2 78 49
26 3 15 2 6 3 4 0 5 2 1 79 19
27 13 15 1 5 2 1 0 5 3 42 51
28 1 10 4 6 5 3 2 0 4 1 287 68
29 0 14 2 6 1 2 5 4 0 3 120 15
30 7 13 2 3 2 4 3 143 60
31 3 16 1 6 4 3 2 1 0 5 75 15
32 6 13 2 6 0 1 2 3 4 5 17 78
33 7 0 1 3 4 2 3 86 19
34 12 10 2 5 5 2 0 3 4 44 80
35 7 0 3 3 5 4 3 134 34
36 0 16 4 6 0 5 3 2 4 1 57 66
37 16 14 7 4 1 4 3 0 70 50
38 13 10 2 4 0 5 4 1 108 13
39 1 15 2 5 2 1 3 4 0 231 47
40 16 14 4 6 5 4 0 1 2 3 128 71
41 1 15 4 3 5 0 3 218 26
42 7 9 2 3 3 2 5 150 56
43 1 13 3 4 5 3 2 1 140 82
44 1 6 2 4 1 0 5 2 228 12
45 13 16 3 6 3 4 0 2 1 5 86 43
46 7 0 2 6 0 2 4 5 1 3 37 53
47 0 8 4 6 3 5 2 0 1 4 23 19
48 12 8 6 4 4 5 3 1 64 14
49 0 16 2 6 3 5 4 2 1 0 102 17
50 6 0 4 6 0 1 2 3 4 5 223 63
51 13 8 2 4 5 2 3 4 61 91
52 13 0 3 3 4 5 2 86 50
53 2 10 6 3 5 0 4 34 49
54 3 16 5 3 5 2 4 113 14
55 2 16 2 5 4 2 0 1 3 39 59
46
56 1 8 1 3 3 0 2 222 34
57 12 8 2 4 5 3 0 4 49 71
58 7 8 1 5 1 3 4 0 2 187 46
59 6 0 1 4 5 1 0 4 50 34
60 1 13 3 5 5 0 4 2 1 174 62
61 6 13 2 4 0 2 1 3 115 81
62 7 14 6 6 4 1 2 0 5 3 133 62
63 1 16 1 4 2 4 5 1 42 47
64 16 14 1 5 0 2 1 3 4 192 86
65 16 10 2 5 1 4 2 5 0 93 91
66 1 6 3 4 5 2 4 1 94 78
67 6 9 6 3 3 5 1 115 94
68 16 9 8 3 5 3 2 108 52
69 12 10 3 4 4 5 0 1 110 16
70 6 16 1 6 2 1 0 3 4 5 86 76
71 0 14 1 3 4 1 5 80 91
72 7 6 1 3 1 2 4 145 36
73 2 10 1 5 3 2 0 5 4 231 33
74 16 10 1 5 2 0 3 5 1 113 60
75 3 9 1 3 0 4 2 76 13
76 16 14 2 3 4 5 0 85 57
77 6 0 2 6 2 1 3 5 4 0 60 89
78 16 9 1 4 5 1 4 0 133 83
79 3 6 4 5 4 5 0 1 3 153 84
80 16 9 1 6 5 3 4 2 1 0 102 29
81 2 0 1 5 0 1 4 5 3 70 55
82 1 13 4 3 5 4 3 104 80
83 2 10 2 3 5 0 4 34 49
84 6 15 2 5 3 2 0 1 5 251 13
85 2 14 1 6 5 4 2 0 1 3 90 40
86 3 16 2 6 4 3 2 1 0 5 75 15
87 7 9 2 3 5 1 0 78 22
88 12 16 2 6 1 4 2 5 0 3 36 66
89 16 13 3 5 4 5 3 2 1 95 98
90 1 14 2 5 3 5 1 4 0 124 73
91 0 10 3 5 3 2 1 0 4 37 41
92 2 8 3 5 3 0 2 5 4 215 51
93 0 15 2 3 1 2 5 189 75
94 6 9 1 3 4 5 0 67 32
95 12 8 2 5 3 2 5 1 0 63 88
96 2 14 6 5 4 0 5 3 1 99 23
97 2 16 5 4 3 5 4 1 81 41
98 3 13 2 3 1 2 3 103 65
99 12 10 4 6 1 4 3 2 0 5 65 99
100 13 10 2 4 4 3 5 1 127 63
101 12 10 2 4 4 5 0 1 110 16
54
102 2 8 1 6 3 1 2 5 0 4 153 51
103 1 6 1 5 2 3 4 0 5 94 25
104 7 15 2 6 2 0 3 5 4 1 262 31
105 7 16 1 3 0 4 1 119 85
106 16 15 1 5 5 2 4 1 0 67 77
107 12 13 8 6 0 3 1 2 4 5 66 97
108 12 6 1 3 1 2 3 29 80
109 1 15 2 3 1 3 0 17 74
110 16 15 1 3 1 4 2 25 42
111 1 16 1 5 5 0 3 4 1 44 35
112 13 10 2 6 4 0 3 1 5 2 78 57
113 13 9 3 5 1 0 2 4 5 26 30
114 2 14 2 6 0 3 2 4 5 1 106 60
115 7 8 2 5 5 1 0 2 4 131 80
116 12 8 1 3 4 0 3 44 48
117 13 9 1 6 5 3 4 1 0 2 134 57
118 12 6 2 6 5 2 0 4 1 3 66 72
119 16 8 1 5 3 5 1 4 2 45 14
120 2 15 2 6 4 1 2 5 3 0 131 97
121 2 14 4 6 3 2 1 0 5 4 289 50
122 12 15 1 4 1 5 3 4 48 38
123 0 9 3 3 1 3 0 125 45
124 16 9 3 4 2 1 4 5 124 13
125 7 8 1 4 2 1 3 0 25 13
126 0 16 1 5 1 2 0 3 5 30 45
127 2 0 1 3 1 5 4 49 61
128 2 15 1 4 2 1 5 4 85 85
129 16 8 3 3 2 5 4 141 83
130 6 16 3 6 1 2 5 4 0 3 141 68
131 1 8 1 6 3 1 2 4 0 5 359 98
132 13 0 3 3 1 3 2 33 58
133 12 8 5 3 3 1 0 35 51
134 3 9 3 3 0 1 5 56 86
135 12 13 2 5 0 2 3 4 5 70 57
136 1 6 2 5 4 2 1 5 3 180 71
137 1 9 3 3 5 1 4 65 60
138 16 14 3 3 1 4 2 78 49
139 7 16 2 6 0 3 1 2 4 5 57 32
140 3 15 4 4 1 3 5 4 131 29
141 13 14 5 4 0 4 5 3 160 70
142 1 13 4 5 4 5 0 2 3 106 67
143 2 14 2 3 2 0 3 268 93
144 13 15 4 5 0 2 5 1 3 89 66
145 2 13 5 5 5 2 1 3 0 84 67
146 12 14 2 4 1 2 0 5 28 75
147 6 16 2 3 4 5 1 95 98
148 16 10 2 3 2 3 4 79 22
149 1 8 2 4 3 0 2 1 298 15
150 13 9 9 6 2 1 0 3 5 4 45 47
151 2 0 1 3 3 0 5 32 61
152 12 0 3 4 5 1 2 4 52 95
153 12 10 2 5 1 5 0 4 2 47 11
154 6 0 3 4 2 1 5 3 39 50
155 12 8 4 6 1 0 2 3 4 5 101 61
57
156 0 13 4 6 4 3 1 5 2 0 100 51
157 7 0 2 3 5 2 0 44 60
158 1 14 2 3 4 3 1 30 87
159 16 14 1 3 3 2 4 93 71
160 16 6 1 5 3 5 2 4 0 111 55
161 2 10 6 3 5 0 4 34 49
162 13 14 1 3 5 0 3 165 43
163 1 10 2 3 5 4 2 207 93
164 7 10 3 6 5 1 2 4 3 0 23 15
165 1 16 4 6 0 5 3 1 2 4 141 61
166 6 15 2 6 2 4 0 5 1 3 158 75
167 13 10 1 6 4 0 3 1 5 2 78 57
168 12 8 1 4 5 3 0 4 49 71
169 16 10 1 5 1 0 4 3 2 103 44
170 7 14 1 4 2 1 0 3 188 91
171 7 0 2 6 0 2 3 1 5 4 164 63
172 12 13 2 6 2 5 0 4 1 3 48 22
173 16 13 2 6 3 0 1 4 5 2 124 43
174 7 13 1 3 3 0 5 176 36
175 6 16 1 3 0 1 2 84 25
176 2 14 2 6 2 5 4 1 3 0 162 74
177 1 10 2 6 4 3 1 5 0 2 31 16
178 13 10 2 6 3 2 0 5 4 1 164 77
179 16 9 1 4 4 2 5 3 102 57
180 6 16 2 3 1 2 5 49 13
181 7 13 2 6 2 0 5 3 1 4 84 99
182 7 6 2 5 3 0 2 5 1 49 39
183 16 0 2 5 1 0 2 5 4 84 81
184 7 0 1 3 5 4 3 134 34
185 6 16 2 3 1 3 5 68 74
186 1 14 1 3 4 0 3 186 97
187 0 9 1 4 3 2 4 1 81 32
188 0 9 1 4 5 1 0 2 136 42
189 13 10 1 6 4 3 5 0 2 1 145 19
190 6 13 2 3 0 4 3 122 34
191 1 13 2 5 4 5 0 2 3 106 67
192 13 16 1 4 0 3 2 4 146 75
193 3 9 4 4 1 4 3 0 37 97
194 12 9 2 3 3 0 2 69 56
195 6 0 4 5 1 5 4 2 3 41 25
196 2 6 1 3 2 5 1 210 52
197 7 0 3 4 1 3 5 2 97 36
198 13 9 2 5 1 0 2 4 5 26 30
199 0 8 2 4 0 4 3 5 119 15
200 6 13 2 4 4 3 2 1 115 86
201 16 0 5 5 4 1 5 3 2 49 37
202 0 14 2 6 4 5 3 1 0 2 159 28
203 6 16 3 4 4 3 5 1 84 59
204 1 9 6 3 5 1 4 65 60
205 13 10 1 5 4 0 5 2 1 103 43
206 12 16 2 3 0 4 3 78 94
207 3 6 4 3 3 2 4 215 99
208 1 10 2 3 4 2 3 33 19
209 3 16 4 3 5 2 4 113 14
210 2 14 2 3 2 0 3 268 93
211 6 8 3 5 3 4 1 0 5 125 91
212 0 6 2 6 4 5 3 1 2 0 95 31
64
213 3 15 1 6 1 0 5 4 3 2 109 81
214 6 10 10 6 3 2 0 4 1 5 158 54
215 6 15 1 6 3 0 5 2 4 1 240 21
216 3 13 3 3 2 1 5 242 12
217 2 9 2 5 5 2 0 3 4 138 75
218 3 16 1 5 5 2 0 4 3 52 72
219 13 16 2 3 0 2 4 27 64
220 2 15 2 6 4 1 2 5 3 0 131 97
221 7 13 4 6 4 0 5 3 1 2 286 68
222 13 16 1 4 0 1 4 5 95 76
223 1 0 3 5 5 3 1 4 0 134 18
224 12 9 2 3 3 0 2 69 56
225 16 0 3 6 2 0 5 4 3 1 76 91
226 0 10 1 5 3 2 1 0 4 37 41
227 1 9 1 4 2 1 4 3 83 90
228 12 13 3 4 2 5 0 3 83 14
229 0 8 1 6 0 5 3 4 2 1 59 13
230 1 14 3 4 1 4 5 2 49 53
231 1 6 3 3 1 5 4 117 17
232 1 13 2 6 4 1 2 0 3 5 46 56
233 2 9 1 6 0 1 2 5 3 4 102 78
234 12 15 2 4 5 0 1 3 45 35
235 0 13 1 3 2 0 4 59 73
236 6 15 2 6 0 1 4 2 5 3 131 66
237 3 14 1 5 5 0 3 2 4 240 91
238 0 9 1 6 5 0 3 1 2 4 121 77
239 2 6 3 6 3 1 2 4 0 5 111 90
240 12 10 4 3 4 0 3 44 55
241 2 8 1 5 3 4 0 1 5 446 92
242 1 8 2 5 3 1 2 0 4 304 57
243 12 8 2 5 4 5 2 0 3 50 47
244 3 9 8 4 3 5 1 2 54 90
245 0 9 1 3 1 5 3 96 75
246 1 16 2 6 3 4 5 2 1 0 66 24
247 16 8 2 5 2 0 3 5 4 68 11
248 16 15 3 5 3 5 0 1 4 167 30
249 7 9 2 4 5 4 3 1 87 84
250 16 15 5 5 2 1 5 0 4 171 96
251 2 10 1 3 1 4 0 246 17
252 12 14 3 5 4 1 3 2 5 87 63
253 1 0 3 4 5 3 4 1 26 97
254 13 14 5 5 3 5 2 4 1 180 100
255 0 10 2 5 3 2 1 0 4 37 41
256 3 0 2 3 5 4 1 127 80
257 2 10 2 5 3 4 0 2 5 92 65
258 16 8 1 5 1 2 4 0 3 116 16
259 6 16 1 4 4 5 2 1 100 62
260 13 10 5 6 1 5 4 2 3 0 131 16
261 3 0 1 3 1 3 5 102 33
262 7 15 1 5 2 4 0 1 5 58 14
263 16 6 2 5 3 5 2 4 0 111 55
264 13 14 2 6 1 0 3 4 5 2 192 31
265 7 0 2 3 5 2 0 44 60
266 0 9 2 4 2 3 5 1 133 52
267 1 15 3 4 0 2 5 3 91 92
268 3 15 4 5 4 5 2 0 3 16 26
269 13 8 9 5 3 2 0 4 1 97 96
270 16 15 1 6 1 3 4 2 0 5 47 83
271 0 16 4 3 3 0 2 177 30
272 2 9 2 4 1 2 3 0 44 60
273 6 13 4 6 5 0 1 3 4 2 59 98
274 2 6 4 6 3 1 2 4 0 5 111 90
275 3 9 2 5 5 3 2 0 4 112 68
276 1 8 5 6 4 3 2 1 0 5 372 47
52
277 0 15 1 6 5 1 3 2 4 0 114 19
278 3 10 2 5 2 5 1 0 3 137 75
279 0 13 1 5 0 5 2 4 3 114 43
280 7 8 1 5 4 2 1 5 3 196 94
281 0 10 3 6 4 5 0 1 2 3 84 39
282 12 13 6 4 1 4 3 5 70 18
283 3 16 1 6 4 1 5 2 3 0 69 33
284 12 9 2 4 3 4 1 0 118 54
285 13 8 1 6 3 4 5 1 2 0 83 45
286 2 14 1 6 0 3 2 4 5 1 106 60
287 12 15 5 3 3 2 4 28 33
288 13 16 3 3 2 1 0 110 22
289 16 8 1 4 1 2 5 4 56 40
290 12 14 2 5 2 0 3 4 1 82 49
291 12 8 2 5 3 0 2 1 5 43 36
292 3 8 2 3 1 3 2 217 28
293 7 15 3 3 1 0 5 193 87
294 1 6 1 5 4 2 0 5 1 324 25
295 12 15 2 6 1 0 4 5 3 2 25 21
296 16 10 2 3 2 3 4 79 22
297 1 13 4 3 3 0 2 55 10
298 7 14 4 6 4 1 2 0 5 3 133 62
299 6 16 1 4 4 1 5 0 148 53
300 3 13 3 5 0 3 4 1 5 18 71
301 6 14 4 4 5 2 0 4 156 42
302 12 15 1 3 1 5 2 91 31
303 13 10 2 6 1 5 4 2 3 0 131 16
304 3 0 1 5 5 4 3 1 0 27 78
305 6 15 1 6 0 1 4 2 3 5 68 28
306 12 8 4 5 5 0 1 4 2 57 52
307 7 6 2 4 0 3 1 5 262 71
308 7 15 2 3 4 2 5 164 65
309 2 8 8 4 1 3 5 0 333 44
310 1 10 2 3 5 4 2 207 93
311 12 16 3 3 2 4 0 77 47
312 0 8 3 4 2 0 4 5 10 60
313 2 13 2 4 4 2 0 5 128 88
314 16 6 2 3 3 5 4 101 94
315 13 10 2 6 4 3 5 0 2 1 145 19
316 3 9 1 3 3 5 4 80 92
317 3 8 5 6 0 5 2 3 4 1 182 66
318 3 8 2 6 4 1 0 5 3 2 319 78
319 2 0 1 3 0 2 5 79 91
320 3 15 2 6 4 1 5 3 0 2 55 97
321 3 16 1 6 4 1 5 2 3 0 90 94
322 1 9 4 3 2 1 4 95 68
323 12 6 1 6 2 0 3 5 4 1 22 11
324 1 13 2 3 5 4 3 104 80
325 13 8 3 5 1 5 0 4 3 86 86
326 3 10 5 4 1 4 2 5 140 83
327 3 6 6 5 4 3 5 1 2 184 31
328 13 9 5 6 3 2 4 5 0 1 119 99
57
329 16 0 2 4 1 0 4 3 167 43
330 13 10 2 4 0 5 4 1 108 13
331 12 8 2 3 1 2 0 40 81
332 7 15 1 6 2 0 5 4 3 1 112 11
333 2 10 2 3 1 4 0 246 17
334 0 6 3 4 3 5 4 2 89 46
335 12 6 2 4 2 1 5 4 103 38
336 2 16 2 3 5 0 1 76 12
337 0 8 1 6 3 5 2 0 1 4 23 19
338 3 10 2 3 5 2 3 98 95
339 12 14 2 5 5 4 1 0 2 12 37
340 1 0 1 5 4 3 5 1 2 104 49
341 0 15 2 5 2 5 0 4 1 32 18
342 0 10 1 3 3 1 2 82 20
343 6 0 1 6 3 0 1 2 4 5 86 14
344 2 15 2 6 3 2 0 5 4 1 11 97
345 13 9 1 5 1 3 5 0 2 58 62
346 2 14 1 4 0 2 5 3 119 92
347 16 8 3 5 5 4 1 0 3 26 23
348 16 9 3 4 3 5 1 0 113 23
349 13 0 3 4 5 4 1 0 129 66
350 7 8 3 5 3 5 1 0 4 93 27
351 16 13 1 4 1 0 3 4 23 49
352 16 6 2 4 5 3 0 4 91 26
353 2 8 3 3 0 4 5 308 100
354 0 16 1 4 0 1 4 3 30 54
355 7 8 2 4 3 0 4 2 20 28
356 7 15 2 3 4 2 5 164 65
357 3 13 2 4 5 1 0 3 92 52
358 7 14 2 5 5 1 3 0 2 135 12
359 1 10 2 3 0 5 3 254 90
360 16 15 2 5 5 2 4 1 0 67 77
361 6 14 5 5 5 4 3 2 0 197 74
362 6 9 2 5 3 2 5 4 0 30 99
363 12 9 6 4 3 4 2 5 57 50
364 1 0 2 5 5 3 1 4 0 134 18
365 2 15 8 3 0 3 4 99 87
366 2 14 3 5 1 5 0 3 2 88 82
367 1 0 2 5 5 3 1 4 0 134 18
368 2 9 2 6 3 1 4 2 0 5 38 37
369 12 0 2 4 1 0 2 5 112 49
370 0 9 1 4 3 2 4 1 81 32
371 2 8 2 6 0 1 5 4 3 2 333 70
372 12 9 1 4 4 3 5 0 66 36
373 6 16 1 4 4 5 3 2 112 96
374 3 16 3 3 5 2 4 113 14
375 1 8 3 6 1 2 0 3 5 4 487 74
376 7 6 3 6 5 4 1 2 0 3 99 46
377 16 9 1 5 4 2 3 5 0 96 58
378 6 10 1 3 2 5 1 157 54
379 13 14 3 6 4 3 5 2 0 1 127 25
380 7 0 1 4 1 0 4 5 80 55
381 13 14 2 5 0 2 3 4 1 146 37
382 3 6 3 5 0 4 2 5 1 76 90
383 7 9 6 3 2 1 4 52 30
384 13 6 3 3 5 0 4 166 64
385 12 13 2 4 2 5 0 3 83 14
66
386 1 8 1 3 5 3 2 193 64
387 1 13 1 5 3 5 2 4 0 35 93
388 12 16 3 4 4 3 2 0 74 86
389 6 13 2 3 4 1 5 65 11
390 12 0 1 6 5 2 4 1 3 0 75 18
391 2 15 1 6 4 0 1 5 3 2 218 66
392 7 13 4 4 4 1 3 5 115 92
393 0 16 1 4 1 2 5 0 116 90
394 6 16 1 3 4 5 1 95 98
395 3 9 1 6 2 0 4 1 3 5 31 28
396 12 9 1 5 0 3 5 2 1 67 26
397 2 14 1 6 0 3 2 4 5 1 106 60
398 7 14 1 5 5 1 3 0 2 135 12
399 7 6 3 3 1 2 4 145 36
400 0 15 1 4 4 5 1 0 26 13
401 3 13 7 3 3 0 4 145 47
402 12 8 2 4 4 5 3 1 64 14
403 7 9 1 6 1 4 0 2 5 3 90 32
404 3 9 3 6 1 2 5 3 0 4 28 40
405 1 16 2 5 2 1 5 3 4 136 22
406 2 13 2 3 0 1 3 103 67
407 3 9 2 5 3 5 4 0 2 59 62
408 16 9 2 4 2 1 4 5 124 13
409 16 10 2 6 4 1 0 2 5 3 180 40
410 2 6 1 4 5 3 1 2 319 62
411 0 6 1 4 5 2 4 3 106 30
412 6 14 4 5 5 4 3 1 2 134 57
413 1 15 6 3 5 0 3 218 26
414 16 10 1 3 1 0 4 24 71
415 7 16 1 6 0 4 1 3 2 5 133 18
416 2 6 1 5 1 5 0 2 4 49 97
417 13 15 2 5 5 0 4 3 1 61 60
418 2 8 2 3 2 3 0 317 82
419 3 15 1 4 2 1 0 4 180 86
420 1 13 5 6 4 1 2 0 3 5 46 56
421 16 6 7 4 3 4 1 2 124 13
422 13 0 1 3 2 1 4 66 62
423 1 6 2 3 3 4 5 241 56
424 3 0 3 5 4 2 5 0 3 115 48
425 1 14 2 4 4 3 1 2 132 97
426 7 0 1 4 3 0 4 1 11 66
427 1 9 3 5 2 0 4 3 1 37 51
428 0 8 4 3 5 1 3 40 11
429 12 14 4 3 2 1 0 31 98
430 12 10 2 6 1 4 3 2 0 5 65 99
431 3 15 3 5 2 1 3 4 0 96 25
432 13 14 2 6 3 5 1 2 4 0 230 72
433 16 13 1 5 4 3 5 2 1 57 47
434 7 15 1 4 3 2 4 1 187 62
435 12 8 4 6 4 3 1 2 5 0 79 61
436 1 14 1 6 5 3 0 2 4 1 152 86
437 6 15 2 3 1 2 0 211 68
438 7 0 3 5 5 3 4 0 2 117 19
439 12 0 3 3 1 3 5 24 80
440 2 13 1 5 3 4 2 0 1 102 18
441 7 6 2 3 5 3 1 38 94
442 12 14 4 4 1 2 0 5 28 75
443 16 14 5 6 0 3 2 1 4 5 68 84
444 16 14 5 3 5 4 2 15 99
445 12 6 1 6 5 1 3 0 2 4 68 81
446 3 0 10 3 3 4 5 44 90
447 3 14 3 6 5 3 4 2 0 1 113 75
448 6 13 5 6 0 1 2 3 4 5 17 78
449 16 15 3 5 2 0 4 1 5 132 53
450 2 9 3 4 1 2 3 0 44 60
451 12 6 2 4 2 1 5 4 103 38
48
452 0 15 2 6 1 0 4 5 3 2 20 14
453 16 0 7 3 3 1 2 125 50
454 6 13 1 4 4 2 1 0 68 40
455 12 8 1 3 3 1 0 35 51
456 6 8 6 5 1 3 4 2 5 234 64
457 7 14 4 3 4 1 0 116 34
458 0 6 1 5 3 4 0 1 2 14 81
459 1 14 2 5 3 5 1 4 0 124 73
460 7 8 5 3 1 3 0 163 30
461 3 15 2 3 5 2 0 14 37
462 0 6 3 4 0 3 4 1 15 38
463 16 13 2 6 3 2 0 1 4 5 164 71
464 6 13 3 6 1 3 2 0 4 5 52 57
465 2 6 1 5 2 3 1 4 0 61 64
466 13 10 3 5 1 3 2 0 5 82 30
467 12 6 1 5 1 5 0 3 4 69 84
468 2 0 2 6 0 1 4 3 5 2 16 42
469 3 15 1 5 4 5 2 0 3 16 26
470 2 13 2 6 4 0 5 1 2 3 89 57
471 12 14 2 5 1 3 4 5 0 80 33
472 3 14 2 5 5 0 3 2 4 240 91
473 3 8 4 3 0 1 3 391 34
474 1 16 2 5 2 1 5 3 4 136 22
475 6 15 6 6 4 2 3 1 0 5 101 77
476 16 13 2 5 0 3 5 1 2 136 54
477 3 15 1 5 0 3 5 2 1 77 28
478 3 8 1 3 0 4 1 380 51
479 13 8 1 5 5 3 4 2 1 61 38
480 6 0 2 5 3 0 2 5 4 103 87
481 1 15 4 6 4 0 3 5 2 1 91 60
482 2 10 5 3 5 3 1 43 43
483 2 8 3 4 5 2 1 3 262 46
484 1 14 4 4 2 4 5 3 143 36
485 12 9 3 6 4 0 5 2 3 1 27 43
486 1 0 2 4 3 5 1 4 95 78
487 3 14 6 5 5 0 3 2 4 240 91
488 6 13 3 4 0 3 4 2 157 11
489 7 6 1 4 3 2 1 4 122 55
490 3 15 4 6 1 3 0 4 2 5 47 10
491 16 0 1 3 2 1 0 102 89
492 1 16 2 3 3 2 1 22 49
493 0 10 2 5 1 4 3 2 5 44 96
494 3 16 2 4 0 4 1 5 31 11
495 7 8 3 5 1 5 0 3 2 172 71
496 13 6 3 5 2 0 4 1 5 103 96
497 12 8 3 3 4 0 3 44 48
498 13 8 5 4 0 3 2 4 91 86
499 1 9 3 6 4 3 1 2 5 0 58 21
55
500 0 6 1 4 5 2 4 3 106 30
501 2 6 1 5 5 4 1 3 0 63 40
502 2 9 5 6 5 0 2 4 3 1 90 29
503 12 8 2 4 1 4 2 0 66 71
504 1 15 1 5 2 5 1 3 4 76 49
505 16 15 1 3 1 4 2 25 42
506 2 14 3 6 3 2 1 0 5 4 289 50
507 13 15 4 4 1 0 2 3 128 100
508 2 6 1 4 0 4 1 3 322 96
509 0 13 6 6 1 2 3 0 5 4 71 13
510 3 9 2 6 2 0 4 1 3 5 31 28
511 0 9 1 5 4 1 5 3 2 33 24
512 16 6 2 4 4 2 0 1 116 36
513 0 15 2 5 2 4 5 1 0 183 67
514 12 15 8 6 4 2 5 0 3 1 64 23
515 16 10 4 3 2 5 3 139 79
516 7 15 5 3 0 1 5 179 69
517 0 13 2 5 0 5 2 4 3 114 43
518 3 14 3 5 1 0 3 2 5 208 21
519 3 13 2 3 5 0 3 13 15
520 2 0 1 6 4 5 3 2 0 1 66 12
521 1 16 2 5 0 2 4 5 1 25 67
522 3 0 2 6 0 5 4 2 3 1 96 38
523 13 16 2 3 3 2 1 109 80
524 12 8 2 6 1 3 4 5 0 2 53 62
525 3 15 1 4 5 2 1 0 178 60
526 7 16 3 6 0 4 1 3 2 5 133 18
527 12 6 2 3 5 0 1 38 74
528 1 6 2 6 1 5 3 0 4 2 382 21
529 7 13 2 3 2 4 3 143 60
530 7 0 2 5 0 1 2 5 3 33 23
531 0 16 3 5 0 3 2 4 5 110 34
532 0 14 12 3 4 3 2 99 84
533 0 14 2 3 5 2 1 176 16
534 1 10 8 5 5 3 0 1 2 159 46
535 3 6 2 6 1 4 0 2 5 3 133 87
536 0 14 3 3 5 0 1 93 91
537 0 13 4 5 5 2 4 0 3 45 95
538 16 15 5 3 2 3 0 116 20
539 16 10 3 6 0 3 5 2 1 4 84 38
540 0 9 2 5 3 1 5 0 4 35 49
541 0 10 2 4 1 5 4 3 147 86
542 13 6 3 5 3 5 2 1 4 62 46
543 0 16 1 4 0 1 4 3 30 54
544 16 10 4 5 1 0 4 3 2 103 44
545 0 8 2 6 4 2 3 1 5 0 17 74
546 12 9 2 3 3 0 2 69 56
547 7 10 5 5 5 2 0 3 1 255 69
548 16 8 3 5 3 5 1 4 2 45 14
549 7 13 2 6 5 0 3 4 1 2 157 48
550 16 13 3 3 3 5 0 119 49
551 3 0 3 5 0 4 2 1 5 27 27
552 3 16 3 6 3 0 4 5 2 1 18 87
553 13 16 5 5 2 5 1 3 0 92 42
554 6 15 2 6 4 3 5 1 2 0 51 61
45
555 12 14 3 5 4 1 3 2 5 87 63
556 1 10 1 3 4 0 1 119 64
557 3 0 1 5 0 4 2 1 5 27 27
558 6 9 4 5 4 1 5 3 2 62 65
559 1 14 3 5 2 5 1 4 3 109 25
560 2 13 2 5 4 3 2 0 1 106 60
561 12 0 3 6 0 2 5 4 1 3 57 35
562 0 15 1 4 1 0 3 5 89 29
563 0 15 3 4 0 2 5 4 89 30
564 16 6 4 4 0 4 5 3 86 33
565 12 16 4 4 3 5 1 4 119 14
566 7 15 5 3 4 2 5 164 65
567 13 16 2 5 2 5 1 3 0 92 42
568 7 10 2 3 0 2 5 106 63
569 0 6 1 6 0 5 4 2 1 3 85 73
570 6 15 1 6 1 0 5 2 3 4 148 17
571 0 9 2 4 3 2 4 1 81 32
572 0 16 3 5 5 0 3 4 2 84 56
573 0 10 3 5 4 2 3 0 5 51 38
574 3 8 2 5 4 1 3 5 0 440 79
575 6 13 1 3 0 4 3 122 34
576 3 8 1 6 0 5 2 3 4 1 182 66
577 1 10 2 3 1 3 0 214 84
578 16 0 2 3 3 1 2 125 50
579 7 16 4 3 0 1 2 117 34
580 1 15 2 5 3 4 2 5 1 98 40
581 16 8 3 6 3 0 2 4 1 5 57 81
582 7 0 2 5 5 3 4 0 2 117 19
583 12 16 4 3 3 5 4 62 20
584 13 15 5 5 0 2 5 1 3 89 66
585 7 6 1 3 2 0 4 127 69
586 6 10 5 3 2 5 1 157 54
587 0 9 4 5 4 5 1 3 0 180 28
588 7 10 3 5 5 2 0 3 1 255 69
589 12 9 2 3 0 4 2 79 60
590 1 14 3 4 2 1 5 0 118 56
591 2 9 6 3 0 5 1 64 85
592 13 0 4 5 2 4 0 3 1 85 88
593 16 15 2 6 4 3 2 0 5 1 137 72
594 2 14 3 5 5 2 4 3 0 33 52
595 1 8 2 6 3 5 2 1 0 4 167 84
596 16 14 2 3 0 3 1 58 47
597 7 13 2 3 2 4 3 143 60
598 0 15 2 4 5 2 4 0 164 64
599 16 6 6 3 2 0 1 117 47
49
600 3 8 1 3 1 2 4 312 96
601 12 10 2 4 3 1 2 4 68 41
602 3 8 1 4 1 5 4 3 224 21
603 6 8 3 5 2 3 5 1 0 110 15
604 3 16 2 6 4 1 5 2 3 0 90 94
605 7 15 1 6 2 0 3 5 4 1 262 31
606 0 16 2 3 5 3 1 149 34
607 12 9 1 5 3 2 4 0 5 106 34
608 12 10 2 5 4 1 0 5 3 77 100
609 1 15 2 6 3 4 0 1 5 2 129 84
610 2 16 1 4 5 0 3 1 66 64
611 7 0 4 4 3 0 4 1 11 66
612 7 14 1 6 4 0 5 1 3 2 259 32
613 12 0 4 6 2 3 1 5 0 4 72 46
614 0 15 1 5 5 4 0 2 1 20 80
615 12 13 1 4 1 4 3 5 70 18
616 1 6 2 4 5 2 4 1 94 78
617 6 14 2 5 4 5 2 0 3 211 78
618 0 16 2 4 5 4 3 0 95 91
619 1 9 3 3 5 1 4 65 60
620 12 13 4 3 2 5 4 54 99
621 7 13 6 4 5 3 0 4 162 51
622 0 10 3 5 4 2 3 0 5 51 38
623 6 8 3 5 0 3 2 4 5 112 76
624 13 15 2 3 3 0 4 205 38
625 0 6 3 3 4 0 1 126 57
626 6 16 3 4 4 1 5 0 148 53
627 7 14 2 6 2 1 0 5 3 4 162 15
628 1 10 1 3 1 3 0 214 84
629 1 10 3 3 4 2 0 192 92
630 0 6 2 6 0 5 4 2 1 3 85 73
631 0 14 2 3 4 3 2 99 84
632 2 16 2 3 2 3 1 91 17
633 1 13 2 5 2 4 0 3 1 169 43
634 16 9 2 4 4 5 1 0 149 24
635 12 14 5 6 1 0 5 2 4 3 66 44
636 3 6 2 5 0 1 5 3 2 17 62
637 2 10 2 6 3 1 5 0 2 4 54 98
638 0 6 4 6 2 0 4 5 3 1 163 52
639 7 15 2 4 3 2 4 1 187 62
640 6 14 4 4 5 2 0 4 156 42
641 12 9 1 3 1 2 4 11 30
642 16 9 2 6 0 1 2 5 4 3 140 70
643 12 6 2 6 2 1 3 5 0 4 56 71
644 7 10 2 3 1 3 0 107 48
645 3 14 4 5 2 5 3 0 4 27 31
646 12 16 3 4 3 5 0 4 48 59
647 0 16 3 4 0 1 4 5 74 93
648 1 14 3 3 4 3 1 30 87
45
649 16 0 3 3 0 1 2 121 35
650 3 10 2 5 3 1 5 2 0 187 11
651 0 8 3 4 2 0 4 5 10 60
652 1 13 1 3 5 4 3 104 80
653 6 16 1 3 4 5 1 95 98
654 12 13 2 6 4 1 0 2 5 3 56 65
655 16 0 3 6 1 4 5 3 2 0 125 54
656 0 14 2 5 4 0 1 3 2 66 75
657 1 9 1 3 4 2 3 79 12
658 2 16 1 3 2 4 0 58 63
659 12 8 1 4 2 4 0 1 44 39
660 1 10 1 5 3 0 5 2 1 236 15
661 16 0 1 5 0 3 5 1 2 42 37
662 1 8 1 5 4 1 2 3 0 282 46
663 13 9 1 5 0 4 2 3 5 179 70
664 7 15 4 6 0 4 3 5 2 1 145 25
665 7 16 2 3 5 0 4 60 13
666 7 16 1 3 5 0 4 60 13
667 1 6 2 5 4 2 0 5 1 324 25
668 7 6 1 3 5 3 1 38 94
669 7 0 2 4 4 3 1 0 117 59
670 2 8 8 3 0 4 5 308 100
671 1 10 2 4 2 1 5 4 188 82
672 6 15 4 3 3 1 0 45 35
673 12 14 2 3 2 0 1 58 76
674 2 15 2 5 4 3 0 1 2 115 59
675 7 6 1 3 2 0 4 127 69
676 2 8 2 6 3 1 2 5 0 4 153 51
677 13 8 1 5 3 2 0 4 1 97 96
678 2 13 2 5 5 2 1 4 3 102 26
679 16 13 1 3 4 0 5 94 35
680 6 13 5 4 0 3 4 2 157 11
681 13 6 3 5 5 3 0 1 4 13 45
682 0 16 5 4 0 1 4 5 74 93
683 13 15 4 5 2 1 0 5 3 42 51
684 2 0 3 6 3 2 1 5 4 0 13 35
685 2 8 3 5 5 4 0 1 2 56 24
686 13 6 5 4 3 0 4 5 164 22
687 2 6 2 5 5 4 1 3 0 63 40
688 13 8 2 5 3 0 5 2 4 138 14
689 6 0 8 4 5 1 0 4 50 34
690 1 10 7 6 4 5 0 1 2 3 131 64
691 12 14 3 4 3 5 0 1 23 76
692 1 0 4 4 5 3 1 4 73 62
693 16 15 2 4 2 0 4 1 71 93
46
694 1 10 6 6 4 3 1 5 0 2 31 16
695 16 15 2 4 3 0 1 4 80 19
696 12 6 2 4 2 1 5 4 103 38
697 0 16 2 6 4 0 1 5 3 2 68 49
698 16 14 6 3 1 4 2 78 49
699 3 16 4 6 4 1 5 2 3 0 90 94
700 1 9 1 4 2 0 3 4 34 59
701 7 13 3 5 4 3 1 2 5 227 95
702 1 0 1 3 2 1 3 92 63
703 6 10 4 4 5 3 1 2 23 49
704 2 13 2 5 0 4 5 3 1 139 29
705 1 13 1 5 2 4 0 3 1 169 43
706 16 8 2 4 1 2 4 5 22 26
707 6 16 3 4 4 5 3 2 112 96
708 12 15 1 6 0 1 4 2 3 5 127 25
709 12 8 1 6 2 1 5 0 3 4 57 29
710 12 13 3 3 0 2 1 78 22
711 16 6 1 5 0 3 4 2 5 159 10
712 3 0 2 3 1 3 5 102 33
713 6 9 1 3 0 1 2 72 62
714 16 6 3 5 1 2 5 4 3 48 79
715 2 0 2 3 2 1 0 63 34
716 12 15 2 4 0 1 3 5 51 20
717 12 14 1 6 5 4 1 0 3 2 97 81
718 3 15 1 6 4 3 2 0 1 5 106 65
719 0 6 1 6 0 5 4 2 1 3 85 73
720 7 13 2 4 4 1 3 5 115 92
721 1 15 1 5 2 0 5 3 4 123 83
722 16 10 3 3 1 0 4 24 71
723 6 13 1 5 3 2 4 5 0 29 73
724 0 13 2 5 5 2 4 0 3 45 95
725 2 6 3 5 5 4 1 3 0 63 40
726 7 8 2 4 3 0 4 2 20 28
727 6 15 2 6 0 1 4 2 5 3 131 66
728 3 0 2 3 5 4 1 127 80
729 1 9 4 6 5 1 3 2 0 4 55 65
730 13 14 7 4 1 2 4 5 133 21
731 6 14 7 6 4 3 5 2 1 0 149 99
732 13 10 4 5 4 2 3 0 1 36 98
733 2 13 3 3 0 1 3 103 67
734 0 8 3 5 2 1 5 3 4 152 44
735 7 16 2 4 1 0 4 5 79 84
736 1 9 2 5 2 0 4 3 1 37 51
737 2 16 4 3 0 2 5 75 21
738 0 9 3 3 0 5 1 180 78
739 13 15 2 3 5 1 0 126 16
51
740 1 9 5 3 4 0 2 44 93
741 7 13 3 5 4 1 2 0 3 24 67
742 13 16 1 3 5 3 2 78 58
743 6 16 1 6 0 4 1 3 2 5 191 49
744 7 8 1 5 5 2 1 4 0 98 52
745 3 16 1 3 0 5 2 85 24
746 3 0 1 4 1 2 4 0 56 27
747 13 9 2 6 5 3 4 1 0 2 134 57
748 1 6 1 5 2 5 0 3 1 61 98
749 12 10 1 4 5 4 2 1 53 45
750 12 10 3 5 5 4 3 2 1 66 11
751 13 15 5 6 0 2 1 3 5 4 159 16
752 7 13 4 6 5 0 3 4 1 2 157 48
753 13 6 1 5 5 3 0 1 4 13 45
754 16 0 2 3 1 2 4 133 72
755 6 16 4 4 3 1 4 5 116 80
756 16 8 2 5 1 2 4 0 3 116 16
757 3 14 2 5 5 0 1 2 3 112 17
758 7 16 6 4 5 1 3 0 150 78
759 3 8 1 3 0 4 1 380 51
760 3 8 2 3 4 1 3 145 46
761 13 9 2 6 1 0 3 2 4 5 101 65
762 6 14 1 4 5 2 0 4 156 42
763 16 6 3 5 1 0 5 4 3 58 25
764 12 0 1 3 1 3 5 24 80
765 0 13 6 3 2 4 3 137 69
766 12 16 4 4 4 3 2 0 74 86
767 13 8 4 5 4 1 2 5 0 95 42
768 12 13 2 6 2 3 0 5 1 4 92 50
769 12 10 5 3 2 4 3 53 94
770 1 16 2 5 0 2 4 5 1 25 67
771 6 14 5 3 4 1 0 237 85
772 1 15 6 5 2 0 5 3 4 123 83
773 13 9 2 4 4 3 1 5 89 34
774 1 14 2 4 2 4 5 3 143 36
775 16 8 2 5 5 4 1 0 3 26 23
776 3 16 2 3 1 5 2 99 42
777 7 16 5 3 3 1 0 104 51
778 16 9 2 3 0 5 3 78 29
779 1 15 3 3 3 1 4 147 76
780 13 10 2 6 1 5 2 4 0 3 111 91
781 16 9 4 4 2 1 4 5 124 13
782 12 14 2 3 2 0 1 58 76
783 7 13 3 5 5 3 0 4 2 21 60
784 6 8 2 5 3 4 1 0 5 125 91
785 16 10 4 3 2 3 4 79 22
786 13 0 2 4 0 1 3 4 50 21
787 7 0 4 4 0 1 4 2 76 42
788 7 6 2 3 2 0 4 167 39
789 0 10 1 4 3 0 4 5 136 97
790 3 15 4 5 5 4 1 0 2 172 79
59
791 16 14 1 3 4 1 5 145 99
792 12 15 1 5 4 2 5 0 3 85 41
793 16 0 3 5 3 2 0 1 4 160 48
794 7 13 1 4 4 1 3 5 115 92
795 12 14 1 6 5 4 1 0 3 2 97 81
796 6 8 3 5 1 3 4 2 5 234 64
797 1 0 2 6 2 0 5 4 1 3 55 24
798 16 13 2 3 4 0 5 94 35
799 13 6 1 5 5 3 0 1 4 13 45
800 12 0 1 6 0 4 2 5 1 3 61 83
801 2 9 1 6 4 5 2 0 3 1 81 69
802 2 15 1 6 5 2 0 1 4 3 113 53
803 13 0 3 4 1 0 4 2 27 50
804 2 8 1 4 1 5 4 0 238 36
805 16 6 1 5 0 2 1 4 5 143 45
806 12 6 3 3 1 2 3 29 80
807 0 10 4 5 2 5 1 0 3 65 45
808 6 14 1 4 0 3 1 4 73 85
809 3 6 1 5 4 3 5 1 2 184 31
810 3 9 1 3 3 2 1 19 71
811 16 15 10 5 3 5 0 1 4 167 30
812 6 15 3 6 0 1 4 2 3 5 68 28
813 16 13 3 5 4 3 5 2 1 57 47
814 12 0 2 3 1 3 5 24 80
815 7 0 2 4 3 1 2 0 36 40
816 12 6 2 6 5 0 4 1 3 2 55 49
817 2 0 2 6 3 2 1 5 4 0 13 35
818 7 14 5 4 4 3 5 1 144 73
819 13 10 6 4 4 3 5 1 127 63
820 12 6 5 4 0 3 5 2 44 50
821 12 8 1 3 2 3 1 36 35
822 7 15 1 5 4 3 1 2 5 79 86
823 0 14 1 6 0 3 1 2 4 5 29 61
824 2 13 3 5 1 5 4 3 2 70 18
825 0 15 2 5 2 5 0 4 1 32 18
826 3 13 3 6 2 5 1 3 4 0 32 33
827 2 0 2 6 3 2 1 5 4 0 13 35
828 12 0 1 3 1 4 3 45 55
829 2 6 3 6 2 0 1 3 4 5 191 24
830 12 14 1 6 5 4 1 0 3 2 97 81
831 1 13 1 4 0 2 3 4 123 38
832 12 6 1 6 3 1 4 2 5 0 42 45
833 12 15 6 4 1 5 3 4 48 38
834 2 6 2 3 0 5 1 183 85
835 3 9 2 5 5 0 3 1 2 111 30
836 13 6 1 3 2 0 3 53 37
837 13 9 1 6 3 2 4 0 5 1 76 81
838 0 10 2 5 3 2 1 0 4 37 41
839 6 9 7 3 0 1 2 72 62
840 7 14 2 6 4 0 5 1 3 2 259 32
841 2 6 5 3 0 5 1 183 85
842 2 0 5 3 2 1 3 61 74
843 12 6 3 6 3 1 4 2 5 0 42 45
844 7 0 6 5 5 3 4 0 2 117 19
845 0 13 2 5 1 2 3 4 5 157 60
846 12 0 2 6 0 2 4 3 1 5 58 53
847 1 15 2 4 5 2 3 0 13 96
848 7 8 1 3 2 5 4 60 34
849 2 10 3 5 3 2 0 5 4 231 33
58
850 6 10 1 6 2 3 4 1 0 5 119 62
851 0 16 1 6 0 5 3 2 4 1 57 66
852 3 6 2 4 1 4 2 5 64 55
853 6 9 1 5 5 4 2 3 0 132 24
854 16 8 4 5 2 0 3 5 4 68 11
855 2 13 4 3 2 1 0 97 37
856 13 10 3 6 4 0 3 1 5 2 78 57
857 3 10 5 4 0 1 5 3 214 89
858 1 9 1 4 2 0 3 4 34 59
859 3 6 2 3 3 2 4 215 99
860 13 14 3 3 2 1 3 213 50
861 1 14 1 3 4 5 3 138 40
862 6 13 4 6 1 3 5 4 2 0 151 21
863 12 6 1 6 3 5 2 4 1 0 89 29
864 12 9 1 6 3 0 5 4 1 2 65 31
865 6 10 1 5 5 4 0 3 2 61 47
866 7 6 9 4 0 1 5 4 59 60
867 13 10 1 6 0 5 2 3 4 1 100 58
868 0 6 2 3 5 3 2 60 67
869 6 9 8 3 0 1 2 72 62
870 2 13 2 3 4 0 5 96 31
871 0 8 1 6 4 2 3 1 5 0 17 74
872 13 14 1 3 5 0 3 165 43
873 6 15 2 5 2 0 4 1 3 52 21
874 6 8 4 6 5 0 2 4 3 1 129 45
875 7 14 1 3 5 1 4 114 82
876 7 13 2 4 5 4 3 1 106 52
877 16 0 1 3 4 0 2 97 27
878 2 13 1 3 4 1 3 197 72
879 7 14 3 6 2 4 3 5 0 1 101 73
880 16 0 1 6 2 0 5 4 3 1 76 91
881 7 0 2 3 5 4 3 31 11
882 2 14 1 5 1 5 0 3 2 88 82
883 0 13 2 4 2 0 1 4 148 82
884 2 14 1 3 2 0 3 268 93
885 13 15 4 4 0 3 5 4 68 76
886 16 9 1 5 4 2 5 1 3 158 97
887 2 10 1 6 1 0 3 2 4 5 180 18
888 2 13 2 5 1 5 4 3 2 70 18
889 1 10 2 3 4 0 1 119 64
890 1 9 3 6 4 2 1 5 0 3 123 88
891 1 16 2 3 3 2 1 22 49
892 0 10 3 4 3 2 5 4 166 75
893 12 6 3 3 5 0 1 38 74
894 2 15 2 6 3 2 0 5 4 1 11 97
895 7 9 3 4 5 3 2 4 138 30
896 6 8 4 6 2 0 3 5 1 4 226 90
897 6 15 1 5 3 2 0 1 5 251 13
898 7 16 3 3 3 1 0 104 51
899 3 16 3 6 5 1 0 4 3 2 94 45
900 12 15 7 5 0 3 2 5 1 12 64
901 7 0 3 4 3 1 2 0 36 40
902 12 14 2 4 3 1 0 2 39 60
903 12 15 3 5 4 2 5 0 3 85 41
904 12 9 2 4 4 3 5 0 66 36
905 7 10 2 5 3 4 1 5 0 18 83
906 13 16 2 6 2 4 3 5 1 0 134 82
907 1 16 3 5 1 5 0 2 3 39 91
47
908 12 14 2 5 1 3 4 5 0 80 33
909 12 9 1 3 3 0 2 69 56
910 13 14 2 4 1 5 4 3 130 10
911 12 8 3 4 5 1 2 0 78 97
912 3 16 6 6 3 5 2 1 4 0 54 65
913 12 16 3 3 3 1 2 27 25
914 1 8 1 5 4 1 2 3 0 282 46
915 7 15 4 6 5 4 0 2 1 3 170 29
916 12 9 1 5 0 4 5 2 3 107 61
917 16 14 2 5 0 4 5 1 3 78 72
918 0 13 1 3 5 0 3 49 23
919 2 15 3 5 1 0 3 2 5 105 59
920 13 16 1 6 2 4 3 5 1 0 134 82
921 3 14 1 5 3 2 0 5 4 188 77
922 3 14 4 5 3 2 0 5 4 188 77
923 0 13 4 6 1 3 5 2 4 0 131 81
924 3 9 1 6 1 3 4 5 2 0 63 90
925 3 0 2 5 0 4 3 5 2 143 53
926 3 10 2 4 4 1 5 2 195 91
927 6 10 8 4 5 2 4 1 300 34
928 16 8 3 4 1 2 4 5 22 26
929 6 10 4 4 3 5 1 2 94 50
930 6 9 2 5 0 5 3 4 2 91 59
931 2 6 2 3 0 5 4 171 36
932 7 13 3 6 2 0 5 3 1 4 84 99
933 16 13 3 5 2 5 0 3 1 112 84
934 3 0 3 6 2 5 0 4 3 1 43 48
935 2 0 3 6 5 2 1 4 0 3 80 36
936 13 15 2 6 4 5 0 3 1 2 107 36
937 12 10 4 3 4 0 3 44 55
938 3 10 3 5 3 1 5 2 0 187 11
939 13 8 2 5 4 1 2 5 0 95 42
940 2 9 6 5 0 5 4 2 3 18 74
941 13 14 4 3 2 1 3 213 50
942 16 9 3 5 3 4 5 1 2 127 27
943 3 16 6 3 4 2 3 51 59
944 0 15 1 5 3 5 1 0 2 117 72
945 16 13 5 6 3 0 1 4 5 2 124 43
946 6 0 3 3 4 0 1 161 24
947 13 0 2 4 1 0 4 2 27 50
948 2 13 2 6 0 1 3 4 5 2 90 65
949 6 16 3 4 5 2 1 3 106 62
950 7 8 1 5 5 4 1 3 0 148 45
951 6 8 2 5 0 3 2 4 5 112 76
952 3 8 1 4 1 4 0 3 243 41
953 3 14 5 3 4 5 3 113 66
954 1 14 2 5 4 5 2 1 3 201 34
47
955 13 16 3 4 3 5 1 0 115 79
956 0 10 3 6 4 5 0 1 2 3 84 39
957 6 0 6 4 4 1 2 5 117 24
958 6 13 2 5 3 4 1 0 5 207 73
959 3 15 1 5 0 3 5 2 1 77 28
960 3 16 1 3 5 4 3 64 66
961 2 0 3 4 0 4 1 3 170 25
962 12 9 1 5 0 3 5 2 1 67 26
963 16 14 1 6 4 2 0 5 3 1 51 33
964 13 16 2 3 2 1 0 110 22
965 2 9 5 3 0 5 1 64 85
966 2 14 4 6 2 3 5 4 1 0 184 26
967 0 9 1 3 0 3 2 73 66
968 1 6 1 6 1 5 3 0 4 2 382 21
969 2 14 2 6 2 5 4 1 3 0 162 74
970 12 16 2 3 5 0 4 68 58
971 3 15 2 4 2 1 0 4 180 86
972 3 6 2 3 3 2 4 215 99
973 3 8 1 6 0 5 1 2 4 3 150 18
974 3 15 2 4 1 3 5 4 131 29
975 2 15 2 6 5 2 1 0 3 4 105 43
976 7 8 3 3 5 0 3 63 23
977 1 8 2 4 0 4 1 3 122 13
978 16 9 1 3 4 0 2 88 44
979 6 15 1 5 2 4 1 5 0 86 37
980 6 9 3 3 4 5 0 67 32
981 2 13 2 3 4 1 3 197 72
982 3 10 1 4 0 1 5 3 214 89
983 6 0 3 3 3 0 4 82 99
984 6 0 5 3 3 0 4 82 99
985 3 16 1 6 3 0 4 5 2 1 18 87
986 16 8 2 4 1 2 5 4 56 40
987 2 10 2 5 3 2 0 5 4 231 33
988 16 10 4 4 1 3 4 2 109 53
989 1 13 4 4 5 3 2 1 140 82
990 16 14 2 4 2 0 4 1 16 68
991 1 15 1 5 2 0 5 3 4 123 83
992 6 16 2 3 0 1 2 84 25
993 1 8 1 6 1 2 0 3 5 4 487 74
994 13 16 2 4 0 3 2 4 146 75
995 13 6 4 6 5 4 0 1 3 2 155 66
996 16 10 2 5 1 4 2 5 0 93 91
997 6 14 4 3 5 1 4 144 78
998 13 8 3 4 5 2 3 4 61 91
999 1 10 4 5 4 5 2 1 0 273 67
1000 2 14 3 5 3 1 5 0 2 124 97
1001 16 6 2 3 2 0 1 117 47
52
1002 7 9 1 4 4 2 5 1 98 21
1003 7 14 1 6 1 2 5 4 3 0 158 21
1004 0 6 1 4 5 2 4 3 106 30
1005 0 13 3 5 5 2 4 0 3 45 95
1006 3 0 4 4 1 2 4 0 56 27
1007 6 15 2 3 3 2 4 46 19
1008 1 9 4 6 2 0 5 1 4 3 67 36
1009 6 8 3 5 4 1 0 2 5 108 18
1010 6 9 1 3 1 2 3 54 73
1011 3 9 3 5 5 0 3 1 2 111 30
1012 13 15 3 5 5 0 4 3 1 61 60
1013 7 13 1 6 5 0 3 4 1 2 157 48
1014 0 8 1 6 0 1 4 2 3 5 79 55
1015 12 6 1 6 5 2 0 4 1 3 66 72
1016 12 9 4 3 0 4 2 79 60
1017 7 0 2 3 4 2 3 86 19
1018 0 6 2 6 4 1 0 2 3 5 118 75
1019 12 6 1 5 0 1 2 4 3 42 49
1020 6 15 2 6 0 2 5 1 3 4 52 27
1021 12 6 3 6 5 2 0 4 1 3 66 72
1022 3 16 4 5 5 2 0 4 1 35 66
1023 6 10 1 4 3 5 1 2 94 50
1024 13 0 6 5 2 4 0 3 1 85 88
1025 7 14 3 6 2 1 0 5 3 4 162 15
1026 16 14 1 3 0 3 1 58 47
1027 6 8 1 5 3 4 1 0 5 125 91
1028 0 15 2 3 3 2 5 155 13
1029 3 14 7 4 5 0 4 3 115 83
1030 12 9 4 3 2 3 5 18 15
1031 12 13 3 3 2 5 4 54 99
1032 6 14 3 3 3 2 5 239 40
1033 13 9 2 6 2 1 4 0 5 3 82 75
1034 13 16 2 6 3 4 2 1 5 0 224 21
1035 2 13 4 4 1 2 3 4 103 87
1036 13 10 1 5 4 2 3 0 1 36 98
1037 3 6 5 3 3 2 4 215 99
1038 2 10 2 6 5 0 1 3 4 2 111 52
1039 2 8 2 6 1 4 3 5 2 0 386 74
1040 0 15 2 3 4 0 1 80 11
1041 13 6 2 6 5 4 0 1 3 2 155 66
1042 7 8 1 6 2 5 3 0 1 4 139 46
1043 6 10 2 5 5 1 4 0 3 51 10
1044 2 10 4 4 2 0 1 4 138 17
1045 6 10 2 5 0 2 4 3 5 146 36
1046 12 16 2 3 0 4 3 78 94
1047 3 0 5 6 0 5 4 2 3 1 96 38
1048 1 14 1 4 5 3 4 0 311 61
1049 2 15 4 4 2 1 5 4 85 85
1050 12 16 3 6 1 0 3 4 5 2 50 70
1051 1 15 4 5 3 1 4 2 5 114 98
1052 0 10 3 6 5 3 1 0 4 2 33 48
1053 2 14 2 6 2 5 4 1 3 0 162 74
38
1054 13 9 2 6 3 2 4 5 0 1 119 99
1055 6 14 2 5 3 4 2 0 1 136 12
1056 12 8 4 6 1 3 4 5 0 2 53 62
1057 7 6 1 6 3 5 1 0 2 4 144 51
1058 13 15 2 5 3 4 0 1 5 119 43
1059 3 8 1 3 5 2 0 253 32
1060 0 8 2 5 1 3 4 0 2 106 12
1061 6 16 2 6 1 2 5 4 0 3 141 68
1062 16 8 1 4 1 2 4 5 22 26
1063 3 6 2 5 4 0 1 3 2 182 46
1064 6 9 2 3 1 2 3 54 73
1065 13 6 3 3 1 0 2 175 29
1066 12 15 2 6 0 3 1 2 5 4 127 83
1067 12 16 4 4 3 1 2 5 79 79
1068 1 8 3 3 3 0 2 222 34
1069 6 13 1 4 5 1 3 4 124 66
1070 12 10 1 5 5 4 3 2 1 66 11
1071 0 16 3 6 0 5 3 2 4 1 57 66
1072 7 0 4 3 2 1 3 171 18
1073 6 16 2 6 2 1 0 3 4 5 86 76
1074 13 16 2 6 0 3 2 5 1 4 70 62
1075 0 15 2 5 5 4 0 2 1 20 80
1076 1 9 4 5 1 5 0 4 3 35 30
1077 7 6 4 5 3 0 2 5 1 49 39
1078 2 15 3 3 0 3 4 99 87
1079 3 14 3 6 3 5 1 0 4 2 182 84
1080 1 16 4 5 5 0 3 4 1 44 35
1081 12 10 1 4 5 4 2 1 53 45
1082 16 9 1 3 2 1 5 71 43
1083 1 0 3 5 1 5 4 3 0 121 71
1084 1 13 3 6 4 3 2 1 5 0 106 82
1085 0 8 5 4 0 4 3 5 119 15
1086 6 9 2 4 0 3 5 1 86 50
1087 3 6 3 5 5 0 2 1 3 171 34
1088 7 14 1 6 4 0 2 1 5 3 172 61
1089 13 0 2 3 4 5 2 86 50
1090 16 8 3 3 0 4 5 82 64
1091 6 9 2 5 1 0 2 3 5 50 92
50
1092 12 10 1 5 3 1 4 2 0 75 63
1093 16 0 1 3 1 3 2 82 84
1094 3 6 2 5 0 1 5 3 2 17 62
1095 2 8 2 4 1 3 2 5 458 60
1096 1 16 3 3 3 2 1 22 49
1097 3 6 1 6 3 4 2 1 5 0 136 39
1098 1 8 1 6 4 3 2 1 0 5 372 47
1099 1 8 5 3 5 0 4 181 95
1100 1 13 2 3 5 4 3 104 80
1101 13 0 1 6 4 3 2 0 5 1 26 83
1102 13 6 1 5 3 5 2 1 4 62 46
1103 6 14 1 5 4 1 5 2 0 43 66
1104 1 6 2 6 2 4 3 1 0 5 172 93
1105 1 10 1 6 1 5 3 0 4 2 122 86
1106 0 14 4 3 0 2 4 44 26
1107 0 13 1 3 0 2 1 110 64
1108 13 8 2 3 3 2 1 192 71
1109 7 15 4 5 4 3 1 2 5 79 86
1110 12 9 1 5 3 1 0 5 2 108 29
1111 3 9 3 3 1 5 0 106 35
1112 6 8 6 6 5 0 3 4 1 2 150 30
1113 2 14 2 3 2 0 3 268 93
1114 12 0 1 4 1 0 2 5 112 49
1115 1 8 1 3 3 4 1 224 56
1116 16 14 3 3 3 1 0 36 23
1117 13 14 5 4 0 4 5 3 160 70
1118 7 6 1 4 1 0 5 4 137 67
1119 13 6 2 5 0 3 1 5 4 181 36
1120 12 9 2 3 1 3 2 65 33
1121 3 9 3 6 1 2 5 3 0 4 28 40
1122 1 10 4 6 5 0 4 1 2 3 36 47
1123 13 0 3 5 0 2 1 3 5 118 49
1124 12 16 4 6 0 3 1 5 4 2 61 41
1125 1 0 6 6 2 0 1 5 3 4 117 80
1126 1 14 1 5 1 4 5 3 2 73 60
1127 6 13 1 6 5 0 1 3 4 2 59 98
1128 13 8 1 5 4 1 2 5 0 95 42
1129 0 8 1 5 4 0 3 1 2 98 48
1130 1 8 3 3 2 4 0 238 51
1131 1 10 2 3 1 3 0 214 84
1132 3 16 3 6 4 1 5 2 3 0 69 33
1133 0 13 2 6 1 3 4 0 2 5 32 52
1134 3 0 3 3 0 4 1 65 33
1135 0 6 1 3 2 5 1 39 37
1136 13 14 4 3 0 2 3 129 45
1137 0 9 3 3 0 5 1 180 78
1138 2 16 3 3 5 2 4 83 64
1139 1 8 2 6 1 2 0 3 5 4 487 74
1140 13 9 3 4 1 4 3 0 114 62
1141 16 6 2 4 4 2 0 1 116 36
53
1142 3 0 2 3 5 0 3 72 88
1143 0 8 1 4 5 3 0 2 171 18
1144 6 15 1 6 2 4 0 5 1 3 158 75
1145 1 14 3 3 4 0 3 186 97
1146 2 16 1 3 2 4 0 58 63
1147 2 0 2 5 0 1 4 5 3 70 55
1148 16 0 2 3 2 3 4 151 60
1149 16 6 1 3 3 2 1 34 24
1150 2 10 2 6 1 0 3 2 4 5 180 18
1151 13 16 1 5 1 3 0 2 4 39 70
1152 0 10 2 5 4 2 3 0 5 51 38
1153 12 10 1 3 2 4 3 53 94
1154 12 15 2 4 0 1 3 5 51 20
1155 6 16 2 6 1 2 5 3 4 0 25 60
1156 2 14 4 5 1 5 0 3 2 88 82
1157 3 13 5 4 4 3 5 1 40 96
1158 1 16 1 5 1 5 0 2 3 39 91
1159 0 6 2 3 4 0 1 126 57
1160 1 8 1 6 2 3 4 1 5 0 298 25
1161 0 14 3 6 1 2 5 4 0 3 120 15
1162 3 15 1 4 1 3 0 4 62 96
1163 6 16 5 3 4 5 1 95 98
1164 6 0 3 4 3 4 1 5 58 50
1165 7 9 4 3 5 1 0 78 22
1166 6 10 2 5 5 4 0 3 2 61 47
1167 16 9 4 5 3 4 5 1 2 127 27
1168 16 8 1 5 3 5 1 4 2 45 14
1169 13 8 2 6 5 4 2 3 1 0 49 43
1170 0 15 4 6 4 5 1 0 3 2 131 41
1171 7 6 2 6 5 4 1 2 0 3 99 46
1172 13 15 2 4 0 3 5 4 68 76
1173 2 16 1 5 2 0 5 3 1 112 70
1174 3 16 9 6 0 1 3 5 2 4 75 93
1175 7 8 2 5 1 3 4 0 2 187 46
1176 1 8 2 5 5 4 1 0 2 154 72
1177 7 9 2 5 4 2 3 0 1 114 20
1178 16 8 4 5 1 2 4 0 3 116 16
1179 12 8 1 4 0 4 5 3 66 76
1180 7 0 1 5 1 5 4 2 3 45 96
1181 2 6 6 3 0 5 4 171 36
1182 2 14 1 6 2 3 5 4 1 0 184 26
1183 2 8 1 6 0 1 5 4 3 2 333 70
1184 12 8 1 5 4 5 0 3 1 51 79
1185 13 10 2 5 4 0 5 2 1 103 43
1186 2 15 3 6 4 1 2 5 3 0 131 97
1187 13 6 2 5 1 4 3 0 5 14 28
1188 1 9 4 3 4 2 3 79 12
1189 13 16 2 6 0 3 2 5 1 4 70 62
1190 6 9 2 4 2 1 3 4 206 88
1191 3 6 2 3 2 1 5 45 29
1192 16 13 2 6 0 4 5 2 3 1 105 99
1193 13 8 2 6 3 1 0 2 5 4 49 85
1194 7 6 3 6 3 2 5 0 1 4 147 86
38
1195 12 14 4 5 4 3 5 1 0 98 44
1196 7 10 1 3 2 3 5 241 53
1197 7 9 1 5 3 1 4 5 0 99 65
1198 13 8 2 6 5 4 2 3 1 0 49 43
1199 2 14 1 5 4 0 5 3 1 99 23
1200 7 9 3 3 5 0 1 80 20
1201 13 6 2 5 2 0 4 1 5 103 96
1202 16 13 4 5 4 3 5 2 1 57 47
1203 6 9 4 3 1 2 3 54 73
1204 12 10 2 4 5 4 2 1 53 45
1205 3 14 2 4 2 1 5 0 125 17
1206 12 9 4 3 1 2 3 67 87
1207 6 0 1 6 3 0 1 2 4 5 86 14
1208 6 14 2 3 0 1 4 163 86
1209 3 16 1 6 4 1 5 2 3 0 69 33
1210 12 14 2 6 0 1 3 4 5 2 64 41
1211 6 9 1 4 2 1 3 4 206 88
1212 3 10 3 5 3 1 5 2 0 187 11
1213 16 8 2 4 1 2 4 5 22 26
1214 6 0 3 6 3 0 1 2 4 5 86 14
1215 13 9 2 6 2 1 4 0 5 3 82 75
1216 6 10 2 5 5 0 1 4 3 141 96
1217 2 9 3 5 0 5 4 2 1 108 56
1218 0 13 2 3 3 2 0 17 86
1219 0 8 2 6 0 5 3 4 2 1 59 13
1220 6 10 3 4 3 4 0 2 230 33
1221 7 15 2 3 4 3 2 161 63
1222 12 14 2 6 0 1 3 4 5 2 64 41
1223 3 13 4 3 1 4 0 12 43
1224 2 10 3 5 5 2 4 1 0 179 51
1225 3 10 2 6 2 4 3 1 0 5 29 76
1226 6 16 2 5 4 3 2 0 5 22 21
1227 13 15 2 3 0 2 4 112 79
1228 6 0 3 6 3 1 5 4 0 2 124 41
1229 1 10 2 4 2 1 5 4 188 82
1230 12 8 2 6 4 3 1 2 5 0 79 61
1231 7 9 2 6 1 3 0 5 4 2 96 23
1232 2 15 4 5 1 0 3 2 5 105 59
0
0
0
0
0
0
0
0
