1553
33
66
0 4 0 2 4 2 5 4 0 257 10
1 0 1 2 5 1 0 4 3 2 415 61
2 0 5 6 3 0 3 1 208 66
3 0 1 1 3 5 0 2 274 51
4 2 5 2 5 0 3 2 5 4 647 29
5 4 5 1 4 0 4 3 5 345 39
6 0 5 6 6 4 2 3 1 0 5 298 58
7 0 5 1 5 0 1 5 3 4 176 87
8 2 0 4 6 0 2 3 5 4 1 270 82
9 2 1 1 5 5 1 0 3 4 303 28
10 2 0 1 5 5 2 1 4 3 1215 71
11 0 1 1 6 5 1 4 3 0 2 181 72
12 4 0 9 4 1 3 4 5 612 58
13 2 5 1 5 0 5 4 1 3 247 67
14 2 1 1 3 0 1 2 71 91
15 2 1 1 3 1 0 3 366 30
16 2 1 1 5 2 5 4 1 3 98 61
17 4 5 1 6 5 4 0 3 2 1 315 16
18 0 5 1 6 2 1 5 0 3 4 225 80
19 2 0 1 5 5 2 1 4 3 1215 71
20 0 1 3 5 4 2 1 3 5 87 78
21 4 0 5 4 5 0 3 2 426 76
22 4 1 2 3 0 4 2 431 67
23 2 0 3 4 3 0 4 2 690 90
24 4 1 1 3 0 4 2 431 67
25 4 5 1 6 5 1 3 0 2 4 256 42
26 0 5 1 6 2 1 5 0 3 4 225 80
27 4 5 2 3 0 4 5 214 49
28 4 5 2 5 5 2 1 3 0 123 53
29 0 5 6 4 2 3 1 5 492 56
30 2 1 3 3 4 1 2 538 21
31 4 5 1 6 5 1 3 4 2 0 376 65
32 4 5 2 3 0 4 5 214 49
33 4 5 4 4 3 5 0 2 182 15
34 4 5 2 4 4 2 3 1 323 10
35 2 0 1 5 1 0 4 3 5 850 59
36 4 1 2 3 5 2 4 448 74
37 2 0 2 5 5 2 1 4 3 1215 71
38 2 1 2 4 4 0 3 2 186 21
39 2 0 1 3 0 5 3 778 41
40 2 0 2 5 1 4 0 3 2 344 70
41 2 1 3 5 2 5 4 1 3 98 61
42 2 1 1 3 4 1 2 538 21
43 0 1 6 6 3 1 0 4 5 2 382 12
44 2 5 2 6 5 3 0 2 1 4 322 32
45 2 5 3 6 1 3 4 5 2 0 125 59
46 2 1 3 5 2 1 4 5 0 676 75
47 2 5 2 5 3 2 1 0 4 297 73
48 4 1 1 6 5 3 4 2 0 1 322 32
49 0 1 2 5 1 4 0 3 5 57 76
50 0 5 1 4 3 1 0 2 378 10
51 2 1 6 5 4 2 0 5 3 547 83
52 0 1 2 4 5 0 3 4 31 61
53 0 5 2 3 0 1 5 216 83
54 2 1 2 5 1 5 4 3 2 412 78
55 0 5 3 6 2 1 5 0 3 4 225 80
56 4 5 2 6 0 5 3 2 1 4 201 60
57 4 5 3 6 0 1 5 4 2 3 165 13
58 2 0 2 4 4 3 1 2 543 42
59 2 0 5 3 0 5 3 778 41
60 0 1 4 4 5 4 2 1 546 72
61 2 0 4 3 3 0 5 850 36
62 0 1 3 4 4 3 5 0 139 16
63 2 5 2 4 3 2 4 1 146 22
64 2 5 2 4 3 2 5 4 74 40
65 4 5 2 6 0 3 5 4 1 2 149 48
66
66 2 0 2 3 4 5 3 923 13
67 4 5 1 3 0 4 3 345 92
68 4 1 3 6 3 2 4 5 0 1 179 89
69 4 5 2 3 1 3 2 526 82
70 0 5 4 4 2 3 1 5 492 56
71 2 1 2 5 2 0 1 5 4 383 65
72 2 1 3 5 2 5 4 1 3 98 61
73 4 0 3 4 3 0 5 1 646 71
74 2 1 1 6 0 5 1 4 3 2 330 43
75 4 5 1 6 5 1 3 4 2 0 376 65
76 4 1 1 6 0 4 2 3 1 5 159 46
77 4 0 3 4 3 0 5 1 646 71
78 2 0 2 6 1 0 2 5 3 4 526 83
79 0 1 3 6 3 1 0 4 5 2 382 12
80 0 1 5 3 5 3 2 455 98
81 2 5 1 6 1 3 4 5 2 0 125 59
82 0 5 1 4 2 3 1 5 492 56
83 2 5 1 5 0 3 2 5 4 647 29
84 0 5 2 3 0 3 2 322 90
85 2 5 2 6 2 3 4 0 1 5 284 47
86 2 0 1 6 0 2 3 5 4 1 270 82
87 0 1 1 3 5 0 2 274 51
88 4 5 2 6 5 1 3 0 2 4 256 42
89 4 5 4 6 1 5 3 0 2 4 227 24
90 2 1 3 5 5 1 0 3 4 303 28
91 0 5 1 5 0 1 5 3 4 176 87
92 2 5 3 4 5 1 2 3 206 54
93 2 5 7 3 4 1 5 261 63
94 2 0 1 5 1 2 3 5 0 622 63
95 0 1 4 4 5 0 3 4 31 61
96 0 1 1 6 1 5 2 0 3 4 295 41
97 4 1 2 4 4 3 0 5 458 52
98 4 1 1 6 5 3 4 2 0 1 322 32
99 4 1 2 4 2 3 4 1 419 21
100 4 1 2 6 1 3 5 4 0 2 47 23
101 2 5 4 6 2 3 4 0 1 5 284 47
102 0 5 5 4 0 3 1 5 311 51
103 0 1 1 4 1 4 0 5 42 33
104 4 5 1 5 3 4 1 2 5 88 78
105 2 5 4 3 0 4 5 178 37
106 2 5 4 4 2 4 5 3 302 47
107 0 1 8 6 4 2 1 5 3 0 551 52
108 4 1 2 4 0 2 1 4 356 81
109 2 1 10 5 2 1 4 5 0 676 75
110 0 5 2 3 5 0 1 213 54
111 2 1 1 5 1 5 4 3 2 412 78
112 4 5 3 3 1 3 2 526 82
113 0 1 4 5 4 0 2 3 5 218 83
114 2 0 4 4 3 1 5 0 667 78
115 2 5 1 5 0 5 4 1 3 247 67
116 2 1 3 6 3 1 0 2 5 4 375 12
117 4 0 3 3 3 2 0 958 89
118 0 1 1 3 5 3 2 455 98
119 4 0 5 4 3 0 5 1 646 71
120 2 5 5 6 2 0 1 4 3 5 368 15
121 4 0 2 5 1 3 2 4 0 402 42
122 4 0 3 4 4 1 3 5 471 32
123 2 0 1 5 4 5 0 3 2 740 80
124 2 0 2 5 5 2 1 0 3 377 46
125 2 0 3 6 4 1 5 2 3 0 378 21
126 0 1 2 5 0 1 5 2 4 135 25
127 4 0 1 5 0 5 4 3 2 249 50
128 4 5 3 6 0 5 3 2 1 4 201 60
129 2 5 3 3 0 3 5 557 28
130 2 1 2 5 2 5 4 1 3 98 61
131 0 5 2 4 3 4 1 5 89 48
67
132 2 1 2 3 4 1 2 538 21
133 4 0 1 6 3 0 1 4 2 5 616 56
134 4 1 2 6 1 3 5 4 0 2 47 23
135 4 0 2 5 5 1 0 3 2 384 78
136 2 5 2 6 2 3 4 0 1 5 284 47
137 2 5 1 6 2 3 4 0 1 5 284 47
138 2 5 3 6 2 0 1 4 3 5 368 15
139 2 1 2 3 4 0 2 619 20
140 2 0 1 4 4 3 1 2 543 42
141 2 0 3 5 5 2 1 0 3 377 46
142 4 1 3 4 4 3 5 0 501 30
143 4 5 2 6 4 3 0 1 2 5 311 21
144 0 5 1 3 0 1 5 216 83
145 0 5 1 3 5 0 1 213 54
146 2 0 3 4 4 3 1 2 543 42
147 2 0 1 3 3 0 5 850 36
148 2 0 3 5 1 2 3 5 0 622 63
149 0 1 1 6 5 1 4 3 0 2 181 72
150 2 0 3 5 1 4 0 3 2 344 70
151 2 1 2 5 4 3 0 5 1 178 39
152 0 1 1 4 5 0 3 4 31 61
153 2 1 2 3 4 0 2 619 20
154 4 1 3 4 4 1 5 2 181 63
155 2 1 3 3 0 1 2 71 91
156 4 1 4 4 4 1 5 2 181 63
157 2 1 3 6 1 5 0 3 4 2 361 69
158 2 1 1 3 0 5 3 431 70
159 2 1 2 3 4 3 5 209 90
160 4 5 3 4 0 4 3 5 345 39
161 4 1 2 3 3 4 1 270 31
162 2 0 3 6 5 1 3 4 0 2 373 36
163 4 1 3 4 5 2 4 3 197 39
164 0 5 2 3 0 3 1 208 66
165 0 5 1 6 3 5 4 1 0 2 565 27
166 4 5 1 6 1 0 2 3 4 5 726 70
167 2 5 6 6 2 4 1 5 0 3 328 67
168 2 5 1 5 0 5 4 1 3 247 67
169 2 5 1 5 0 3 2 5 4 647 29
170 4 0 2 6 1 2 0 5 4 3 188 80
171 4 5 6 4 0 4 3 5 345 39
172 4 5 1 3 4 3 5 389 46
173 2 5 3 4 2 4 5 3 302 47
174 4 1 4 4 5 2 4 3 197 39
175 2 1 1 6 1 0 3 2 4 5 570 59
176 0 1 2 5 2 4 3 1 0 150 69
177 2 1 2 5 4 2 0 5 3 547 83
178 2 1 4 6 1 0 3 2 4 5 570 59
179 2 5 2 3 3 2 1 87 80
180 2 1 2 6 0 5 1 4 3 2 330 43
181 2 1 4 5 2 1 4 5 0 676 75
182 0 5 4 4 5 4 1 3 167 86
183 0 1 2 3 5 0 2 274 51
184 4 1 2 4 4 3 5 0 501 30
185 0 1 5 4 1 0 2 4 368 91
186 4 5 2 5 3 4 1 2 5 88 78
187 2 1 2 4 4 0 3 2 186 21
188 4 5 2 6 1 2 0 4 5 3 187 84
189 0 1 1 4 4 3 5 0 139 16
190 4 1 1 3 5 4 0 88 87
191 4 0 2 6 3 2 5 4 0 1 424 35
192 2 1 3 3 0 1 2 71 91
193 4 1 3 6 2 0 4 3 1 5 459 23
194 4 5 2 6 0 1 5 4 2 3 165 13
195 4 1 5 6 5 3 4 2 0 1 322 32
196 2 5 2 4 5 1 2 3 206 54
197 2 5 2 6 2 0 1 4 3 5 368 15
198 4 0 2 6 3 2 5 4 0 1 424 35
70
199 4 1 3 6 1 3 5 4 0 2 47 23
200 4 0 2 6 0 2 1 4 5 3 649 29
201 2 0 1 5 4 5 0 3 2 740 80
202 2 5 4 3 0 3 5 557 28
203 0 1 2 3 3 0 2 494 25
204 4 5 1 6 5 4 0 3 2 1 315 16
205 4 1 5 6 0 4 2 3 1 5 159 46
206 4 5 1 6 1 2 0 4 5 3 187 84
207 4 0 1 6 3 0 1 4 2 5 616 56
208 2 1 2 6 0 5 1 4 3 2 330 43
209 0 1 1 6 4 3 0 1 5 2 316 49
210 4 0 1 5 1 3 2 4 0 402 42
211 0 5 2 3 5 0 1 213 54
212 4 5 1 6 0 1 5 4 2 3 165 13
213 4 0 6 6 0 3 5 2 1 4 675 18
214 4 0 2 6 0 3 1 2 4 5 658 50
215 4 1 1 6 2 0 4 3 1 5 459 23
216 4 0 1 6 3 0 1 4 2 5 616 56
217 2 5 2 5 0 2 3 1 4 211 25
218 0 5 3 6 4 1 0 3 2 5 192 48
219 2 1 2 3 4 1 0 404 41
220 0 1 4 5 1 0 4 5 3 488 42
221 0 5 2 5 5 1 0 4 2 487 37
222 2 0 2 6 5 3 4 0 1 2 495 13
223 0 1 3 5 0 1 5 2 4 135 25
224 4 0 3 5 5 1 0 3 2 384 78
225 4 1 1 3 4 3 1 477 39
226 0 5 9 3 2 3 5 373 42
227 2 5 2 4 5 1 2 3 206 54
228 2 5 1 4 3 2 5 4 74 40
229 4 0 3 5 1 3 2 4 0 402 42
230 4 1 3 4 0 2 1 4 356 81
231 2 0 1 5 0 2 3 1 4 502 59
232 0 5 1 3 5 0 1 213 54
233 0 1 1 6 5 4 2 3 1 0 212 61
234 4 0 1 3 4 5 3 139 77
235 0 1 2 4 1 4 0 5 42 33
236 4 5 1 4 4 2 3 1 323 10
237 2 5 6 5 0 3 2 5 4 647 29
238 0 5 1 6 2 1 5 0 3 4 225 80
239 2 0 2 3 4 5 3 923 13
240 2 5 1 6 2 0 1 4 3 5 368 15
241 4 1 4 4 1 2 5 4 339 58
242 4 0 2 4 3 2 0 5 618 67
243 2 5 4 3 4 3 5 157 95
244 0 1 3 4 1 0 2 4 368 91
245 4 0 3 6 0 3 5 2 1 4 675 18
246 2 0 4 5 0 2 3 1 4 502 59
247 4 0 1 4 3 2 0 5 618 67
248 4 5 2 3 0 4 5 214 49
249 0 1 9 6 4 2 1 5 3 0 551 52
250 0 1 2 6 1 5 2 0 3 4 295 41
251 4 0 8 3 5 1 2 188 71
252 0 1 2 3 0 2 4 296 44
253 4 0 2 4 5 2 0 3 568 20
254 0 5 5 3 5 0 3 216 69
255 0 5 2 5 5 1 0 4 2 487 37
256 2 5 5 6 1 3 4 5 2 0 125 59
257 4 0 2 4 1 3 4 5 612 58
258 4 0 6 5 2 0 1 4 3 281 93
259 0 1 3 6 3 1 0 4 5 2 382 12
260 4 1 2 6 0 4 2 3 1 5 159 46
261 4 0 3 6 0 3 5 2 1 4 675 18
262 2 0 6 3 0 4 2 284 32
263 2 5 2 4 3 4 0 5 349 65
264 2 0 5 3 4 5 3 923 13
265 0 1 2 5 2 4 3 1 0 150 69
266 2 1 9 3 4 1 2 538 21
267 2 1 2 3 0 5 3 431 70
268 4 5 2 6 1 2 0 4 5 3 187 84
67
269 4 1 2 4 4 3 0 5 458 52
270 4 0 1 5 0 5 4 3 2 249 50
271 4 0 2 5 1 3 2 4 0 402 42
272 0 1 3 6 3 1 0 4 5 2 382 12
273 2 0 3 4 3 1 5 0 667 78
274 2 1 1 3 4 1 0 404 41
275 0 1 2 5 1 4 0 3 5 57 76
276 4 5 6 6 0 3 5 4 1 2 149 48
277 2 0 1 6 5 1 3 4 0 2 373 36
278 2 0 1 6 5 1 3 4 0 2 373 36
279 4 0 3 3 5 1 2 188 71
280 4 1 5 4 1 4 5 3 548 38
281 0 1 3 3 5 3 2 455 98
282 2 0 1 5 4 5 0 3 2 740 80
283 2 5 1 6 2 0 1 4 3 5 368 15
284 4 0 4 4 5 2 0 3 568 20
285 2 0 9 3 0 5 3 778 41
286 4 1 6 4 0 2 1 4 356 81
287 2 5 2 5 3 2 1 0 4 297 73
288 2 5 1 5 0 2 3 1 4 211 25
289 2 5 3 3 0 3 5 557 28
290 2 5 2 4 5 1 2 3 206 54
291 4 5 1 3 1 3 2 526 82
292 4 1 3 6 5 3 4 2 0 1 322 32
293 0 5 2 4 1 3 2 5 392 15
294 4 5 1 3 0 4 5 214 49
295 2 1 1 5 5 1 0 3 4 303 28
296 4 5 4 6 0 5 3 2 1 4 201 60
297 4 0 1 5 4 2 3 1 5 438 59
298 4 5 3 6 1 5 3 0 2 4 227 24
299 2 5 3 4 3 2 4 1 146 22
300 4 1 2 3 5 4 0 88 87
301 0 1 2 5 0 1 5 2 4 135 25
302 0 5 1 4 2 3 1 5 492 56
303 2 5 3 3 0 3 5 557 28
304 4 5 4 6 1 2 0 4 5 3 187 84
305 0 1 3 5 4 2 1 3 5 87 78
306 4 1 2 4 1 2 5 4 339 58
307 2 5 5 3 3 2 1 87 80
308 2 0 1 5 4 3 2 5 0 967 28
309 4 1 5 3 5 2 4 448 74
310 4 0 1 4 5 2 0 3 568 20
311 0 1 1 3 5 3 2 455 98
312 0 5 8 6 4 2 3 1 0 5 298 58
313 4 5 5 3 4 3 5 389 46
314 2 5 2 4 3 2 5 4 74 40
315 0 1 2 6 4 2 1 5 3 0 551 52
316 2 5 3 3 3 2 1 87 80
317 2 0 3 5 1 4 0 3 2 344 70
318 0 1 7 3 5 0 2 274 51
319 0 1 2 3 3 0 2 494 25
320 2 0 1 3 3 0 5 850 36
321 0 1 2 5 0 5 3 1 2 402 54
322 2 5 3 3 0 3 5 557 28
323 4 0 2 4 3 2 0 5 618 67
324 2 5 1 4 3 2 4 1 146 22
325 2 0 2 3 4 5 3 923 13
326 2 5 3 4 5 1 2 3 206 54
327 2 1 4 3 2 5 4 382 16
328 2 1 5 3 2 0 1 386 16
329 0 1 2 3 0 2 4 296 44
330 2 1 4 3 5 4 3 461 50
331 0 1 3 5 1 4 0 3 5 57 76
332 0 1 3 6 5 1 4 3 0 2 181 72
333 4 1 3 4 0 2 1 4 356 81
334 4 5 3 3 3 0 5 415 72
335 4 0 5 4 2 5 4 0 257 10
71
336 0 1 3 3 0 2 4 296 44
337 0 5 2 3 0 3 1 208 66
338 0 1 1 5 4 0 2 3 5 218 83
339 0 1 1 3 5 3 2 455 98
340 2 5 2 5 3 1 4 0 2 358 63
341 2 1 1 3 0 5 3 431 70
342 4 1 1 6 3 2 4 5 0 1 179 89
343 4 0 5 6 0 2 1 4 5 3 649 29
344 2 1 5 5 2 0 1 5 4 383 65
345 2 0 2 4 4 3 1 2 543 42
346 0 1 1 6 4 2 1 5 3 0 551 52
347 4 5 1 6 0 5 3 2 1 4 201 60
348 0 1 7 3 3 0 2 494 25
349 2 0 1 5 5 2 1 4 3 1215 71
350 0 1 2 6 5 4 2 3 1 0 212 61
351 2 0 2 3 4 5 3 923 13
352 2 5 3 5 0 3 2 5 4 647 29
353 2 0 2 5 4 5 0 3 2 740 80
354 0 5 1 6 2 4 0 3 5 1 390 20
355 2 1 3 3 1 0 3 366 30
356 4 0 2 5 5 1 0 3 2 384 78
357 0 5 2 3 5 0 1 213 54
358 4 1 3 6 2 4 1 3 0 5 634 24
359 2 0 1 6 0 2 3 5 4 1 270 82
360 4 5 1 3 0 4 3 345 92
361 4 1 2 4 4 1 5 2 181 63
362 0 5 3 4 0 3 1 5 311 51
363 2 0 2 4 3 0 4 2 690 90
364 4 0 1 5 0 5 4 3 2 249 50
365 4 5 2 3 3 0 5 415 72
366 0 5 1 4 3 4 1 5 89 48
367 0 5 1 3 0 1 5 216 83
368 0 5 4 6 2 4 0 3 5 1 390 20
369 2 5 3 5 0 2 3 1 4 211 25
370 2 5 5 5 3 1 4 0 2 358 63
371 2 0 3 3 4 5 3 923 13
372 2 5 1 6 2 4 1 5 0 3 328 67
373 0 1 1 5 3 5 2 0 1 398 28
374 4 5 1 5 3 4 1 2 5 88 78
375 4 5 1 5 3 4 1 2 5 88 78
376 2 0 1 6 5 3 4 0 1 2 495 13
377 4 1 2 6 1 3 5 4 0 2 354 39
378 4 0 2 4 3 2 0 5 618 67
379 2 1 1 6 1 5 0 3 4 2 361 69
380 4 0 5 6 3 2 5 4 0 1 424 35
381 2 1 5 3 4 1 2 538 21
382 4 5 1 4 0 4 3 5 345 39
383 4 5 2 6 0 3 5 4 1 2 149 48
384 4 1 3 6 1 3 5 4 0 2 47 23
385 2 1 2 4 4 0 3 2 186 21
386 4 0 1 5 1 3 2 4 0 402 42
387 4 5 1 6 5 1 3 0 2 4 256 42
388 0 5 1 4 2 3 1 5 492 56
389 4 0 1 4 3 0 5 1 646 71
390 2 0 2 6 2 5 1 4 0 3 495 79
391 4 0 6 5 2 0 1 4 3 281 93
392 4 0 3 3 3 1 4 52 26
393 4 5 3 6 0 1 5 4 2 3 165 13
394 2 5 3 5 0 5 4 1 3 247 67
395 2 1 1 6 3 1 0 2 5 4 375 12
396 4 5 3 6 1 0 2 3 4 5 726 70
397 4 1 2 3 3 4 1 270 31
398 0 5 2 3 2 3 5 373 42
399 4 5 3 6 5 1 3 4 2 0 376 65
400 2 1 5 3 4 0 2 619 20
401 2 1 5 5 2 5 4 1 3 98 61
402 0 5 4 4 3 1 0 2 378 10
403 0 1 3 4 5 4 2 1 546 72
404 0 1 3 6 1 5 2 0 3 4 295 41
405 0 5 3 3 0 1 5 216 83
406 4 1 2 3 4 3 1 477 39
68
407 2 5 2 4 3 2 5 4 74 40
408 2 5 3 5 0 3 2 5 4 647 29
409 4 0 1 5 5 0 4 1 3 401 70
410 4 0 1 4 4 1 3 5 471 32
411 0 1 1 4 1 0 2 4 368 91
412 4 5 1 6 0 1 5 4 2 3 165 13
413 2 1 2 3 4 0 2 619 20
414 4 0 3 3 3 2 0 958 89
415 2 5 1 5 0 2 3 1 4 211 25
416 4 0 1 5 5 1 0 3 2 384 78
417 0 1 1 5 1 4 0 3 5 57 76
418 4 1 2 4 0 2 3 5 345 71
419 4 5 2 4 0 4 3 5 345 39
420 2 1 1 3 1 0 3 366 30
421 2 5 1 6 1 3 4 5 2 0 125 59
422 4 5 3 6 1 0 2 3 4 5 726 70
423 0 1 1 6 5 4 2 3 1 0 212 61
424 2 5 3 4 3 2 5 4 74 40
425 0 1 6 5 1 4 0 3 5 57 76
426 4 0 1 5 2 0 1 4 3 281 93
427 0 5 2 4 5 4 1 3 167 86
428 4 0 1 4 3 2 0 5 618 67
429 4 0 3 6 1 2 0 5 4 3 188 80
430 0 5 2 4 0 3 1 5 311 51
431 2 0 1 6 2 5 1 4 0 3 495 79
432 4 5 2 5 3 4 1 2 5 88 78
433 2 5 1 3 4 3 5 157 95
434 2 0 2 5 5 2 1 0 3 377 46
435 4 1 1 4 0 5 1 3 466 92
436 0 1 3 5 1 0 4 5 3 488 42
437 4 5 2 5 5 2 1 3 0 123 53
438 2 1 6 5 4 2 0 5 3 547 83
439 2 0 4 4 3 0 4 2 690 90
440 0 5 2 5 4 2 1 5 0 583 30
441 4 0 1 6 0 3 5 2 1 4 675 18
442 2 0 2 5 5 2 1 0 3 377 46
443 2 0 1 5 2 5 0 3 1 530 41
444 4 5 3 5 1 5 2 4 3 516 69
445 4 5 4 5 5 2 1 3 0 123 53
446 4 1 1 4 1 4 5 3 548 38
447 2 1 1 6 3 1 0 2 5 4 375 12
448 4 5 2 4 2 4 0 3 219 43
449 2 5 1 3 3 0 1 441 55
450 0 5 4 6 2 1 5 0 3 4 225 80
451 4 5 2 4 3 5 0 2 182 15
452 2 5 4 6 5 3 0 2 1 4 322 32
453 2 5 2 4 3 2 5 4 74 40
454 0 5 3 6 5 1 0 3 4 2 584 97
455 0 1 1 6 3 1 0 4 5 2 382 12
456 4 5 7 4 2 4 0 3 219 43
457 4 0 2 4 5 0 3 2 426 76
458 4 0 2 4 3 0 5 1 646 71
459 2 5 1 6 5 3 0 2 1 4 322 32
460 2 5 3 5 3 2 1 0 4 297 73
461 4 1 2 6 2 4 1 3 0 5 634 24
462 4 0 1 3 3 2 0 958 89
463 2 1 2 5 1 5 4 3 2 412 78
464 2 1 5 5 4 2 0 5 3 547 83
465 4 1 3 4 0 2 1 4 356 81
466 4 5 3 3 1 3 2 526 82
467 2 0 2 4 3 0 4 2 690 90
468 0 1 5 3 5 0 2 274 51
469 2 1 3 3 4 1 0 404 41
470 2 5 2 3 3 2 1 87 80
471 2 5 3 4 3 4 0 5 349 65
472 2 1 4 5 1 5 4 3 2 412 78
473 2 0 2 6 5 3 4 0 1 2 495 13
474 4 5 2 6 5 1 3 0 2 4 256 42
71
475 4 0 1 6 0 3 1 2 4 5 658 50
476 2 0 1 5 5 2 1 4 3 1215 71
477 4 0 2 3 3 1 4 52 26
478 4 1 3 4 1 2 5 4 339 58
479 0 5 1 6 3 0 1 2 4 5 243 96
480 0 1 3 5 0 5 3 1 2 402 54
481 2 5 1 4 2 4 5 3 302 47
482 4 1 3 3 0 4 2 431 67
483 2 5 1 6 4 3 2 0 1 5 276 20
484 4 5 1 6 0 3 5 4 1 2 149 48
485 4 5 6 3 4 3 5 389 46
486 4 5 1 4 3 5 0 2 182 15
487 2 1 4 3 4 3 5 209 90
488 0 1 4 6 4 3 0 1 5 2 316 49
489 4 1 1 4 4 3 5 0 501 30
490 4 0 5 4 5 0 3 2 426 76
491 4 5 3 3 0 4 5 214 49
492 4 1 1 4 4 1 5 2 181 63
493 2 5 2 5 0 3 2 5 4 647 29
494 2 0 2 6 0 4 1 5 2 3 702 12
495 2 0 1 4 4 3 1 2 543 42
496 4 5 2 6 0 5 3 2 1 4 201 60
497 0 1 2 5 0 1 5 2 4 135 25
498 2 5 2 5 0 5 4 1 3 247 67
499 0 1 2 6 5 1 4 3 0 2 181 72
500 4 5 6 3 1 3 2 526 82
501 2 0 1 6 4 1 5 2 3 0 378 21
502 2 0 1 6 1 0 2 5 3 4 526 83
503 2 0 3 3 0 4 2 284 32
504 4 1 4 4 0 5 1 3 466 92
505 2 0 3 5 4 5 0 3 2 740 80
506 0 1 1 5 3 5 2 0 1 398 28
507 2 5 1 5 3 1 4 0 2 358 63
508 2 1 5 3 4 1 0 404 41
509 4 5 2 4 2 4 0 3 219 43
510 4 1 2 3 0 4 2 431 67
511 2 0 3 3 3 0 5 850 36
512 0 1 2 6 3 1 0 4 5 2 382 12
513 4 1 1 4 5 2 4 3 197 39
514 0 5 2 3 0 1 5 216 83
515 2 0 2 6 5 1 3 4 0 2 373 36
516 4 1 2 4 4 3 5 0 501 30
517 4 0 2 5 5 0 4 1 3 401 70
518 0 5 4 6 2 1 5 0 3 4 225 80
519 2 1 2 5 2 1 4 5 0 676 75
520 0 5 2 3 2 3 5 373 42
521 4 5 7 6 5 1 3 0 2 4 256 42
522 2 1 2 3 1 0 3 366 30
523 0 5 1 3 0 3 1 208 66
524 4 1 3 4 0 2 3 5 345 71
525 0 1 2 6 3 1 0 4 5 2 382 12
526 0 5 2 3 5 0 3 216 69
527 2 1 4 3 4 3 5 209 90
528 2 5 2 5 3 2 1 0 4 297 73
529 2 1 2 3 4 1 0 404 41
530 2 1 2 5 4 2 0 5 3 547 83
531 2 0 2 3 3 0 5 850 36
532 2 0 3 4 3 0 4 2 690 90
533 4 0 3 6 3 2 5 4 0 1 424 35
534 2 5 1 3 3 0 1 441 55
535 0 1 2 4 1 4 0 5 42 33
536 4 1 2 4 1 4 5 3 548 38
537 0 1 2 5 1 0 4 3 2 415 61
538 4 1 2 4 0 2 3 5 345 71
539 2 5 2 3 3 0 1 441 55
540 2 1 2 3 4 0 2 619 20
541 2 0 3 3 0 4 2 284 32
542 2 1 4 3 4 1 2 538 21
543 4 0 3 6 3 0 1 4 2 5 616 56
544 2 1 2 3 4 1 2 538 21
545 4 5 3 3 0 4 5 214 49
55
546 2 5 1 6 2 4 1 5 0 3 328 67
547 0 5 2 4 2 3 1 5 492 56
548 4 0 1 5 5 1 0 3 2 384 78
549 4 0 2 3 5 1 2 188 71
550 0 1 1 6 4 3 0 1 5 2 316 49
551 2 1 2 3 4 1 2 538 21
552 0 5 2 3 5 0 1 213 54
553 4 5 1 6 5 1 3 4 2 0 376 65
554 4 1 3 3 3 4 1 270 31
555 4 5 2 6 1 0 2 3 4 5 726 70
556 4 0 1 4 3 0 5 1 646 71
557 2 1 2 3 0 5 3 431 70
558 2 0 2 5 1 0 4 3 5 850 59
559 0 1 1 6 5 1 4 3 0 2 181 72
560 0 5 4 3 2 3 5 373 42
561 0 5 2 5 0 1 5 3 4 176 87
562 2 0 8 5 0 2 3 1 4 502 59
563 4 0 5 6 0 3 1 2 4 5 658 50
564 2 5 3 3 3 2 1 87 80
565 2 1 2 6 0 5 1 4 3 2 330 43
566 4 1 1 6 1 3 5 4 0 2 354 39
567 4 1 2 6 2 0 4 3 1 5 459 23
568 0 1 1 5 1 4 0 3 5 57 76
569 4 1 1 6 2 0 4 3 1 5 459 23
570 2 0 1 3 4 5 3 923 13
571 4 0 1 5 4 2 3 1 5 438 59
572 0 5 2 4 2 3 1 5 492 56
573 4 5 2 6 1 2 0 4 5 3 187 84
574 2 1 3 5 4 2 0 5 3 547 83
575 2 1 2 5 5 1 0 3 4 303 28
576 2 5 1 6 5 3 0 2 1 4 322 32
577 2 5 1 4 3 2 4 1 146 22
578 0 1 2 5 4 0 2 3 5 218 83
579 4 0 3 3 5 1 2 188 71
580 2 0 4 4 3 0 4 2 690 90
581 0 5 2 6 2 4 0 3 5 1 390 20
582 2 1 2 5 2 1 4 5 0 676 75
583 4 0 3 6 0 3 5 2 1 4 675 18
584 2 1 1 3 0 1 2 71 91
585 2 5 2 4 3 2 4 1 146 22
586 0 1 2 3 3 0 2 494 25
587 4 5 2 3 0 4 5 214 49
588 4 0 5 6 3 2 5 4 0 1 424 35
589 0 5 2 5 5 1 0 4 2 487 37
590 0 1 1 6 3 1 0 4 5 2 382 12
591 0 1 2 6 5 1 4 3 0 2 181 72
592 4 0 2 6 3 0 1 4 2 5 616 56
593 0 1 2 3 5 3 2 455 98
594 4 0 2 6 0 3 5 2 1 4 675 18
595 2 0 3 5 5 2 1 4 3 1215 71
596 2 5 4 5 0 2 3 1 4 211 25
597 4 5 8 6 1 5 3 0 2 4 227 24
598 0 1 2 5 2 4 3 1 0 150 69
599 2 5 3 3 4 3 5 157 95
600 0 1 3 4 5 4 2 1 546 72
65
601 4 0 1 4 5 2 0 3 568 20
602 2 1 1 3 4 3 5 209 90
603 2 5 1 6 2 3 4 0 1 5 284 47
604 4 5 1 3 0 4 5 214 49
605 4 0 3 4 2 5 4 0 257 10
606 2 5 1 6 2 3 4 0 1 5 284 47
607 2 1 1 6 3 1 0 2 5 4 375 12
608 2 5 1 5 3 2 1 0 4 297 73
609 2 1 2 3 2 0 1 386 16
610 0 1 1 5 4 0 2 3 5 218 83
611 2 5 2 6 2 3 4 0 1 5 284 47
612 4 5 2 3 3 0 5 415 72
613 4 0 1 6 0 3 1 2 4 5 658 50
614 4 5 2 3 4 5 1 339 82
615 4 5 1 4 3 5 0 2 182 15
616 0 1 2 6 3 1 0 4 5 2 382 12
617 4 0 2 4 1 3 4 5 612 58
618 4 0 3 6 0 3 5 2 1 4 675 18
619 4 1 2 3 0 4 2 431 67
620 4 1 4 6 3 2 4 5 0 1 179 89
621 4 1 1 3 0 4 2 431 67
622 2 5 5 6 2 4 1 5 0 3 328 67
623 2 5 1 3 3 2 1 87 80
624 0 1 2 5 4 0 2 3 5 218 83
625 4 1 2 4 0 5 1 3 466 92
626 0 5 1 4 5 4 1 3 167 86
627 2 0 2 5 1 0 4 3 5 850 59
628 4 0 4 6 0 3 5 2 1 4 675 18
629 2 1 2 3 1 0 3 366 30
630 4 1 2 4 4 3 5 0 501 30
631 0 5 4 6 4 2 3 1 0 5 298 58
632 4 1 4 4 0 5 1 3 466 92
633 4 0 2 3 3 2 0 958 89
634 4 1 2 3 3 4 1 270 31
635 0 5 2 6 5 1 0 3 4 2 584 97
636 0 1 1 5 0 5 3 1 2 402 54
637 2 1 2 5 4 3 0 5 1 178 39
638 2 1 1 6 1 0 3 2 4 5 570 59
639 4 0 3 6 0 3 1 2 4 5 658 50
640 0 5 4 4 5 4 1 3 167 86
641 4 0 2 4 5 0 3 2 426 76
642 4 5 2 4 2 4 0 3 219 43
643 2 1 1 5 1 5 4 3 2 412 78
644 2 0 2 5 5 2 1 4 3 1215 71
645 2 1 2 3 0 1 2 71 91
646 0 5 1 4 5 4 1 3 167 86
647 4 5 3 5 3 4 1 2 5 88 78
648 0 1 2 5 4 0 2 3 5 218 83
649 0 1 2 4 1 4 0 5 42 33
650 4 0 3 5 5 1 0 3 2 384 78
651 4 5 1 6 4 3 0 1 2 5 311 21
652 2 1 5 6 3 4 5 2 1 0 372 25
653 4 5 2 3 4 5 1 339 82
654 2 1 2 3 0 1 2 71 91
655 2 1 2 5 2 1 4 5 0 676 75
656 4 0 6 6 0 3 1 2 4 5 658 50
657 2 0 3 5 1 0 4 3 5 850 59
658 2 1 3 3 4 0 2 619 20
659 2 0 2 5 1 2 3 5 0 622 63
660 2 0 4 5 1 2 3 5 0 622 63
661 0 1 3 5 1 0 4 3 2 415 61
662 2 0 2 6 1 0 2 5 3 4 526 83
663 0 1 2 5 1 0 4 5 3 488 42
664 4 0 3 6 3 2 5 4 0 1 424 35
665 4 0 5 5 0 5 4 3 2 249 50
64
666 0 5 2 3 5 0 3 216 69
667 4 0 1 4 5 0 3 2 426 76
668 2 1 2 3 5 4 3 461 50
669 2 1 1 3 4 3 5 209 90
670 2 1 2 3 2 5 4 382 16
671 4 5 6 3 1 3 2 526 82
672 0 1 1 5 2 4 3 1 0 150 69
673 4 1 5 4 1 4 5 3 548 38
674 4 5 2 6 1 5 3 0 2 4 227 24
675 2 1 2 5 2 1 4 5 0 676 75
676 4 1 2 6 3 2 4 5 0 1 179 89
677 4 0 6 5 5 1 0 3 2 384 78
678 4 1 2 4 2 3 4 1 419 21
679 4 5 2 3 3 0 5 415 72
680 2 0 1 5 5 2 1 0 3 377 46
681 4 1 1 6 3 2 4 5 0 1 179 89
682 4 5 1 6 1 0 2 3 4 5 726 70
683 2 1 2 3 2 0 1 386 16
684 4 5 4 4 0 4 3 5 345 39
685 4 5 5 6 5 1 3 0 2 4 256 42
686 0 1 2 5 2 4 3 1 0 150 69
687 0 1 2 6 4 3 0 1 5 2 316 49
688 2 1 2 3 2 0 1 386 16
689 4 0 1 6 1 2 0 5 4 3 188 80
690 0 5 4 4 3 4 1 5 89 48
691 2 5 3 5 0 5 4 1 3 247 67
692 2 5 4 6 2 0 1 4 3 5 368 15
693 2 1 2 5 5 1 0 3 4 303 28
694 4 5 3 3 0 4 5 214 49
695 2 0 1 3 3 0 5 850 36
696 2 0 2 5 4 3 2 5 0 967 28
697 2 0 1 5 4 3 2 5 0 967 28
698 2 0 1 6 2 5 1 4 0 3 495 79
699 4 1 2 6 2 0 4 3 1 5 459 23
700 0 1 2 6 5 4 2 3 1 0 212 61
701 2 0 6 4 3 0 4 2 690 90
702 2 5 4 3 4 1 5 261 63
703 4 1 3 6 1 3 5 4 0 2 354 39
704 0 5 4 4 1 3 2 5 392 15
705 0 5 2 5 5 1 0 4 2 487 37
706 0 1 2 3 5 3 2 455 98
707 2 0 3 4 3 0 4 2 690 90
708 2 1 2 4 4 0 3 2 186 21
709 4 0 3 6 3 0 1 4 2 5 616 56
710 0 5 4 4 3 4 1 5 89 48
711 0 1 2 6 5 1 4 3 0 2 181 72
712 0 5 3 6 4 1 0 3 2 5 192 48
713 0 5 6 3 0 1 5 216 83
714 4 1 8 4 4 3 5 0 501 30
715 2 5 1 3 3 0 1 441 55
716 4 5 3 4 4 2 3 1 323 10
717 2 0 3 3 0 5 3 778 41
718 2 0 2 6 0 2 3 5 4 1 270 82
719 4 1 2 4 2 3 4 1 419 21
720 2 0 2 3 3 0 5 850 36
721 4 0 5 3 5 1 2 188 71
722 2 0 3 5 1 0 4 3 5 850 59
723 2 0 3 3 0 4 2 284 32
724 4 5 3 6 5 4 0 3 2 1 315 16
725 4 0 3 4 4 1 3 5 471 32
726 4 1 11 6 2 0 4 3 1 5 459 23
727 4 1 4 6 5 3 4 2 0 1 322 32
728 2 0 3 5 1 4 0 3 2 344 70
729 0 5 3 6 4 2 3 1 0 5 298 58
78
730 4 1 1 4 4 1 5 2 181 63
731 4 5 1 3 4 3 5 389 46
732 4 0 1 4 1 3 4 5 612 58
733 4 0 1 6 0 3 1 2 4 5 658 50
734 4 1 1 4 0 2 1 4 356 81
735 0 1 3 5 0 1 5 2 4 135 25
736 2 5 4 4 3 4 0 5 349 65
737 4 1 3 6 1 3 5 4 0 2 354 39
738 0 5 1 4 0 3 1 5 311 51
739 0 1 1 3 0 2 4 296 44
740 2 0 1 3 3 0 5 850 36
741 0 1 3 4 4 3 5 0 139 16
742 0 5 2 6 5 1 0 3 4 2 584 97
743 0 1 1 4 1 0 2 4 368 91
744 2 0 2 6 0 4 1 5 2 3 702 12
745 4 1 1 4 2 3 4 1 419 21
746 4 1 3 4 0 2 1 4 356 81
747 2 0 3 4 3 1 5 0 667 78
748 4 0 2 3 5 1 2 188 71
749 2 1 1 5 2 0 1 5 4 383 65
750 2 5 2 6 2 4 1 5 0 3 328 67
751 4 0 2 4 5 0 3 2 426 76
752 2 0 1 5 1 4 0 3 2 344 70
753 4 0 3 4 5 0 3 2 426 76
754 0 1 4 6 4 2 1 5 3 0 551 52
755 4 5 1 6 0 3 5 4 1 2 149 48
756 4 5 1 3 4 5 1 339 82
757 4 5 2 4 4 2 3 1 323 10
758 4 1 4 4 4 1 5 2 181 63
759 2 0 3 3 3 0 5 850 36
760 2 5 4 5 0 2 3 1 4 211 25
761 0 1 2 3 5 3 2 455 98
762 0 1 3 5 0 5 3 1 2 402 54
763 0 5 4 4 5 4 1 3 167 86
764 4 1 2 3 5 2 4 448 74
765 2 0 1 6 0 4 1 5 2 3 702 12
766 2 0 4 4 4 3 1 2 543 42
767 2 0 3 3 3 0 5 850 36
768 4 0 3 3 5 1 2 188 71
769 2 1 3 3 1 0 3 366 30
770 0 5 1 4 1 3 2 5 392 15
771 2 0 2 6 5 3 4 0 1 2 495 13
772 0 1 2 5 4 0 2 3 5 218 83
773 4 1 1 4 1 2 5 4 339 58
774 0 1 4 4 1 0 2 4 368 91
775 2 1 3 5 4 0 1 5 3 213 49
776 4 0 4 5 0 5 4 3 2 249 50
777 2 0 7 5 1 4 0 3 2 344 70
778 0 5 2 5 4 2 1 5 0 583 30
779 4 0 1 6 3 0 1 4 2 5 616 56
780 2 5 2 6 2 4 1 5 0 3 328 67
781 4 5 2 3 1 3 2 526 82
782 0 5 1 3 0 3 2 322 90
783 4 1 4 4 4 3 5 0 501 30
784 4 5 3 5 5 2 1 3 0 123 53
785 4 0 6 5 5 1 0 3 2 384 78
786 2 1 2 6 3 4 5 2 1 0 372 25
787 0 1 9 6 5 4 2 3 1 0 212 61
788 4 1 2 6 2 0 4 3 1 5 459 23
789 2 0 1 6 0 2 3 5 4 1 270 82
790 2 5 8 3 4 1 5 261 63
791 2 1 5 5 2 5 4 1 3 98 61
792 4 5 6 6 0 3 5 4 1 2 149 48
793 4 5 2 6 0 5 3 2 1 4 201 60
794 2 0 5 5 1 0 4 3 5 850 59
795 4 5 4 4 4 2 3 1 323 10
796 2 1 2 3 4 0 2 619 20
797 4 0 4 3 5 1 2 188 71
798 0 1 5 5 1 0 4 3 2 415 61
799 4 1 3 6 2 0 4 3 1 5 459 23
800 2 5 2 4 2 4 5 3 302 47
801 4 0 4 4 5 0 3 2 426 76
802 0 1 3 5 0 1 5 2 4 135 25
803 0 1 2 5 2 4 3 1 0 150 69
804 2 1 2 3 0 5 3 431 70
805 0 5 2 3 5 0 3 216 69
806 2 5 3 4 2 4 5 3 302 47
807 4 1 2 6 0 4 2 3 1 5 159 46
56
808 0 1 1 5 4 2 1 3 5 87 78
809 2 5 1 6 4 3 2 0 1 5 276 20
810 4 0 1 5 0 5 4 3 2 249 50
811 0 5 1 5 3 2 5 0 1 483 11
812 4 5 3 3 4 3 5 389 46
813 4 0 3 5 2 0 1 4 3 281 93
814 4 0 1 4 3 0 5 1 646 71
815 0 5 4 3 5 0 1 213 54
816 4 1 1 4 0 2 1 4 356 81
817 2 0 3 5 1 4 0 3 2 344 70
818 4 5 2 5 1 5 2 4 3 516 69
819 0 1 3 5 1 0 4 3 2 415 61
820 2 5 3 3 4 3 5 157 95
821 0 5 2 6 4 1 0 3 2 5 192 48
822 4 5 3 6 1 2 0 4 5 3 187 84
823 0 1 1 4 4 3 5 0 139 16
824 2 5 7 4 2 4 5 3 302 47
825 2 0 1 3 3 0 5 850 36
826 4 5 1 4 2 4 0 3 219 43
827 4 1 2 6 1 3 5 4 0 2 47 23
828 2 0 2 6 0 2 3 5 4 1 270 82
829 4 0 5 6 0 3 5 2 1 4 675 18
830 2 0 5 6 4 1 5 2 3 0 378 21
831 0 1 1 5 2 4 3 1 0 150 69
832 4 1 1 6 2 0 4 3 1 5 459 23
833 2 0 2 5 5 2 1 4 3 1215 71
834 2 0 2 5 2 5 0 3 1 530 41
835 4 5 1 6 1 2 0 4 5 3 187 84
836 2 0 4 5 1 2 3 5 0 622 63
837 4 5 1 6 5 4 0 3 2 1 315 16
838 0 5 1 3 0 3 1 208 66
839 4 1 6 3 5 2 4 448 74
840 4 1 1 6 3 2 4 5 0 1 179 89
841 2 5 1 4 3 2 5 4 74 40
842 2 5 3 5 0 3 2 5 4 647 29
843 2 1 3 5 2 1 4 5 0 676 75
844 2 5 2 6 2 0 1 4 3 5 368 15
845 2 5 2 4 3 2 5 4 74 40
846 4 0 2 5 5 0 4 1 3 401 70
847 2 1 5 5 5 1 0 3 4 303 28
848 4 1 2 3 4 3 1 477 39
849 4 0 2 6 0 2 1 4 5 3 649 29
850 2 5 3 5 0 5 4 1 3 247 67
851 4 0 2 6 3 0 1 4 2 5 616 56
852 2 0 3 5 5 2 1 4 3 1215 71
853 4 0 2 4 3 2 0 5 618 67
854 2 0 2 3 0 5 3 778 41
855 0 5 3 4 3 1 0 2 378 10
856 0 1 3 4 1 4 0 5 42 33
857 4 1 2 4 0 2 3 5 345 71
858 0 1 2 5 3 5 2 0 1 398 28
859 4 1 3 3 3 4 1 270 31
860 2 5 2 4 3 2 5 4 74 40
861 2 0 3 6 4 1 5 2 3 0 378 21
862 2 5 2 6 5 3 0 2 1 4 322 32
863 4 1 3 3 3 4 1 270 31
61
864 2 5 1 3 4 1 5 261 63
865 0 1 1 5 0 5 3 1 2 402 54
866 4 0 1 5 5 0 4 1 3 401 70
867 4 0 1 5 4 2 3 1 5 438 59
868 2 1 2 5 2 5 4 1 3 98 61
869 0 5 5 4 3 1 0 2 378 10
870 4 5 4 6 5 4 0 3 2 1 315 16
871 2 1 3 3 1 0 3 366 30
872 4 0 1 3 4 5 3 139 77
873 2 5 2 4 3 2 5 4 74 40
874 0 1 2 5 1 4 0 3 5 57 76
875 4 5 1 4 3 5 0 2 182 15
876 2 5 1 5 0 5 4 1 3 247 67
877 0 5 1 5 3 2 5 0 1 483 11
878 4 0 1 6 3 0 1 4 2 5 616 56
879 4 5 1 3 1 3 2 526 82
880 2 0 1 6 0 4 1 5 2 3 702 12
881 0 1 4 6 4 2 1 5 3 0 551 52
882 2 1 2 5 1 5 4 3 2 412 78
883 0 1 2 6 5 4 2 3 1 0 212 61
884 4 5 1 3 4 3 5 389 46
885 2 1 4 3 4 1 2 538 21
886 2 1 1 6 1 5 0 3 4 2 361 69
887 2 0 1 6 4 1 5 2 3 0 378 21
888 2 5 2 6 2 3 4 0 1 5 284 47
889 4 0 1 6 1 2 0 5 4 3 188 80
890 0 1 1 6 5 1 4 3 0 2 181 72
891 4 1 6 3 5 4 0 88 87
892 4 0 2 5 1 3 2 4 0 402 42
893 2 0 3 6 4 1 5 2 3 0 378 21
894 0 1 3 4 1 4 0 5 42 33
895 4 5 1 6 0 3 5 4 1 2 149 48
896 2 5 2 4 3 2 5 4 74 40
897 4 5 2 6 5 1 3 4 2 0 376 65
898 2 1 2 3 0 5 3 431 70
899 2 0 1 6 1 0 2 5 3 4 526 83
900 2 5 1 5 3 2 1 0 4 297 73
901 4 1 2 4 1 2 5 4 339 58
902 4 0 2 5 5 0 4 1 3 401 70
903 4 1 1 6 0 4 2 3 1 5 159 46
904 4 5 2 3 0 4 5 214 49
905 2 0 5 5 4 5 0 3 2 740 80
906 2 1 2 5 4 2 0 5 3 547 83
907 4 1 2 6 3 2 4 5 0 1 179 89
908 0 1 4 3 5 0 2 274 51
909 4 0 2 5 4 2 3 1 5 438 59
910 0 1 1 6 4 2 1 5 3 0 551 52
911 0 1 3 3 5 3 2 455 98
912 4 0 3 4 5 0 3 2 426 76
913 4 0 2 5 2 0 1 4 3 281 93
914 4 5 2 6 1 2 0 4 5 3 187 84
915 0 1 2 5 4 2 1 3 5 87 78
916 4 1 3 3 5 4 0 88 87
917 2 0 2 5 4 3 2 5 0 967 28
918 2 0 3 5 1 4 0 3 2 344 70
919 0 1 3 4 5 0 3 4 31 61
920 2 5 2 5 0 2 3 1 4 211 25
921 2 0 6 6 0 4 1 5 2 3 702 12
922 0 1 4 5 0 5 3 1 2 402 54
923 4 5 2 3 4 5 1 339 82
924 0 1 6 6 5 1 4 3 0 2 181 72
65
925 4 1 1 4 1 4 5 3 548 38
926 4 5 1 3 0 4 5 214 49
927 4 1 4 4 2 3 4 1 419 21
928 4 1 1 3 3 4 1 270 31
929 2 5 2 5 0 3 2 5 4 647 29
930 0 5 1 3 0 3 1 208 66
931 0 1 2 5 1 0 4 3 2 415 61
932 0 1 1 6 5 1 4 3 0 2 181 72
933 4 1 3 6 3 2 4 5 0 1 179 89
934 2 1 1 3 5 4 3 461 50
935 4 5 1 6 1 5 3 0 2 4 227 24
936 4 0 2 4 3 2 0 5 618 67
937 2 5 1 6 2 3 4 0 1 5 284 47
938 0 1 1 5 1 4 0 3 5 57 76
939 2 5 2 3 4 1 5 261 63
940 0 1 1 3 0 2 4 296 44
941 4 0 4 3 3 1 4 52 26
942 2 1 4 6 0 5 1 4 3 2 330 43
943 2 1 1 3 1 0 3 366 30
944 4 0 3 6 3 0 1 4 2 5 616 56
945 4 5 3 6 0 3 5 4 1 2 149 48
946 4 5 4 6 1 2 0 4 5 3 187 84
947 2 5 2 6 1 3 4 5 2 0 125 59
948 2 5 2 3 4 3 5 157 95
949 4 5 4 3 0 4 5 214 49
950 4 5 4 3 1 3 2 526 82
951 2 0 3 5 1 2 3 5 0 622 63
952 2 1 3 5 4 2 0 5 3 547 83
953 2 1 1 3 4 1 2 538 21
954 0 5 5 6 5 1 0 3 4 2 584 97
955 4 1 2 6 5 3 4 2 0 1 322 32
956 4 0 2 6 0 2 1 4 5 3 649 29
957 0 5 5 5 5 1 0 4 2 487 37
958 2 1 2 3 0 1 2 71 91
959 4 0 2 4 4 1 3 5 471 32
960 0 5 1 6 5 1 0 3 4 2 584 97
961 4 5 2 3 1 3 2 526 82
962 0 5 2 3 0 3 2 322 90
963 2 0 2 6 0 4 1 5 2 3 702 12
964 4 0 2 5 5 0 4 1 3 401 70
965 4 5 1 5 3 4 1 2 5 88 78
966 0 1 3 3 5 0 2 274 51
967 2 0 1 5 2 5 0 3 1 530 41
968 4 0 2 4 2 5 4 0 257 10
969 0 1 3 6 3 1 0 4 5 2 382 12
970 2 0 2 6 1 0 2 5 3 4 526 83
971 4 0 1 4 2 5 4 0 257 10
972 2 1 2 5 4 3 0 5 1 178 39
973 4 1 6 3 3 4 1 270 31
974 4 1 2 4 1 2 5 4 339 58
975 2 1 2 3 1 0 3 366 30
976 4 1 4 6 1 3 5 4 0 2 47 23
977 0 5 4 6 3 5 4 1 0 2 565 27
978 0 5 8 6 2 1 5 0 3 4 225 80
979 2 0 5 3 4 5 3 923 13
980 4 5 3 5 3 4 1 2 5 88 78
981 4 0 3 5 4 2 3 1 5 438 59
982 2 0 1 4 4 3 1 2 543 42
983 2 1 4 3 5 4 3 461 50
984 0 1 6 4 1 0 2 4 368 91
985 4 1 4 6 5 3 4 2 0 1 322 32
986 4 1 2 3 3 4 1 270 31
987 4 0 1 3 5 1 2 188 71
988 4 1 3 4 4 1 5 2 181 63
989 4 1 2 6 3 2 4 5 0 1 179 89
66
990 4 5 1 4 2 4 0 3 219 43
991 2 1 2 6 0 5 1 4 3 2 330 43
992 0 5 3 6 4 2 3 1 0 5 298 58
993 4 1 2 3 4 3 1 477 39
994 0 5 2 4 1 3 2 5 392 15
995 4 5 1 3 4 5 1 339 82
996 0 5 2 6 3 5 4 1 0 2 565 27
997 2 5 2 4 3 2 4 1 146 22
998 4 5 1 6 4 3 0 1 2 5 311 21
999 4 5 1 6 0 3 5 4 1 2 149 48
1000 4 1 2 4 4 1 5 2 181 63
1001 2 0 3 3 0 4 2 284 32
1002 2 5 5 3 3 2 1 87 80
1003 4 5 3 4 0 4 3 5 345 39
1004 4 1 1 6 5 3 4 2 0 1 322 32
1005 0 5 2 5 5 1 0 4 2 487 37
1006 4 5 2 6 0 1 5 4 2 3 165 13
1007 2 0 3 4 4 3 1 2 543 42
1008 2 1 3 3 2 5 4 382 16
1009 4 5 5 3 0 4 3 345 92
1010 4 5 3 3 0 4 3 345 92
1011 0 1 1 5 3 5 2 0 1 398 28
1012 4 1 3 3 0 4 2 431 67
1013 0 5 1 3 0 3 2 322 90
1014 0 5 1 3 0 3 1 208 66
1015 4 1 1 6 1 3 5 4 0 2 354 39
1016 2 0 1 3 4 5 3 923 13
1017 2 1 10 3 2 0 1 386 16
1018 0 5 1 5 5 1 0 4 2 487 37
1019 0 5 1 5 0 1 5 3 4 176 87
1020 4 5 3 3 1 3 2 526 82
1021 2 1 1 3 0 1 2 71 91
1022 2 1 1 6 3 1 0 2 5 4 375 12
1023 0 1 3 3 0 2 4 296 44
1024 2 1 5 3 0 5 3 431 70
1025 2 0 2 5 5 2 1 4 3 1215 71
1026 4 5 3 6 1 5 3 0 2 4 227 24
1027 4 5 2 3 4 3 5 389 46
1028 2 5 2 6 2 4 1 5 0 3 328 67
1029 4 5 3 6 0 4 1 5 2 3 170 40
1030 0 5 4 4 3 1 0 2 378 10
1031 2 1 2 3 2 5 4 382 16
1032 0 5 2 4 1 3 2 5 392 15
1033 0 1 2 4 5 0 3 4 31 61
1034 0 1 2 4 5 4 2 1 546 72
1035 2 0 3 6 5 3 4 0 1 2 495 13
1036 2 1 1 5 2 5 4 1 3 98 61
1037 0 5 9 5 5 1 0 4 2 487 37
1038 4 0 2 4 5 0 3 2 426 76
1039 2 0 1 3 0 5 3 778 41
1040 2 0 2 5 1 0 4 3 5 850 59
1041 2 0 3 6 2 5 1 4 0 3 495 79
1042 2 0 3 5 4 3 2 5 0 967 28
1043 4 5 5 5 1 5 2 4 3 516 69
1044 4 1 4 6 5 3 4 2 0 1 322 32
1045 2 1 6 3 0 5 3 431 70
1046 4 1 2 6 1 3 5 4 0 2 47 23
1047 2 1 1 3 4 3 5 209 90
1048 4 0 4 5 0 5 4 3 2 249 50
1049 2 1 2 5 1 5 4 3 2 412 78
1050 2 0 7 4 4 3 1 2 543 42
1051 2 5 4 3 0 4 5 178 37
1052 2 1 4 3 4 1 2 538 21
1053 4 1 6 3 5 2 4 448 74
1054 2 1 3 5 2 0 1 5 4 383 65
1055 0 1 2 5 1 0 4 5 3 488 42
65
1056 2 0 3 3 3 0 5 850 36
1057 4 0 1 6 3 0 1 4 2 5 616 56
1058 4 5 1 6 4 3 0 1 2 5 311 21
1059 4 0 1 5 0 5 4 3 2 249 50
1060 2 5 1 6 2 0 1 4 3 5 368 15
1061 2 5 2 5 3 2 1 0 4 297 73
1062 2 5 3 4 2 4 5 3 302 47
1063 2 0 3 5 1 4 0 3 2 344 70
1064 0 1 2 4 1 4 0 5 42 33
1065 2 5 4 6 5 3 0 2 1 4 322 32
1066 2 1 2 3 5 4 3 461 50
1067 4 1 2 4 2 3 4 1 419 21
1068 4 1 2 3 3 4 1 270 31
1069 2 5 2 4 3 2 4 1 146 22
1070 2 1 1 6 3 1 0 2 5 4 375 12
1071 2 5 1 6 4 3 2 0 1 5 276 20
1072 4 0 5 4 3 2 0 5 618 67
1073 2 0 6 5 5 2 1 4 3 1215 71
1074 2 0 3 4 3 1 5 0 667 78
1075 0 5 1 4 0 3 1 5 311 51
1076 0 1 1 4 5 0 3 4 31 61
1077 2 1 4 5 2 0 1 5 4 383 65
1078 4 1 1 6 5 3 4 2 0 1 322 32
1079 2 1 2 5 4 3 0 5 1 178 39
1080 2 1 1 3 2 5 4 382 16
1081 0 1 3 4 5 0 3 4 31 61
1082 2 0 2 6 5 1 3 4 0 2 373 36
1083 4 5 2 3 1 3 2 526 82
1084 0 1 1 6 5 4 2 3 1 0 212 61
1085 4 0 2 4 5 2 0 3 568 20
1086 2 5 1 3 3 0 1 441 55
1087 0 5 1 4 3 4 1 5 89 48
1088 0 5 2 3 5 0 3 216 69
1089 2 5 2 4 5 1 2 3 206 54
1090 0 5 4 4 3 4 1 5 89 48
1091 2 1 2 6 0 5 1 4 3 2 330 43
1092 4 0 4 4 3 2 0 5 618 67
1093 4 5 3 5 1 5 2 4 3 516 69
1094 4 0 1 3 5 1 2 188 71
1095 0 1 3 6 1 5 2 0 3 4 295 41
1096 0 5 2 5 4 2 1 5 0 583 30
1097 4 1 2 4 5 2 4 3 197 39
1098 0 1 1 4 4 3 5 0 139 16
1099 2 0 5 5 0 2 3 1 4 502 59
1100 0 1 1 6 3 1 0 4 5 2 382 12
1101 2 5 2 6 2 4 1 5 0 3 328 67
1102 2 0 1 6 5 3 4 0 1 2 495 13
1103 0 1 4 4 4 3 5 0 139 16
1104 4 1 1 4 2 3 4 1 419 21
1105 4 1 2 6 1 3 5 4 0 2 47 23
1106 0 5 3 4 0 3 1 5 311 51
1107 4 0 7 5 5 1 0 3 2 384 78
1108 4 0 2 6 3 2 5 4 0 1 424 35
1109 2 1 2 5 5 1 0 3 4 303 28
1110 2 5 3 3 4 3 5 157 95
1111 2 5 5 3 3 0 1 441 55
1112 2 5 3 4 3 2 5 4 74 40
1113 2 5 2 4 2 4 5 3 302 47
1114 0 1 2 5 0 5 3 1 2 402 54
1115 0 1 3 6 4 2 1 5 3 0 551 52
1116 4 5 2 6 1 0 2 3 4 5 726 70
1117 4 0 2 4 3 2 0 5 618 67
1118 0 5 3 3 0 3 1 208 66
1119 0 1 2 6 1 5 2 0 3 4 295 41
1120 4 1 2 3 3 4 1 270 31
57
1121 4 1 1 3 5 2 4 448 74
1122 2 1 1 3 2 5 4 382 16
1123 2 0 1 5 1 4 0 3 2 344 70
1124 2 0 2 4 3 0 4 2 690 90
1125 2 5 4 3 3 0 1 441 55
1126 4 5 2 6 0 3 5 4 1 2 149 48
1127 2 1 1 5 2 1 4 5 0 676 75
1128 4 1 1 4 1 4 5 3 548 38
1129 4 5 3 6 0 1 5 4 2 3 165 13
1130 0 1 1 6 4 2 1 5 3 0 551 52
1131 4 0 2 6 1 2 0 5 4 3 188 80
1132 0 1 1 4 5 0 3 4 31 61
1133 2 0 5 5 4 5 0 3 2 740 80
1134 4 0 2 4 4 1 3 5 471 32
1135 4 5 2 6 5 1 3 0 2 4 256 42
1136 4 1 3 4 4 3 0 5 458 52
1137 4 5 5 5 1 5 2 4 3 516 69
1138 2 5 2 3 4 3 5 157 95
1139 0 5 3 5 5 1 0 4 2 487 37
1140 2 0 5 5 4 3 2 5 0 967 28
1141 0 1 4 6 1 5 2 0 3 4 295 41
1142 0 5 3 3 5 0 1 213 54
1143 4 0 2 4 5 0 3 2 426 76
1144 0 1 13 4 5 0 3 4 31 61
1145 0 1 5 3 5 3 2 455 98
1146 2 5 2 5 0 5 4 1 3 247 67
1147 4 5 1 5 5 2 1 3 0 123 53
1148 4 0 2 3 4 5 3 139 77
1149 4 1 2 4 1 4 5 3 548 38
1150 2 5 2 6 2 4 1 5 0 3 328 67
1151 0 1 4 5 0 5 3 1 2 402 54
1152 4 5 1 5 5 2 1 3 0 123 53
1153 4 5 3 3 1 3 2 526 82
1154 0 5 3 4 5 4 1 3 167 86
1155 2 5 2 4 5 1 2 3 206 54
1156 4 5 2 6 5 4 0 3 2 1 315 16
1157 4 1 3 3 4 3 1 477 39
1158 0 5 2 6 2 4 0 3 5 1 390 20
1159 2 5 2 3 0 3 5 557 28
1160 4 5 2 5 1 5 2 4 3 516 69
1161 2 5 2 5 0 2 3 1 4 211 25
1162 2 5 2 3 4 1 5 261 63
1163 4 5 1 5 1 5 2 4 3 516 69
1164 0 5 1 5 3 2 5 0 1 483 11
1165 4 0 3 3 5 1 2 188 71
1166 0 5 6 4 3 4 1 5 89 48
1167 4 0 7 3 5 1 2 188 71
1168 4 5 4 6 1 5 3 0 2 4 227 24
1169 2 0 2 5 1 0 4 3 5 850 59
1170 2 5 8 3 0 4 5 178 37
1171 0 1 3 4 1 4 0 5 42 33
1172 2 5 1 3 0 3 5 557 28
1173 4 1 3 6 1 3 5 4 0 2 354 39
1174 0 1 5 5 1 0 4 5 3 488 42
1175 2 0 3 4 3 0 4 2 690 90
1176 2 5 4 5 0 5 4 1 3 247 67
1177 0 5 2 3 5 0 1 213 54
59
1178 2 0 1 5 2 5 0 3 1 530 41
1179 2 5 5 3 3 0 1 441 55
1180 2 0 4 6 2 5 1 4 0 3 495 79
1181 0 1 1 5 4 2 1 3 5 87 78
1182 0 5 1 6 4 1 0 3 2 5 192 48
1183 0 5 1 6 3 5 4 1 0 2 565 27
1184 4 0 1 6 1 2 0 5 4 3 188 80
1185 2 0 1 5 5 2 1 4 3 1215 71
1186 4 0 1 4 3 2 0 5 618 67
1187 2 0 1 5 0 2 3 1 4 502 59
1188 2 5 1 3 4 1 5 261 63
1189 0 1 6 6 4 3 0 1 5 2 316 49
1190 2 1 1 4 4 0 3 2 186 21
1191 2 5 1 3 3 2 1 87 80
1192 4 1 1 4 0 2 1 4 356 81
1193 0 5 5 5 5 1 0 4 2 487 37
1194 2 1 1 5 2 5 4 1 3 98 61
1195 2 5 2 5 0 5 4 1 3 247 67
1196 2 0 3 4 4 3 1 2 543 42
1197 2 0 2 4 3 0 4 2 690 90
1198 0 5 2 6 3 5 4 1 0 2 565 27
1199 2 5 1 6 2 3 4 0 1 5 284 47
1200 2 1 1 5 2 1 4 5 0 676 75
1201 4 1 1 6 1 3 5 4 0 2 354 39
1202 0 1 2 6 1 5 2 0 3 4 295 41
1203 2 5 2 3 3 0 1 441 55
1204 4 0 2 3 5 1 2 188 71
1205 0 5 3 4 0 3 1 5 311 51
1206 0 1 2 5 4 0 2 3 5 218 83
1207 4 0 3 6 3 2 5 4 0 1 424 35
1208 0 1 2 4 1 4 0 5 42 33
1209 0 1 3 5 2 4 3 1 0 150 69
1210 2 1 2 5 2 0 1 5 4 383 65
1211 0 1 2 5 1 0 4 3 2 415 61
1212 4 1 1 4 0 2 1 4 356 81
1213 2 0 2 6 4 1 5 2 3 0 378 21
1214 4 1 1 4 5 2 4 3 197 39
1215 0 5 3 4 3 1 0 2 378 10
1216 2 0 1 6 5 1 3 4 0 2 373 36
1217 4 5 3 5 3 4 1 2 5 88 78
1218 0 1 4 4 5 0 3 4 31 61
1219 0 1 1 5 2 4 3 1 0 150 69
1220 0 5 2 3 2 3 5 373 42
1221 2 1 1 6 1 5 0 3 4 2 361 69
1222 2 1 2 3 0 1 2 71 91
1223 0 5 3 4 5 4 1 3 167 86
1224 4 5 2 3 0 4 5 214 49
1225 4 1 2 4 5 2 4 3 197 39
1226 4 0 2 6 1 2 0 5 4 3 188 80
1227 4 1 3 6 2 0 4 3 1 5 459 23
1228 2 0 3 5 2 5 0 3 1 530 41
1229 4 0 2 4 5 2 0 3 568 20
1230 2 5 2 4 3 4 0 5 349 65
1231 4 1 5 6 0 4 2 3 1 5 159 46
1232 0 5 2 4 1 3 2 5 392 15
1233 2 0 1 4 4 3 1 2 543 42
1234 0 5 3 6 3 0 1 2 4 5 243 96
1235 4 0 4 6 0 3 5 2 1 4 675 18
1236 0 5 2 3 5 0 3 216 69
65
1237 4 0 2 5 4 2 3 1 5 438 59
1238 0 5 1 3 0 1 5 216 83
1239 4 0 1 6 1 2 0 5 4 3 188 80
1240 4 1 2 4 4 3 5 0 501 30
1241 4 0 1 4 4 1 3 5 471 32
1242 4 5 1 6 5 1 3 0 2 4 256 42
1243 2 0 3 5 4 3 2 5 0 967 28
1244 4 1 1 4 4 3 5 0 501 30
1245 2 1 1 3 4 3 5 209 90
1246 2 5 2 4 5 1 2 3 206 54
1247 4 5 1 6 0 1 5 4 2 3 165 13
1248 2 1 2 5 2 0 1 5 4 383 65
1249 4 5 1 6 4 3 0 1 2 5 311 21
1250 4 1 3 4 5 2 4 3 197 39
1251 0 5 1 6 4 1 0 3 2 5 192 48
1252 2 5 2 4 2 4 5 3 302 47
1253 0 5 1 5 3 2 5 0 1 483 11
1254 0 5 3 6 3 0 1 2 4 5 243 96
1255 2 0 4 6 5 1 3 4 0 2 373 36
1256 2 1 2 6 0 5 1 4 3 2 330 43
1257 2 5 1 3 0 3 5 557 28
1258 0 5 3 3 5 0 3 216 69
1259 2 1 1 6 3 1 0 2 5 4 375 12
1260 0 5 2 3 5 0 3 216 69
1261 0 1 1 5 0 1 5 2 4 135 25
1262 4 5 1 4 4 2 3 1 323 10
1263 0 5 2 4 5 4 1 3 167 86
1264 0 1 2 4 4 3 5 0 139 16
1265 2 5 1 5 3 1 4 0 2 358 63
1266 0 1 2 5 4 2 1 3 5 87 78
1267 0 5 5 3 5 0 3 216 69
1268 2 5 1 4 2 4 5 3 302 47
1269 2 1 1 6 3 1 0 2 5 4 375 12
1270 2 0 4 5 4 3 2 5 0 967 28
1271 0 1 1 5 1 0 4 5 3 488 42
1272 2 0 5 5 5 2 1 4 3 1215 71
1273 0 1 2 4 5 4 2 1 546 72
1274 2 0 1 5 2 5 0 3 1 530 41
1275 4 5 1 3 4 5 1 339 82
1276 2 0 2 5 5 2 1 0 3 377 46
1277 0 5 2 4 2 3 1 5 492 56
1278 0 5 2 3 2 3 5 373 42
1279 4 1 3 6 5 3 4 2 0 1 322 32
1280 4 0 3 5 5 0 4 1 3 401 70
1281 4 0 2 6 1 2 0 5 4 3 188 80
1282 2 0 2 5 4 3 2 5 0 967 28
1283 2 1 4 5 2 5 4 1 3 98 61
1284 0 5 2 3 5 0 1 213 54
1285 2 5 2 4 3 2 4 1 146 22
1286 4 0 12 5 5 0 4 1 3 401 70
1287 0 5 2 6 2 4 0 3 5 1 390 20
1288 4 5 2 3 4 3 5 389 46
1289 0 1 4 6 1 5 2 0 3 4 295 41
1290 4 5 4 4 2 4 0 3 219 43
1291 0 1 2 5 1 0 4 5 3 488 42
1292 4 0 2 4 4 1 3 5 471 32
1293 2 1 1 6 0 5 1 4 3 2 330 43
1294 4 5 4 5 1 5 2 4 3 516 69
1295 0 5 3 6 4 2 3 1 0 5 298 58
1296 4 0 3 4 2 5 4 0 257 10
1297 4 0 3 3 4 5 3 139 77
1298 4 0 3 5 5 0 4 1 3 401 70
1299 4 1 6 4 4 1 5 2 181 63
1300 2 0 3 6 1 0 2 5 3 4 526 83
1301 2 1 2 5 5 1 0 3 4 303 28
58
1302 4 1 1 4 0 2 1 4 356 81
1303 4 0 4 6 0 3 1 2 4 5 658 50
1304 2 1 1 5 4 0 1 5 3 213 49
1305 2 5 2 6 2 0 1 4 3 5 368 15
1306 0 1 1 5 2 4 3 1 0 150 69
1307 0 5 2 5 5 1 0 4 2 487 37
1308 4 1 1 3 5 2 4 448 74
1309 4 5 1 6 4 3 0 1 2 5 311 21
1310 2 0 3 5 1 0 4 3 5 850 59
1311 0 1 3 5 1 4 0 3 5 57 76
1312 0 5 7 4 1 3 2 5 392 15
1313 2 0 1 3 0 4 2 284 32
1314 2 5 3 4 2 4 5 3 302 47
1315 0 1 1 5 4 2 1 3 5 87 78
1316 2 5 3 6 2 4 1 5 0 3 328 67
1317 0 5 1 6 3 0 1 2 4 5 243 96
1318 2 5 1 6 4 3 2 0 1 5 276 20
1319 4 5 1 6 4 3 0 1 2 5 311 21
1320 0 5 1 5 4 2 1 5 0 583 30
1321 0 1 3 4 5 0 3 4 31 61
1322 2 1 4 6 0 5 1 4 3 2 330 43
1323 2 5 7 5 0 3 2 5 4 647 29
1324 2 5 3 3 0 3 5 557 28
1325 4 5 4 3 1 3 2 526 82
1326 2 0 2 5 4 3 2 5 0 967 28
1327 4 1 1 3 5 2 4 448 74
1328 4 1 4 3 5 4 0 88 87
1329 2 5 3 6 5 3 0 2 1 4 322 32
1330 2 1 4 5 4 0 1 5 3 213 49
1331 4 1 1 4 0 5 1 3 466 92
1332 2 1 3 5 2 5 4 1 3 98 61
1333 0 5 5 4 5 4 1 3 167 86
1334 4 0 2 6 0 2 1 4 5 3 649 29
1335 2 0 3 4 4 3 1 2 543 42
1336 4 5 2 5 5 2 1 3 0 123 53
1337 4 0 1 3 5 1 2 188 71
1338 4 1 2 3 4 3 1 477 39
1339 0 1 3 3 5 3 2 455 98
1340 2 1 4 6 3 1 0 2 5 4 375 12
1341 2 1 3 5 4 3 0 5 1 178 39
1342 2 1 4 5 2 0 1 5 4 383 65
1343 2 1 6 4 4 0 3 2 186 21
1344 4 0 1 6 1 2 0 5 4 3 188 80
1345 2 1 4 6 1 5 0 3 4 2 361 69
1346 2 0 1 6 1 0 2 5 3 4 526 83
1347 0 5 2 4 0 3 1 5 311 51
1348 0 5 3 6 5 1 0 3 4 2 584 97
1349 4 1 4 4 2 3 4 1 419 21
1350 4 5 5 3 4 3 5 389 46
1351 0 1 2 5 1 0 4 5 3 488 42
1352 2 5 4 3 4 1 5 261 63
1353 2 1 5 3 1 0 3 366 30
1354 2 0 3 5 5 2 1 0 3 377 46
1355 2 5 5 3 4 1 5 261 63
1356 2 1 2 6 3 1 0 2 5 4 375 12
1357 2 5 5 3 0 4 5 178 37
1358 2 1 2 3 2 0 1 386 16
1359 2 1 3 6 0 5 1 4 3 2 330 43
56
1360 4 5 1 3 3 0 5 415 72
1361 0 1 6 5 4 2 1 3 5 87 78
1362 2 5 1 5 0 3 2 5 4 647 29
1363 2 0 1 5 2 5 0 3 1 530 41
1364 2 1 1 5 5 1 0 3 4 303 28
1365 4 5 1 6 5 4 0 3 2 1 315 16
1366 4 0 1 6 0 2 1 4 5 3 649 29
1367 4 0 1 4 1 3 4 5 612 58
1368 2 0 1 6 0 4 1 5 2 3 702 12
1369 4 0 1 3 5 1 2 188 71
1370 0 5 1 4 3 4 1 5 89 48
1371 0 5 1 3 5 0 3 216 69
1372 0 1 1 4 5 0 3 4 31 61
1373 4 0 1 5 5 0 4 1 3 401 70
1374 2 1 2 5 2 0 1 5 4 383 65
1375 0 1 4 6 5 1 4 3 0 2 181 72
1376 0 5 2 3 0 1 5 216 83
1377 0 1 2 3 5 0 2 274 51
1378 4 1 1 3 5 4 0 88 87
1379 0 5 1 4 5 4 1 3 167 86
1380 4 0 2 3 5 1 2 188 71
1381 0 1 2 5 0 5 3 1 2 402 54
1382 0 5 10 3 5 0 1 213 54
1383 2 5 1 3 0 3 5 557 28
1384 4 0 2 5 5 0 4 1 3 401 70
1385 0 5 3 4 3 4 1 5 89 48
1386 4 0 2 5 1 3 2 4 0 402 42
1387 2 5 4 4 3 2 5 4 74 40
1388 0 5 4 3 0 3 2 322 90
1389 0 1 3 3 0 2 4 296 44
1390 4 5 2 6 5 1 3 4 2 0 376 65
1391 2 1 1 6 0 5 1 4 3 2 330 43
1392 0 1 2 3 5 3 2 455 98
1393 2 5 2 5 3 2 1 0 4 297 73
1394 4 1 1 4 2 3 4 1 419 21
1395 4 0 2 6 3 2 5 4 0 1 424 35
1396 0 5 3 5 3 2 5 0 1 483 11
1397 2 0 6 4 3 0 4 2 690 90
1398 2 1 4 5 4 3 0 5 1 178 39
1399 2 1 2 3 4 1 2 538 21
1400 0 1 3 5 1 4 0 3 5 57 76
1401 0 1 2 3 5 0 2 274 51
1402 2 5 2 5 3 2 1 0 4 297 73
1403 2 1 2 5 2 1 4 5 0 676 75
1404 4 5 1 5 5 2 1 3 0 123 53
1405 0 5 4 3 5 0 1 213 54
1406 0 1 5 6 4 3 0 1 5 2 316 49
1407 2 1 4 6 1 0 3 2 4 5 570 59
1408 4 0 3 5 5 1 0 3 2 384 78
1409 2 1 3 5 2 0 1 5 4 383 65
1410 2 5 3 6 2 4 1 5 0 3 328 67
1411 2 5 2 3 4 3 5 157 95
1412 4 1 2 4 4 3 0 5 458 52
1413 4 5 3 3 3 0 5 415 72
1414 4 5 2 6 1 2 0 4 5 3 187 84
1415 0 5 2 5 4 2 1 5 0 583 30
60
1416 0 1 2 3 5 0 2 274 51
1417 4 1 2 3 4 3 1 477 39
1418 4 5 1 3 3 0 5 415 72
1419 2 0 1 3 4 5 3 923 13
1420 2 1 2 3 2 0 1 386 16
1421 4 0 1 6 3 2 5 4 0 1 424 35
1422 2 1 1 5 4 2 0 5 3 547 83
1423 4 5 5 3 0 4 3 345 92
1424 4 1 3 3 3 4 1 270 31
1425 4 5 3 6 0 3 5 4 1 2 149 48
1426 4 0 1 5 5 0 4 1 3 401 70
1427 2 5 3 5 0 3 2 5 4 647 29
1428 2 1 1 3 5 4 3 461 50
1429 4 0 2 5 1 3 2 4 0 402 42
1430 4 0 3 4 4 1 3 5 471 32
1431 0 5 1 5 4 2 1 5 0 583 30
1432 4 5 1 4 3 5 0 2 182 15
1433 2 0 3 6 0 4 1 5 2 3 702 12
1434 2 0 1 5 4 5 0 3 2 740 80
1435 2 1 1 6 1 0 3 2 4 5 570 59
1436 4 5 4 5 5 2 1 3 0 123 53
1437 4 5 5 6 1 0 2 3 4 5 726 70
1438 4 1 2 4 4 1 5 2 181 63
1439 2 1 2 5 2 0 1 5 4 383 65
1440 2 5 3 6 2 4 1 5 0 3 328 67
1441 4 0 2 5 2 0 1 4 3 281 93
1442 2 5 4 3 3 0 1 441 55
1443 2 0 5 5 4 5 0 3 2 740 80
1444 2 1 1 5 2 1 4 5 0 676 75
1445 0 5 1 3 2 3 5 373 42
1446 2 5 3 4 3 2 4 1 146 22
1447 4 5 2 6 1 5 3 0 2 4 227 24
1448 2 0 2 3 0 5 3 778 41
1449 4 1 2 6 5 3 4 2 0 1 322 32
1450 2 0 1 3 0 5 3 778 41
1451 4 5 2 3 0 4 5 214 49
1452 2 1 2 3 0 1 2 71 91
1453 0 5 3 3 0 3 2 322 90
1454 2 0 4 5 5 2 1 4 3 1215 71
1455 0 5 1 6 3 5 4 1 0 2 565 27
1456 4 5 7 6 1 0 2 3 4 5 726 70
1457 2 0 2 6 1 0 2 5 3 4 526 83
1458 2 5 2 4 2 4 5 3 302 47
1459 0 5 2 6 5 1 0 3 4 2 584 97
1460 4 5 1 5 1 5 2 4 3 516 69
1461 4 1 1 4 0 2 3 5 345 71
1462 4 0 3 3 5 1 2 188 71
1463 2 5 1 5 0 3 2 5 4 647 29
1464 0 5 3 6 3 0 1 2 4 5 243 96
1465 2 5 2 4 2 4 5 3 302 47
1466 2 1 2 6 1 5 0 3 4 2 361 69
1467 4 0 5 5 5 0 4 1 3 401 70
1468 4 1 3 4 4 3 5 0 501 30
1469 2 5 2 4 3 2 4 1 146 22
1470 2 1 6 6 1 5 0 3 4 2 361 69
1471 4 1 5 3 4 3 1 477 39
1472 0 5 2 6 3 0 1 2 4 5 243 96
1473 4 0 2 6 0 2 1 4 5 3 649 29
1474 4 1 2 4 0 5 1 3 466 92
1475 2 0 3 6 0 2 3 5 4 1 270 82
77
1476 4 0 4 4 1 3 4 5 612 58
1477 4 5 2 6 0 4 1 5 2 3 170 40
1478 2 0 3 5 1 4 0 3 2 344 70
1479 4 1 1 4 1 2 5 4 339 58
1480 2 0 4 5 1 2 3 5 0 622 63
1481 2 1 1 3 5 4 3 461 50
1482 4 1 1 4 5 2 4 3 197 39
1483 2 1 3 5 1 5 4 3 2 412 78
1484 4 0 3 6 3 2 5 4 0 1 424 35
1485 2 1 1 5 4 3 0 5 1 178 39
1486 4 5 1 3 4 3 5 389 46
1487 0 5 1 6 3 5 4 1 0 2 565 27
1488 0 1 1 3 3 0 2 494 25
1489 4 5 4 5 3 4 1 2 5 88 78
1490 2 1 1 4 4 0 3 2 186 21
1491 2 1 1 3 2 0 1 386 16
1492 4 5 2 6 1 2 0 4 5 3 187 84
1493 2 1 3 5 4 0 1 5 3 213 49
1494 2 1 1 5 2 1 4 5 0 676 75
1495 2 0 3 5 2 5 0 3 1 530 41
1496 0 5 1 4 3 1 0 2 378 10
1497 4 1 1 6 1 3 5 4 0 2 47 23
1498 0 5 1 5 3 2 5 0 1 483 11
1499 4 0 1 4 4 1 3 5 471 32
1500 0 5 3 4 2 3 1 5 492 56
1501 4 5 3 6 4 3 0 1 2 5 311 21
1502 2 5 2 5 3 1 4 0 2 358 63
1503 2 0 4 5 5 2 1 0 3 377 46
1504 2 5 5 4 2 4 5 3 302 47
1505 2 1 1 3 4 1 2 538 21
1506 4 0 2 3 4 5 3 139 77
1507 2 5 1 5 3 1 4 0 2 358 63
1508 2 0 4 6 4 1 5 2 3 0 378 21
1509 4 5 1 6 0 3 5 4 1 2 149 48
1510 0 5 1 3 2 3 5 373 42
1511 2 5 3 4 2 4 5 3 302 47
1512 2 5 2 4 3 4 0 5 349 65
1513 4 0 2 4 5 2 0 3 568 20
1514 4 0 1 4 5 0 3 2 426 76
1515 2 1 1 3 0 1 2 71 91
1516 2 0 1 6 5 1 3 4 0 2 373 36
1517 4 0 3 4 2 5 4 0 257 10
1518 4 1 2 4 0 2 1 4 356 81
1519 4 0 1 4 2 5 4 0 257 10
1520 2 5 3 4 3 2 5 4 74 40
1521 4 1 2 4 0 5 1 3 466 92
1522 4 1 6 4 1 4 5 3 548 38
1523 0 1 9 6 3 1 0 4 5 2 382 12
1524 0 5 2 6 2 4 0 3 5 1 390 20
1525 0 5 3 3 0 3 1 208 66
1526 4 0 5 3 4 5 3 139 77
1527 2 0 2 3 4 5 3 923 13
1528 2 1 2 5 2 5 4 1 3 98 61
1529 2 1 4 5 2 0 1 5 4 383 65
1530 4 1 8 3 4 3 1 477 39
1531 0 5 4 5 3 2 5 0 1 483 11
1532 2 5 2 4 3 4 0 5 349 65
1533 2 5 2 4 3 2 4 1 146 22
1534 4 5 2 6 0 3 5 4 1 2 149 48
1535 2 0 2 6 5 3 4 0 1 2 495 13
1536 4 5 2 6 1 0 2 3 4 5 726 70
1537 4 5 2 5 1 5 2 4 3 516 69
1538 2 0 2 5 4 3 2 5 0 967 28
1539 4 0 3 6 0 2 1 4 5 3 649 29
1540 2 0 2 5 1 2 3 5 0 622 63
1541 2 1 4 6 1 5 0 3 4 2 361 69
1542 4 1 2 3 5 4 0 88 87
1543 0 5 2 5 5 1 0 4 2 487 37
1544 4 5 5 6 0 1 5 4 2 3 165 13
1545 4 0 3 4 3 2 0 5 618 67
1546 0 5 2 4 3 4 1 5 89 48
1547 2 0 4 5 2 5 0 3 1 530 41
1548 4 0 9 5 1 3 2 4 0 402 42
1549 4 5 2 5 5 2 1 3 0 123 53
1550 4 0 6 5 2 0 1 4 3 281 93
1551 0 1 2 3 3 0 2 494 25
1552 2 0 2 5 5 2 1 0 3 377 46
0
0
0
0
0
0
0
0
0
0
0
0

