61
0 1.19 15991.7 3640.95 43.61 3.6 37.98 127.59 207.85 99.2 102.31 63.02 0.01 0.01 0.01 1.69 1969.74 11199.2 28160.6 44055.1 56118.8 63051.4 61156.8 57434.2 45652.5 30887.2 
1 0.83 9053.98 705.34 0 0 0 0 0 0 0 0 0 0 188.07 1551.66 10729.7 33021.8 55492.7 72539.5 83864.7 86058.9 82376.5 70535.6 51932.3 28545.2 
2 1.42 0 0 0 0 0 0 0 0 0 0 0 0 0 0 0 0 0 0 0 0 0 0 0 0 
3 1.46 0 0 0 0 0 0 0 0 0 0 0 66.6 1600.42 7141.02 24675.8 41434.6 62683.6 69872.1 67422.5 58865.8 44603.1 11091.6 1934.52 108.29 
4 1.23 2745.88 13.55 0.01 0.01 0.02 0.01 0.01 0.01 0.01 0.01 0.01 0.01 144.72 3831.79 17135 36435.7 55151.5 68313.3 76271.2 75400.4 68711.2 55278 34715.7 15176.3 
5 1.02 0 0 0 0 0 0 0 0 0 0 0 0 0 0 0 0 0 0 0 0 0 0 0 0 
6 1.41 1476.33 32.01 0.02 0.03 0.03 0.03 0.04 0.04 0.04 0.05 0.04 0.04 12.38 1278.57 9609.25 26507.8 43382.9 57205.1 66213.7 65544.8 60572.6 48842.9 32558.4 12826 
7 0.81 0 0 0 0 0 0 0 0 0 0 0 0 0 0 0 0 0 0 0 0 0 0 0 0 
8 1.29 0 0 0 0 0 0 0 0 0 0 0 454.85 6959.3 24036.1 46729.7 66007 78191.3 81720.1 79382.4 67623.2 52609 32978.5 11311.9 696.11 
9 1.34 0 0 0 0 0 0 0 0 0 0 0 0 0 0 0 0 0 0 0 0 0 0 0 0 
10 1.15 4530.19 418.22 0.02 0.02 0.02 0.02 0.03 0.03 0.03 0.02 0.02 0.02 0.03 191.69 2955.05 9435.54 21863.5 34104.4 45476.9 49437.2 48984.5 43034.7 29914.7 14423.2 
11 1.5 0 0 0 0 0 0 0 0 0 0 0 0 0 0 0 0 0 0 0 0 0 0 0 0 
12 0.96 0.01 0.01 0.01 0 0 0 0 0 0 0 0 731.93 9544.89 30893.3 53105 72000.2 84913.1 90646.6 86245.2 75217.9 58291.2 34374.4 11138.4 771.83 
13 1.27 0 0 0 0 0 0 0 0 0 0 0 0 0 0 0 0 0 0 0 0 0 0 0 0 
14 0.96 0 0 0 0 0 0 0 0 0 0 0 0 0 0 0 0 0 0 0 0 0 0 0 0 
15 1.06 4403.39 3799.83 4219.39 7252.3 11584.3 16468.6 20297 22521.8 23356.4 21614.4 18329 12874.2 7181.44 2586.39 682.21 365.28 354.15 329.55 378.51 648.95 1544.96 2875.62 4451.5 4724.53 
16 1.42 3120.7 53.43 0.01 0.01 0.01 0.01 0.01 0.01 0.01 0.01 0.01 0.01 1.8 2053.95 14049 36302 59792.9 75952.1 80588.7 79107.4 73093.7 57404.1 39388.3 18429.4 
17 0.98 0 0 0 6.23 1035.72 3832.02 6965.79 10447.6 11599 10961.9 11347.8 16672.4 21668.5 27717.4 36233.3 40655.9 43903.7 40639.7 33869.4 21909.8 8117.45 870.41 0.72 0 
18 1.48 13982.7 2898.51 5.18 0.02 0.02 0.02 0.03 0.03 0.02 0.03 0.03 0.03 0.03 15.72 1830.92 9648.77 27284.3 45068.4 54863.1 63882.4 64186.3 57337.1 47108.2 31448.8 
19 1.46 0 0 0 0 0 0 0 0 0 0 0 0 0 0 0 0 0 0 0 0 0 0 0 0 
20 0.94 0 0 0 0 0 0 0 0 0 0 0 0 0 0 0 0 0 0 0 0 0 0 0 0 
21 0.98 0 0 0 0 0 0 0 0 0 0 0 0 0 0 0 0 0 0 0 0 0 0 0 0 
22 1.09 0 0 0 0 0 0 0 0 0 0 0 0 0 0 0 0 0 0 0 0 0 0 0 0 
23 0.86 16206.7 10467.6 5155.36 1404.44 52.47 0 0 0 0 0 0 0 0 0 0 39.65 723.3 4214.75 9286.61 14313.7 18956.1 22706 23648.6 21527.5 
24 1.43 0.01 0.01 0.01 0.01 0.01 0.01 0.01 0.01 0.01 0.01 0.01 256.72 3648.27 13757 28024.2 37529.1 45533.2 49039.4 46519.9 39553 29236.6 17025.8 5697.55 385.86 
25 0.89 10.48 0.06 0.06 0.06 0.06 510.25 3505.4 7611.99 11256.4 13182.5 13850.9 12200.4 11108 12419.1 17009 26006.2 36218 41949.3 43117.9 39802.5 33310.7 22971.3 10923.9 1754.52 
26 1.36 0 0 0 0 0 0 0 0 0 0 0 0 0 0 0 0 0 0 0 0 0 0 0 0 
27 1.31 0 0 0 0 0 0 0 0 0 0 0 0 0 0 0 0 0 0 0 0 0 0 0 0 
28 1.02 0 0 0 0 0 0 0 0 0 0 0 0 0 0 0 0 0 0 0 0 0 0 0 0 
29 1.16 0 0 0 0 0 0 0 0 0 0 0 0 0 0 0 0 0 0 0 0 0 0 0 0 
30 1.05 0 0 0 0 0 0 0 0 0 0 0 0 0 0 0 0 0 0 0 0 0 0 0 0 
31 1.33 3745.79 11.4 0.01 0.01 0.01 0.01 0.01 0.01 0.01 0.01 0.01 0.01 73.81 3036.02 15798.3 35737.4 54514.1 67874.1 75172.6 77224.1 70491.7 57828.3 38446.3 18416.1 
32 1.22 18551.4 2705.62 0.36 0 0 0 0 0.01 0.01 0.01 0.01 0.01 0.01 45.05 3979.49 19194 40009.9 59176.6 73435.9 81513.1 81672.5 74978 60443.2 41219.5 
33 0.99 0 0 0 0 0 0 0 0 0 0 0 0 0 0 0 0 0 0 0 0 0 0 0 0 
34 1 83.5 0 0 0 0 0 0 0 0 0 0 0 464.08 5143.98 16842.5 25081.6 42626.7 50983.6 53879.8 52397 42476.2 28690.7 13649.7 3501.27 
35 1.12 0 0 0 0 0 0 0 0 0 0 0 0 0 0 0 0 0 0 0 0 0 0 0 0 
36 0.91 83.86 0.01 0 0 0.01 0.01 0.01 0.01 0.01 0 0.01 1.32 1029.49 8437.89 23429.5 38963.2 51812.1 61055.9 65321.3 58445.8 49337.2 35432.7 18874.4 4617.38 
37 1.34 134.53 0 0 0 0 0 0 0 0 0 0 0 95.24 2206.2 12004.4 27647.6 42729.1 52776.7 55782.8 54048.4 45747.7 32590.4 19248.4 4820.66 
38 1.48 0 0 0 0 0 0 0 0 0 0 0 0 0 0 0 0 0 0 0 0 0 0 0 0 
39 1.04 5122.3 312.78 0 0 0 0 0 0 0 0 0 0 0 460.84 5216.81 17749.7 33951.6 47478.6 56059.6 59464.5 56786.4 47309.2 34262.8 18433.3 
40 1.37 28057.6 9968.68 1656.48 233.15 0 0 0 0 0 0 0 0 0 0 603.57 10215.6 29207.9 49078.5 63494.3 77814.6 84357.6 79614.6 67088.7 46765.9 
41 0.86 0 0 0 0 0 0 0 0 0 0 0 0 0 0 0 0 0 0 0 0 0 0 0 0 
42 1.01 0 0 0 0 0 0 0 0 0 0 0 0 0 0 0 0 0 0 0 0 0 0 0 0 
43 1.24 7582.93 2453.33 534.51 10.3 0 0 0 0 0 0 0 0 0 0 3.23 307.63 1524.11 3566.2 7803.23 14708.1 22030.2 18675.5 15437.3 9499.12 
44 0.86 5105.89 163.88 0 0 0 0 0 0.01 0.01 0 0 0 1.32 1355.09 9757.51 25676.6 42302 55277.9 65485.6 66285.3 61019.5 49588.8 33847.3 17698.2 
45 1.13 0 0 0 0 0 0 0 0 0 0 0 0 0 0 0 0 0 0 0 0 0 0 0 0 
46 1.27 0 0 0 0 0 0 0 0 0 0 0 114.64 4430.74 22154.8 43718.6 63675.4 78355.1 84337.4 80424.7 69863.7 54672.9 34452.2 14008.2 1316.63 
47 1.19 0.01 0.01 0.01 0.01 0.01 0.01 0.01 0.01 0.01 0.01 0.01 359.74 3877.31 12782.3 25079.4 38481.2 47488.6 47143.6 41619 33836.9 23322.5 12001.7 3505.6 182.22 
48 0.86 218.62 0 0 0.01 0.01 0.01 0.01 0.01 0.01 0.01 0.01 247.97 3856.58 12629.4 29334.8 47912.8 65141.9 75331.4 78941.4 75689.3 64105.8 45760.1 24963 6352.92 
49 1.29 0 0 0 0 0 0 0 0 0 0 0 0 0 0 0 0 0 0 0 0 0 0 0 0 
50 1.18 87075.2 67941.8 43375.7 17439.5 1306.02 0.05 0.06 0.06 0.06 0.06 0.06 0.06 0.05 0.05 0.05 0.05 1292.72 16828.1 47382.7 76538.5 98502.2 110859 111922 100633 
51 1.23 0 0 0 0 0 0 0 0 0 0 0 0 0 0 0 0 0 0 0 0 0 0 0 0 
52 1.46 3949.67 5.04 0.01 0.01 0.01 0.01 0.01 0.01 0.01 0 0 0.01 74.75 4067.29 19848.5 42403.2 63017.5 80274.3 87712.2 87886 80294.1 65105.5 43689.1 21233.3 
53 1.48 0 0 0 0 0 0 0 0 0 0 0 0 0 0 0 0 0 0 0 0 0 0 0 0 
54 1.13 410.89 0.01 0.01 0.01 0.01 0.01 0.01 0.01 0.01 0.01 0.01 0.01 331.71 4400.79 16002.4 32066.6 46165.6 55129.6 58122.7 54473.8 45442.4 32771.3 18338 5607.82 
55 0.8 0 0 0 0 0 0 0 0 0 0 0 0 0 0 0 0 0 0 0 0 0 0 0 0 
56 1.3 0 0 0 0 0 0 0 0 0 0 0 0 0 0 0 0 0 0 0 0 0 0 0 0 
57 1.49 0 0 0 0 0 0 0 0 0 0 0 0 0 0 0 0 0 0 0 0 0 0 0 0 
58 1.35 6720.8 253 0 0 0 0 0 0.01 0.01 0 0 0 0 497.74 7825.04 25866.5 45921.2 63811.7 73191.4 79211.2 75070.1 62668.2 47547.7 23042.3 
59 1.25 1725.61 0.01 0.01 0.01 0.01 0.01 2.41621e+06 0.01 0.01 0 0 871.85 5641.35 16924.7 33907.4 51933.2 66150.8 73742.6 76106.8 68875.8 56995.6 41402.1 27080.8 12503 
60 1.34 0 0 0 0 0 0 0 0 0 0 11.38 1912.48 10372.8 24463.3 38417.2 50430.5 54407.3 55032.3 48911.6 38699.2 20367.8 5205.67 337.46 0 
549 2192
0 s 0 0.08 0.25
1 s 0 0.08 0.25
2 s 0 0.08 0.25
3 s 0 0.08 0.25
4 s 0 0.08 0.25
5 c 0 0.02415 0.0805 640 0.165
6 c 0 0.02415 0.0805 640 0.165
7 c 0 0.02415 0.0805 640 0.165
8 c 0 0.02415 0.0805 640 0.165
9 s 1 0.08 0.25
10 s 1 0.08 0.25
11 s 1 0.08 0.25
12 s 1 0.08 0.25
13 s 1 0.08 0.25
14 c 1 0.02415 0.0805 640 0.165
15 c 1 0.02415 0.0805 640 0.165
16 c 1 0.02415 0.0805 640 0.165
17 c 1 0.02415 0.0805 640 0.165
18 s 2 0.08 0.25
19 s 2 0.08 0.25
20 s 2 0.08 0.25
21 s 2 0.08 0.25
22 s 2 0.08 0.25
23 c 2 0.02415 0.0805 640 0.165
24 c 2 0.02415 0.0805 640 0.165
25 c 2 0.02415 0.0805 640 0.165
26 c 2 0.02415 0.0805 640 0.165
27 s 3 0.08 0.25
28 s 3 0.08 0.25
29 s 3 0.08 0.25
30 s 3 0.08 0.25
31 s 3 0.08 0.25
32 c 3 0.02415 0.0805 640 0.165
33 c 3 0.02415 0.0805 640 0.165
34 c 3 0.02415 0.0805 640 0.165
35 c 3 0.02415 0.0805 640 0.165
36 s 4 0.08 0.25
37 s 4 0.08 0.25
38 s 4 0.08 0.25
39 s 4 0.08 0.25
40 s 4 0.08 0.25
41 c 4 0.02415 0.0805 640 0.165
42 c 4 0.02415 0.0805 640 0.165
43 c 4 0.02415 0.0805 640 0.165
44 c 4 0.02415 0.0805 640 0.165
45 s 5 0.08 0.25
46 s 5 0.08 0.25
47 s 5 0.08 0.25
48 s 5 0.08 0.25
49 s 5 0.08 0.25
50 c 5 0.02415 0.0805 640 0.165
51 c 5 0.02415 0.0805 640 0.165
52 c 5 0.02415 0.0805 640 0.165
53 c 5 0.02415 0.0805 640 0.165
54 s 6 0.08 0.25
55 s 6 0.08 0.25
56 s 6 0.08 0.25
57 s 6 0.08 0.25
58 s 6 0.08 0.25
59 c 6 0.02415 0.0805 640 0.165
60 c 6 0.02415 0.0805 640 0.165
61 c 6 0.02415 0.0805 640 0.165
62 c 6 0.02415 0.0805 640 0.165
63 s 7 0.08 0.25
64 s 7 0.08 0.25
65 s 7 0.08 0.25
66 s 7 0.08 0.25
67 s 7 0.08 0.25
68 c 7 0.02415 0.0805 640 0.165
69 c 7 0.02415 0.0805 640 0.165
70 c 7 0.02415 0.0805 640 0.165
71 c 7 0.02415 0.0805 640 0.165
72 s 8 0.08 0.25
73 s 8 0.08 0.25
74 s 8 0.08 0.25
75 s 8 0.08 0.25
76 s 8 0.08 0.25
77 c 8 0.02415 0.0805 640 0.165
78 c 8 0.02415 0.0805 640 0.165
79 c 8 0.02415 0.0805 640 0.165
80 c 8 0.02415 0.0805 640 0.165
81 s 9 0.08 0.25
82 s 9 0.08 0.25
83 s 9 0.08 0.25
84 s 9 0.08 0.25
85 s 9 0.08 0.25
86 c 9 0.02415 0.0805 640 0.165
87 c 9 0.02415 0.0805 640 0.165
88 c 9 0.02415 0.0805 640 0.165
89 c 9 0.02415 0.0805 640 0.165
90 s 10 0.08 0.25
91 s 10 0.08 0.25
92 s 10 0.08 0.25
93 s 10 0.08 0.25
94 s 10 0.08 0.25
95 c 10 0.02415 0.0805 640 0.165
96 c 10 0.02415 0.0805 640 0.165
97 c 10 0.02415 0.0805 640 0.165
98 c 10 0.02415 0.0805 640 0.165
99 s 11 0.08 0.25
100 s 11 0.08 0.25
101 s 11 0.08 0.25
102 s 11 0.08 0.25
103 s 11 0.08 0.25
104 c 11 0.02415 0.0805 640 0.165
105 c 11 0.02415 0.0805 640 0.165
106 c 11 0.02415 0.0805 640 0.165
107 c 11 0.02415 0.0805 640 0.165
108 s 12 0.08 0.25
109 s 12 0.08 0.25
110 s 12 0.08 0.25
111 s 12 0.08 0.25
112 s 12 0.08 0.25
113 c 12 0.02415 0.0805 640 0.165
114 c 12 0.02415 0.0805 640 0.165
115 c 12 0.02415 0.0805 640 0.165
116 c 12 0.02415 0.0805 640 0.165
117 s 13 0.08 0.25
118 s 13 0.08 0.25
119 s 13 0.08 0.25
120 s 13 0.08 0.25
121 s 13 0.08 0.25
122 c 13 0.02415 0.0805 640 0.165
123 c 13 0.02415 0.0805 640 0.165
124 c 13 0.02415 0.0805 640 0.165
125 c 13 0.02415 0.0805 640 0.165
126 s 14 0.08 0.25
127 s 14 0.08 0.25
128 s 14 0.08 0.25
129 s 14 0.08 0.25
130 s 14 0.08 0.25
131 c 14 0.02415 0.0805 640 0.165
132 c 14 0.02415 0.0805 640 0.165
133 c 14 0.02415 0.0805 640 0.165
134 c 14 0.02415 0.0805 640 0.165
135 s 15 0.08 0.25
136 s 15 0.08 0.25
137 s 15 0.08 0.25
138 s 15 0.08 0.25
139 s 15 0.08 0.25
140 c 15 0.02415 0.0805 640 0.165
141 c 15 0.02415 0.0805 640 0.165
142 c 15 0.02415 0.0805 640 0.165
143 c 15 0.02415 0.0805 640 0.165
144 s 16 0.08 0.25
145 s 16 0.08 0.25
146 s 16 0.08 0.25
147 s 16 0.08 0.25
148 s 16 0.08 0.25
149 c 16 0.02415 0.0805 640 0.165
150 c 16 0.02415 0.0805 640 0.165
151 c 16 0.02415 0.0805 640 0.165
152 c 16 0.02415 0.0805 640 0.165
153 s 17 0.08 0.25
154 s 17 0.08 0.25
155 s 17 0.08 0.25
156 s 17 0.08 0.25
157 s 17 0.08 0.25
158 c 17 0.02415 0.0805 640 0.165
159 c 17 0.02415 0.0805 640 0.165
160 c 17 0.02415 0.0805 640 0.165
161 c 17 0.02415 0.0805 640 0.165
162 s 18 0.08 0.25
163 s 18 0.08 0.25
164 s 18 0.08 0.25
165 s 18 0.08 0.25
166 s 18 0.08 0.25
167 c 18 0.02415 0.0805 640 0.165
168 c 18 0.02415 0.0805 640 0.165
169 c 18 0.02415 0.0805 640 0.165
170 c 18 0.02415 0.0805 640 0.165
171 s 19 0.08 0.25
172 s 19 0.08 0.25
173 s 19 0.08 0.25
174 s 19 0.08 0.25
175 s 19 0.08 0.25
176 c 19 0.02415 0.0805 640 0.165
177 c 19 0.02415 0.0805 640 0.165
178 c 19 0.02415 0.0805 640 0.165
179 c 19 0.02415 0.0805 640 0.165
180 s 20 0.08 0.25
181 s 20 0.08 0.25
182 s 20 0.08 0.25
183 s 20 0.08 0.25
184 s 20 0.08 0.25
185 c 20 0.02415 0.0805 640 0.165
186 c 20 0.02415 0.0805 640 0.165
187 c 20 0.02415 0.0805 640 0.165
188 c 20 0.02415 0.0805 640 0.165
189 s 21 0.08 0.25
190 s 21 0.08 0.25
191 s 21 0.08 0.25
192 s 21 0.08 0.25
193 s 21 0.08 0.25
194 c 21 0.02415 0.0805 640 0.165
195 c 21 0.02415 0.0805 640 0.165
196 c 21 0.02415 0.0805 640 0.165
197 c 21 0.02415 0.0805 640 0.165
198 s 22 0.08 0.25
199 s 22 0.08 0.25
200 s 22 0.08 0.25
201 s 22 0.08 0.25
202 s 22 0.08 0.25
203 c 22 0.02415 0.0805 640 0.165
204 c 22 0.02415 0.0805 640 0.165
205 c 22 0.02415 0.0805 640 0.165
206 c 22 0.02415 0.0805 640 0.165
207 s 23 0.08 0.25
208 s 23 0.08 0.25
209 s 23 0.08 0.25
210 s 23 0.08 0.25
211 s 23 0.08 0.25
212 c 23 0.02415 0.0805 640 0.165
213 c 23 0.02415 0.0805 640 0.165
214 c 23 0.02415 0.0805 640 0.165
215 c 23 0.02415 0.0805 640 0.165
216 s 24 0.08 0.25
217 s 24 0.08 0.25
218 s 24 0.08 0.25
219 s 24 0.08 0.25
220 s 24 0.08 0.25
221 c 24 0.02415 0.0805 640 0.165
222 c 24 0.02415 0.0805 640 0.165
223 c 24 0.02415 0.0805 640 0.165
224 c 24 0.02415 0.0805 640 0.165
225 s 25 0.08 0.25
226 s 25 0.08 0.25
227 s 25 0.08 0.25
228 s 25 0.08 0.25
229 s 25 0.08 0.25
230 c 25 0.02415 0.0805 640 0.165
231 c 25 0.02415 0.0805 640 0.165
232 c 25 0.02415 0.0805 640 0.165
233 c 25 0.02415 0.0805 640 0.165
234 s 26 0.08 0.25
235 s 26 0.08 0.25
236 s 26 0.08 0.25
237 s 26 0.08 0.25
238 s 26 0.08 0.25
239 c 26 0.02415 0.0805 640 0.165
240 c 26 0.02415 0.0805 640 0.165
241 c 26 0.02415 0.0805 640 0.165
242 c 26 0.02415 0.0805 640 0.165
243 s 27 0.08 0.25
244 s 27 0.08 0.25
245 s 27 0.08 0.25
246 s 27 0.08 0.25
247 s 27 0.08 0.25
248 c 27 0.02415 0.0805 640 0.165
249 c 27 0.02415 0.0805 640 0.165
250 c 27 0.02415 0.0805 640 0.165
251 c 27 0.02415 0.0805 640 0.165
252 s 28 0.08 0.25
253 s 28 0.08 0.25
254 s 28 0.08 0.25
255 s 28 0.08 0.25
256 s 28 0.08 0.25
257 c 28 0.02415 0.0805 640 0.165
258 c 28 0.02415 0.0805 640 0.165
259 c 28 0.02415 0.0805 640 0.165
260 c 28 0.02415 0.0805 640 0.165
261 s 29 0.08 0.25
262 s 29 0.08 0.25
263 s 29 0.08 0.25
264 s 29 0.08 0.25
265 s 29 0.08 0.25
266 c 29 0.02415 0.0805 640 0.165
267 c 29 0.02415 0.0805 640 0.165
268 c 29 0.02415 0.0805 640 0.165
269 c 29 0.02415 0.0805 640 0.165
270 s 30 0.08 0.25
271 s 30 0.08 0.25
272 s 30 0.08 0.25
273 s 30 0.08 0.25
274 s 30 0.08 0.25
275 c 30 0.02415 0.0805 640 0.165
276 c 30 0.02415 0.0805 640 0.165
277 c 30 0.02415 0.0805 640 0.165
278 c 30 0.02415 0.0805 640 0.165
279 s 31 0.08 0.25
280 s 31 0.08 0.25
281 s 31 0.08 0.25
282 s 31 0.08 0.25
283 s 31 0.08 0.25
284 c 31 0.02415 0.0805 640 0.165
285 c 31 0.02415 0.0805 640 0.165
286 c 31 0.02415 0.0805 640 0.165
287 c 31 0.02415 0.0805 640 0.165
288 s 32 0.08 0.25
289 s 32 0.08 0.25
290 s 32 0.08 0.25
291 s 32 0.08 0.25
292 s 32 0.08 0.25
293 c 32 0.02415 0.0805 640 0.165
294 c 32 0.02415 0.0805 640 0.165
295 c 32 0.02415 0.0805 640 0.165
296 c 32 0.02415 0.0805 640 0.165
297 s 33 0.08 0.25
298 s 33 0.08 0.25
299 s 33 0.08 0.25
300 s 33 0.08 0.25
301 s 33 0.08 0.25
302 c 33 0.02415 0.0805 640 0.165
303 c 33 0.02415 0.0805 640 0.165
304 c 33 0.02415 0.0805 640 0.165
305 c 33 0.02415 0.0805 640 0.165
306 s 34 0.08 0.25
307 s 34 0.08 0.25
308 s 34 0.08 0.25
309 s 34 0.08 0.25
310 s 34 0.08 0.25
311 c 34 0.02415 0.0805 640 0.165
312 c 34 0.02415 0.0805 640 0.165
313 c 34 0.02415 0.0805 640 0.165
314 c 34 0.02415 0.0805 640 0.165
315 s 35 0.08 0.25
316 s 35 0.08 0.25
317 s 35 0.08 0.25
318 s 35 0.08 0.25
319 s 35 0.08 0.25
320 c 35 0.02415 0.0805 640 0.165
321 c 35 0.02415 0.0805 640 0.165
322 c 35 0.02415 0.0805 640 0.165
323 c 35 0.02415 0.0805 640 0.165
324 s 36 0.08 0.25
325 s 36 0.08 0.25
326 s 36 0.08 0.25
327 s 36 0.08 0.25
328 s 36 0.08 0.25
329 c 36 0.02415 0.0805 640 0.165
330 c 36 0.02415 0.0805 640 0.165
331 c 36 0.02415 0.0805 640 0.165
332 c 36 0.02415 0.0805 640 0.165
333 s 37 0.08 0.25
334 s 37 0.08 0.25
335 s 37 0.08 0.25
336 s 37 0.08 0.25
337 s 37 0.08 0.25
338 c 37 0.02415 0.0805 640 0.165
339 c 37 0.02415 0.0805 640 0.165
340 c 37 0.02415 0.0805 640 0.165
341 c 37 0.02415 0.0805 640 0.165
342 s 38 0.08 0.25
343 s 38 0.08 0.25
344 s 38 0.08 0.25
345 s 38 0.08 0.25
346 s 38 0.08 0.25
347 c 38 0.02415 0.0805 640 0.165
348 c 38 0.02415 0.0805 640 0.165
349 c 38 0.02415 0.0805 640 0.165
350 c 38 0.02415 0.0805 640 0.165
351 s 39 0.08 0.25
352 s 39 0.08 0.25
353 s 39 0.08 0.25
354 s 39 0.08 0.25
355 s 39 0.08 0.25
356 c 39 0.02415 0.0805 640 0.165
357 c 39 0.02415 0.0805 640 0.165
358 c 39 0.02415 0.0805 640 0.165
359 c 39 0.02415 0.0805 640 0.165
360 s 40 0.08 0.25
361 s 40 0.08 0.25
362 s 40 0.08 0.25
363 s 40 0.08 0.25
364 s 40 0.08 0.25
365 c 40 0.02415 0.0805 640 0.165
366 c 40 0.02415 0.0805 640 0.165
367 c 40 0.02415 0.0805 640 0.165
368 c 40 0.02415 0.0805 640 0.165
369 s 41 0.08 0.25
370 s 41 0.08 0.25
371 s 41 0.08 0.25
372 s 41 0.08 0.25
373 s 41 0.08 0.25
374 c 41 0.02415 0.0805 640 0.165
375 c 41 0.02415 0.0805 640 0.165
376 c 41 0.02415 0.0805 640 0.165
377 c 41 0.02415 0.0805 640 0.165
378 s 42 0.08 0.25
379 s 42 0.08 0.25
380 s 42 0.08 0.25
381 s 42 0.08 0.25
382 s 42 0.08 0.25
383 c 42 0.02415 0.0805 640 0.165
384 c 42 0.02415 0.0805 640 0.165
385 c 42 0.02415 0.0805 640 0.165
386 c 42 0.02415 0.0805 640 0.165
387 s 43 0.08 0.25
388 s 43 0.08 0.25
389 s 43 0.08 0.25
390 s 43 0.08 0.25
391 s 43 0.08 0.25
392 c 43 0.02415 0.0805 640 0.165
393 c 43 0.02415 0.0805 640 0.165
394 c 43 0.02415 0.0805 640 0.165
395 c 43 0.02415 0.0805 640 0.165
396 s 44 0.08 0.25
397 s 44 0.08 0.25
398 s 44 0.08 0.25
399 s 44 0.08 0.25
400 s 44 0.08 0.25
401 c 44 0.02415 0.0805 640 0.165
402 c 44 0.02415 0.0805 640 0.165
403 c 44 0.02415 0.0805 640 0.165
404 c 44 0.02415 0.0805 640 0.165
405 s 45 0.08 0.25
406 s 45 0.08 0.25
407 s 45 0.08 0.25
408 s 45 0.08 0.25
409 s 45 0.08 0.25
410 c 45 0.02415 0.0805 640 0.165
411 c 45 0.02415 0.0805 640 0.165
412 c 45 0.02415 0.0805 640 0.165
413 c 45 0.02415 0.0805 640 0.165
414 s 46 0.08 0.25
415 s 46 0.08 0.25
416 s 46 0.08 0.25
417 s 46 0.08 0.25
418 s 46 0.08 0.25
419 c 46 0.02415 0.0805 640 0.165
420 c 46 0.02415 0.0805 640 0.165
421 c 46 0.02415 0.0805 640 0.165
422 c 46 0.02415 0.0805 640 0.165
423 s 47 0.08 0.25
424 s 47 0.08 0.25
425 s 47 0.08 0.25
426 s 47 0.08 0.25
427 s 47 0.08 0.25
428 c 47 0.02415 0.0805 640 0.165
429 c 47 0.02415 0.0805 640 0.165
430 c 47 0.02415 0.0805 640 0.165
431 c 47 0.02415 0.0805 640 0.165
432 s 48 0.08 0.25
433 s 48 0.08 0.25
434 s 48 0.08 0.25
435 s 48 0.08 0.25
436 s 48 0.08 0.25
437 c 48 0.02415 0.0805 640 0.165
438 c 48 0.02415 0.0805 640 0.165
439 c 48 0.02415 0.0805 640 0.165
440 c 48 0.02415 0.0805 640 0.165
441 s 49 0.08 0.25
442 s 49 0.08 0.25
443 s 49 0.08 0.25
444 s 49 0.08 0.25
445 s 49 0.08 0.25
446 c 49 0.02415 0.0805 640 0.165
447 c 49 0.02415 0.0805 640 0.165
448 c 49 0.02415 0.0805 640 0.165
449 c 49 0.02415 0.0805 640 0.165
450 s 50 0.08 0.25
451 s 50 0.08 0.25
452 s 50 0.08 0.25
453 s 50 0.08 0.25
454 s 50 0.08 0.25
455 c 50 0.02415 0.0805 640 0.165
456 c 50 0.02415 0.0805 640 0.165
457 c 50 0.02415 0.0805 640 0.165
458 c 50 0.02415 0.0805 640 0.165
459 s 51 0.08 0.25
460 s 51 0.08 0.25
461 s 51 0.08 0.25
462 s 51 0.08 0.25
463 s 51 0.08 0.25
464 c 51 0.02415 0.0805 640 0.165
465 c 51 0.02415 0.0805 640 0.165
466 c 51 0.02415 0.0805 640 0.165
467 c 51 0.02415 0.0805 640 0.165
468 s 52 0.08 0.25
469 s 52 0.08 0.25
470 s 52 0.08 0.25
471 s 52 0.08 0.25
472 s 52 0.08 0.25
473 c 52 0.02415 0.0805 640 0.165
474 c 52 0.02415 0.0805 640 0.165
475 c 52 0.02415 0.0805 640 0.165
476 c 52 0.02415 0.0805 640 0.165
477 s 53 0.08 0.25
478 s 53 0.08 0.25
479 s 53 0.08 0.25
480 s 53 0.08 0.25
481 s 53 0.08 0.25
482 c 53 0.02415 0.0805 640 0.165
483 c 53 0.02415 0.0805 640 0.165
484 c 53 0.02415 0.0805 640 0.165
485 c 53 0.02415 0.0805 640 0.165
486 s 54 0.08 0.25
487 s 54 0.08 0.25
488 s 54 0.08 0.25
489 s 54 0.08 0.25
490 s 54 0.08 0.25
491 c 54 0.02415 0.0805 640 0.165
492 c 54 0.02415 0.0805 640 0.165
493 c 54 0.02415 0.0805 640 0.165
494 c 54 0.02415 0.0805 640 0.165
495 s 55 0.08 0.25
496 s 55 0.08 0.25
497 s 55 0.08 0.25
498 s 55 0.08 0.25
499 s 55 0.08 0.25
500 c 55 0.02415 0.0805 640 0.165
501 c 55 0.02415 0.0805 640 0.165
502 c 55 0.02415 0.0805 640 0.165
503 c 55 0.02415 0.0805 640 0.165
504 s 56 0.08 0.25
505 s 56 0.08 0.25
506 s 56 0.08 0.25
507 s 56 0.08 0.25
508 s 56 0.08 0.25
509 c 56 0.02415 0.0805 640 0.165
510 c 56 0.02415 0.0805 640 0.165
511 c 56 0.02415 0.0805 640 0.165
512 c 56 0.02415 0.0805 640 0.165
513 s 57 0.08 0.25
514 s 57 0.08 0.25
515 s 57 0.08 0.25
516 s 57 0.08 0.25
517 s 57 0.08 0.25
518 c 57 0.02415 0.0805 640 0.165
519 c 57 0.02415 0.0805 640 0.165
520 c 57 0.02415 0.0805 640 0.165
521 c 57 0.02415 0.0805 640 0.165
522 s 58 0.08 0.25
523 s 58 0.08 0.25
524 s 58 0.08 0.25
525 s 58 0.08 0.25
526 s 58 0.08 0.25
527 c 58 0.02415 0.0805 640 0.165
528 c 58 0.02415 0.0805 640 0.165
529 c 58 0.02415 0.0805 640 0.165
530 c 58 0.02415 0.0805 640 0.165
531 s 59 0.08 0.25
532 s 59 0.08 0.25
533 s 59 0.08 0.25
534 s 59 0.08 0.25
535 s 59 0.08 0.25
536 c 59 0.02415 0.0805 640 0.165
537 c 59 0.02415 0.0805 640 0.165
538 c 59 0.02415 0.0805 640 0.165
539 c 59 0.02415 0.0805 640 0.165
540 s 60 0.08 0.25
541 s 60 0.08 0.25
542 s 60 0.08 0.25
543 s 60 0.08 0.25
544 s 60 0.08 0.25
545 c 60 0.02415 0.0805 640 0.165
546 c 60 0.02415 0.0805 640 0.165
547 c 60 0.02415 0.0805 640 0.165
548 c 60 0.02415 0.0805 640 0.165
0 0 198 b -1 100000 31
1 198 0 b -1 100000 31
2 0 189 b -1 100000 47
3 189 0 b -1 100000 47
4 0 180 b -1 100000 39
5 180 0 b -1 100000 39
6 0 171 b -1 100000 45
7 171 0 b -1 100000 45
8 0 162 b -1 100000 44
9 162 0 b -1 100000 44
10 0 153 b -1 100000 44
11 153 0 b -1 100000 44
12 0 144 b -1 100000 2
13 144 0 b -1 100000 2
14 0 135 b -1 100000 44
15 135 0 b -1 100000 44
16 0 126 b -1 100000 30
17 126 0 b -1 100000 30
18 0 117 b -1 100000 4
19 117 0 b -1 100000 4
20 0 108 b -1 100000 45
21 108 0 b -1 100000 45
22 0 99 b -1 100000 2
23 99 0 b -1 100000 2
24 0 9 b -1 100000 3
25 9 0 b -1 100000 3
26 0 18 b -1 100000 2
27 18 0 b -1 100000 2
28 0 27 b -1 100000 28
29 27 0 b -1 100000 28
30 0 36 b -1 100000 33
31 36 0 b -1 100000 33
32 0 45 b -1 100000 32
33 45 0 b -1 100000 32
34 0 54 b -1 100000 3
35 54 0 b -1 100000 3
36 0 63 b -1 100000 2
37 63 0 b -1 100000 2
38 0 72 b -1 100000 2
39 72 0 b -1 100000 2
40 0 81 b -1 100000 46
41 81 0 b -1 100000 46
42 0 90 b -1 100000 3
43 90 0 b -1 100000 3
44 9 198 b -1 100000 29
45 198 9 b -1 100000 29
46 9 27 b -1 100000 26
47 27 9 b -1 100000 26
48 9 126 b -1 100000 27
49 126 9 b -1 100000 27
50 9 36 b -1 100000 31
51 36 9 b -1 100000 31
52 9 135 b -1 100000 42
53 135 9 b -1 100000 42
54 9 54 b -1 100000 5
55 54 9 b -1 100000 5
56 9 99 b -1 100000 1
57 99 9 b -1 100000 1
58 9 108 b -1 100000 43
59 108 9 b -1 100000 43
60 9 117 b -1 100000 6
61 117 9 b -1 100000 6
62 9 162 b -1 100000 42
63 162 9 b -1 100000 42
64 9 180 b -1 100000 38
65 180 9 b -1 100000 38
66 18 198 b -1 100000 29
67 198 18 b -1 100000 29
68 18 180 b -1 100000 38
69 180 18 b -1 100000 38
70 18 108 b -1 100000 44
71 108 18 b -1 100000 44
72 18 27 b -1 100000 26
73 27 18 b -1 100000 26
74 18 126 b -1 100000 28
75 126 18 b -1 100000 28
76 18 36 b -1 100000 32
77 36 18 b -1 100000 32
78 18 135 b -1 100000 43
79 135 18 b -1 100000 43
80 18 54 b -1 100000 5
81 54 18 b -1 100000 5
82 18 306 b -1 100000 0
83 306 18 b -1 100000 0
84 18 99 b -1 100000 0
85 99 18 b -1 100000 0
86 18 117 b -1 100000 5
87 117 18 b -1 100000 5
88 18 162 b -1 100000 43
89 162 18 b -1 100000 43
90 27 198 b -1 100000 3
91 198 27 b -1 100000 3
92 27 189 b -1 100000 54
93 189 27 b -1 100000 54
94 27 423 b -1 100000 62
95 423 27 b -1 100000 62
96 27 414 b -1 100000 22
97 414 27 b -1 100000 22
98 27 405 b -1 100000 55
99 405 27 b -1 100000 55
100 27 180 b -1 100000 20
101 180 27 b -1 100000 20
102 27 396 b -1 100000 39
103 396 27 b -1 100000 39
104 27 171 b -1 100000 21
105 171 27 b -1 100000 21
106 27 162 b -1 100000 22
107 162 27 b -1 100000 22
108 27 387 b -1 100000 21
109 387 27 b -1 100000 21
110 27 378 b -1 100000 21
111 378 27 b -1 100000 21
112 27 369 b -1 100000 3
113 369 27 b -1 100000 3
114 27 153 b -1 100000 18
115 153 27 b -1 100000 18
116 27 261 b -1 100000 2
117 261 27 b -1 100000 2
118 27 144 b -1 100000 28
119 144 27 b -1 100000 28
120 27 135 b -1 100000 22
121 135 27 b -1 100000 22
122 27 72 b -1 100000 29
123 72 27 b -1 100000 29
124 27 63 b -1 100000 29
125 63 27 b -1 100000 29
126 27 54 b -1 100000 29
127 54 27 b -1 100000 29
128 27 45 b -1 100000 4
129 45 27 b -1 100000 4
130 27 252 b -1 100000 10
131 252 27 b -1 100000 10
132 27 234 b -1 100000 12
133 234 27 b -1 100000 12
134 27 36 b -1 100000 7
135 36 27 b -1 100000 7
136 27 243 b -1 100000 13
137 243 27 b -1 100000 13
138 27 324 b -1 100000 14
139 324 27 b -1 100000 14
140 27 117 b -1 100000 31
141 117 27 b -1 100000 31
142 27 225 b -1 100000 8
143 225 27 b -1 100000 8
144 27 315 b -1 100000 43
145 315 27 b -1 100000 43
146 27 108 b -1 100000 21
147 108 27 b -1 100000 21
148 27 216 b -1 100000 3
149 216 27 b -1 100000 3
150 27 81 b -1 100000 64
151 81 27 b -1 100000 64
152 27 333 b -1 100000 10
153 333 27 b -1 100000 10
154 27 126 b -1 100000 2
155 126 27 b -1 100000 2
156 27 90 b -1 100000 25
157 90 27 b -1 100000 25
158 27 99 b -1 100000 26
159 99 27 b -1 100000 26
160 27 342 b -1 100000 9
161 342 27 b -1 100000 9
162 27 351 b -1 100000 55
163 351 27 b -1 100000 55
164 27 360 b -1 100000 55
165 360 27 b -1 100000 55
166 36 198 b -1 100000 5
167 198 36 b -1 100000 5
168 36 189 b -1 100000 51
169 189 36 b -1 100000 51
170 36 423 b -1 100000 60
171 423 36 b -1 100000 60
172 36 414 b -1 100000 15
173 414 36 b -1 100000 15
174 36 405 b -1 100000 53
175 405 36 b -1 100000 53
176 36 180 b -1 100000 14
177 180 36 b -1 100000 14
178 36 396 b -1 100000 42
179 396 36 b -1 100000 42
180 36 171 b -1 100000 14
181 171 36 b -1 100000 14
182 36 162 b -1 100000 15
183 162 36 b -1 100000 15
184 36 387 b -1 100000 14
185 387 36 b -1 100000 14
186 36 378 b -1 100000 14
187 378 36 b -1 100000 14
188 36 369 b -1 100000 4
189 369 36 b -1 100000 4
190 36 153 b -1 100000 12
191 153 36 b -1 100000 12
192 36 261 b -1 100000 5
193 261 36 b -1 100000 5
194 36 144 b -1 100000 33
195 144 36 b -1 100000 33
196 36 135 b -1 100000 15
197 135 36 b -1 100000 15
198 36 72 b -1 100000 34
199 72 36 b -1 100000 34
200 36 63 b -1 100000 35
201 63 36 b -1 100000 35
202 36 54 b -1 100000 34
203 54 36 b -1 100000 34
204 36 441 b -1 100000 2
205 441 36 b -1 100000 2
206 36 234 b -1 100000 6
207 234 36 b -1 100000 6
208 36 45 b -1 100000 2
209 45 36 b -1 100000 2
210 36 252 b -1 100000 10
211 252 36 b -1 100000 10
212 36 432 b -1 100000 5
213 432 36 b -1 100000 5
214 36 225 b -1 100000 5
215 225 36 b -1 100000 5
216 36 315 b -1 100000 45
217 315 36 b -1 100000 45
218 36 108 b -1 100000 14
219 108 36 b -1 100000 14
220 36 324 b -1 100000 7
221 324 36 b -1 100000 7
222 36 117 b -1 100000 36
223 117 36 b -1 100000 36
224 36 81 b -1 100000 63
225 81 36 b -1 100000 63
226 36 243 b -1 100000 8
227 243 36 b -1 100000 8
228 36 333 b -1 100000 3
229 333 36 b -1 100000 3
230 36 126 b -1 100000 6
231 126 36 b -1 100000 6
232 36 90 b -1 100000 31
233 90 36 b -1 100000 31
234 36 99 b -1 100000 32
235 99 36 b -1 100000 32
236 36 342 b -1 100000 3
237 342 36 b -1 100000 3
238 36 351 b -1 100000 52
239 351 36 b -1 100000 52
240 36 360 b -1 100000 52
241 360 36 b -1 100000 52
242 45 198 b -1 100000 2
243 198 45 b -1 100000 2
244 45 180 b -1 100000 16
245 180 45 b -1 100000 16
246 45 171 b -1 100000 16
247 171 45 b -1 100000 16
248 45 162 b -1 100000 17
249 162 45 b -1 100000 17
250 45 54 b -1 100000 33
251 54 45 b -1 100000 33
252 45 450 b -1 100000 2
253 450 45 b -1 100000 2
254 45 135 b -1 100000 17
255 135 45 b -1 100000 17
256 45 234 b -1 100000 8
257 234 45 b -1 100000 8
258 45 441 b -1 100000 1
259 441 45 b -1 100000 1
260 45 63 b -1 100000 33
261 63 45 b -1 100000 33
262 45 99 b -1 100000 30
263 99 45 b -1 100000 30
264 45 108 b -1 100000 16
265 108 45 b -1 100000 16
266 45 117 b -1 100000 35
267 117 45 b -1 100000 35
268 45 126 b -1 100000 3
269 126 45 b -1 100000 3
270 54 198 b -1 100000 32
271 198 54 b -1 100000 32
272 54 189 b -1 100000 44
273 189 54 b -1 100000 44
274 54 423 b -1 100000 44
275 423 54 b -1 100000 44
276 54 405 b -1 100000 40
277 405 54 b -1 100000 40
278 54 180 b -1 100000 39
279 180 54 b -1 100000 39
280 54 396 b -1 100000 52
281 396 54 b -1 100000 52
282 54 171 b -1 100000 45
283 171 54 b -1 100000 45
284 54 162 b -1 100000 44
285 162 54 b -1 100000 44
286 54 387 b -1 100000 45
287 387 54 b -1 100000 45
288 54 378 b -1 100000 43
289 378 54 b -1 100000 43
290 54 99 b -1 100000 5
291 99 54 b -1 100000 5
292 54 243 b -1 100000 42
293 243 54 b -1 100000 42
294 54 81 b -1 100000 43
295 81 54 b -1 100000 43
296 54 72 b -1 100000 1
297 72 54 b -1 100000 1
298 54 63 b -1 100000 3
299 63 54 b -1 100000 3
300 54 333 b -1 100000 37
301 333 54 b -1 100000 37
302 54 126 b -1 100000 31
303 126 54 b -1 100000 31
304 54 234 b -1 100000 41
305 234 54 b -1 100000 41
306 54 315 b -1 100000 60
307 315 54 b -1 100000 60
308 54 108 b -1 100000 45
309 108 54 b -1 100000 45
310 54 324 b -1 100000 39
311 324 54 b -1 100000 39
312 54 117 b -1 100000 6
313 117 54 b -1 100000 6
314 54 225 b -1 100000 37
315 225 54 b -1 100000 37
316 54 252 b -1 100000 39
317 252 54 b -1 100000 39
318 54 459 b -1 100000 2
319 459 54 b -1 100000 2
320 54 342 b -1 100000 34
321 342 54 b -1 100000 34
322 54 135 b -1 100000 44
323 135 54 b -1 100000 44
324 54 360 b -1 100000 43
325 360 54 b -1 100000 43
326 54 153 b -1 100000 44
327 153 54 b -1 100000 44
328 54 144 b -1 100000 5
329 144 54 b -1 100000 5
330 54 261 b -1 100000 31
331 261 54 b -1 100000 31
332 54 369 b -1 100000 31
333 369 54 b -1 100000 31
334 63 468 b -1 100000 1
335 468 63 b -1 100000 1
336 63 198 b -1 100000 33
337 198 63 b -1 100000 33
338 63 189 b -1 100000 47
339 189 63 b -1 100000 47
340 63 423 b -1 100000 47
341 423 63 b -1 100000 47
342 63 405 b -1 100000 43
343 405 63 b -1 100000 43
344 63 108 b -1 100000 47
345 108 63 b -1 100000 47
346 63 315 b -1 100000 57
347 315 63 b -1 100000 57
348 63 99 b -1 100000 3
349 99 63 b -1 100000 3
350 63 243 b -1 100000 42
351 243 63 b -1 100000 42
352 63 81 b -1 100000 46
353 81 63 b -1 100000 46
354 63 72 b -1 100000 2
355 72 63 b -1 100000 2
356 63 333 b -1 100000 38
357 333 63 b -1 100000 38
358 63 126 b -1 100000 31
359 126 63 b -1 100000 31
360 63 234 b -1 100000 41
361 234 63 b -1 100000 41
362 63 324 b -1 100000 41
363 324 63 b -1 100000 41
364 63 117 b -1 100000 3
365 117 63 b -1 100000 3
366 63 225 b -1 100000 37
367 225 63 b -1 100000 37
368 63 252 b -1 100000 39
369 252 63 b -1 100000 39
370 63 342 b -1 100000 35
371 342 63 b -1 100000 35
372 63 135 b -1 100000 46
373 135 63 b -1 100000 46
374 63 360 b -1 100000 46
375 360 63 b -1 100000 46
376 63 144 b -1 100000 2
377 144 63 b -1 100000 2
378 63 261 b -1 100000 32
379 261 63 b -1 100000 32
380 63 162 b -1 100000 46
381 162 63 b -1 100000 46
382 63 171 b -1 100000 47
383 171 63 b -1 100000 47
384 63 396 b -1 100000 49
385 396 63 b -1 100000 49
386 63 180 b -1 100000 41
387 180 63 b -1 100000 41
388 72 180 b -1 100000 39
389 180 72 b -1 100000 39
390 72 171 b -1 100000 45
391 171 72 b -1 100000 45
392 72 135 b -1 100000 44
393 135 72 b -1 100000 44
394 72 162 b -1 100000 44
395 162 72 b -1 100000 44
396 72 459 b -1 100000 4
397 459 72 b -1 100000 4
398 72 126 b -1 100000 31
399 126 72 b -1 100000 31
400 72 117 b -1 100000 5
401 117 72 b -1 100000 5
402 72 108 b -1 100000 45
403 108 72 b -1 100000 45
404 72 198 b -1 100000 32
405 198 72 b -1 100000 32
406 72 99 b -1 100000 4
407 99 72 b -1 100000 4
408 81 198 b -1 100000 66
409 198 81 b -1 100000 66
410 81 189 b -1 100000 14
411 189 81 b -1 100000 14
412 81 234 b -1 100000 65
413 234 81 b -1 100000 65
414 81 135 b -1 100000 56
415 135 81 b -1 100000 56
416 81 99 b -1 100000 48
417 99 81 b -1 100000 48
418 81 108 b -1 100000 58
419 108 81 b -1 100000 58
420 81 117 b -1 100000 47
421 117 81 b -1 100000 47
422 81 126 b -1 100000 65
423 126 81 b -1 100000 65
424 81 162 b -1 100000 55
425 162 81 b -1 100000 55
426 81 171 b -1 100000 58
427 171 81 b -1 100000 58
428 81 180 b -1 100000 52
429 180 81 b -1 100000 52
430 81 477 b -1 100000 13
431 477 81 b -1 100000 13
432 90 180 b -1 100000 37
433 180 90 b -1 100000 37
434 90 162 b -1 100000 42
435 162 90 b -1 100000 42
436 90 135 b -1 100000 42
437 135 90 b -1 100000 42
438 90 126 b -1 100000 27
439 126 90 b -1 100000 27
440 90 117 b -1 100000 6
441 117 90 b -1 100000 6
442 90 108 b -1 100000 43
443 108 90 b -1 100000 43
444 90 198 b -1 100000 29
445 198 90 b -1 100000 29
446 90 99 b -1 100000 1
447 99 90 b -1 100000 1
448 99 198 b -1 100000 29
449 198 99 b -1 100000 29
450 99 189 b -1 100000 48
451 189 99 b -1 100000 48
452 99 423 b -1 100000 49
453 423 99 b -1 100000 49
454 99 414 b -1 100000 43
455 414 99 b -1 100000 43
456 99 405 b -1 100000 44
457 405 99 b -1 100000 44
458 99 180 b -1 100000 38
459 180 99 b -1 100000 38
460 99 396 b -1 100000 47
461 396 99 b -1 100000 47
462 99 252 b -1 100000 36
463 252 99 b -1 100000 36
464 99 108 b -1 100000 44
465 108 99 b -1 100000 44
466 99 315 b -1 100000 56
467 315 99 b -1 100000 56
468 99 342 b -1 100000 32
469 342 99 b -1 100000 32
470 99 135 b -1 100000 43
471 135 99 b -1 100000 43
472 99 243 b -1 100000 39
473 243 99 b -1 100000 39
474 99 333 b -1 100000 35
475 333 99 b -1 100000 35
476 99 126 b -1 100000 28
477 126 99 b -1 100000 28
478 99 234 b -1 100000 38
479 234 99 b -1 100000 38
480 99 117 b -1 100000 5
481 117 99 b -1 100000 5
482 99 324 b -1 100000 38
483 324 99 b -1 100000 38
484 99 225 b -1 100000 34
485 225 99 b -1 100000 34
486 99 351 b -1 100000 47
487 351 99 b -1 100000 47
488 99 144 b -1 100000 2
489 144 99 b -1 100000 2
490 99 360 b -1 100000 47
491 360 99 b -1 100000 47
492 99 153 b -1 100000 42
493 153 99 b -1 100000 42
494 99 261 b -1 100000 28
495 261 99 b -1 100000 28
496 99 369 b -1 100000 28
497 369 99 b -1 100000 28
498 99 162 b -1 100000 43
499 162 99 b -1 100000 43
500 99 378 b -1 100000 42
501 378 99 b -1 100000 42
502 99 171 b -1 100000 44
503 171 99 b -1 100000 44
504 99 387 b -1 100000 44
505 387 99 b -1 100000 44
506 108 198 b -1 100000 19
507 198 108 b -1 100000 19
508 108 189 b -1 100000 44
509 189 108 b -1 100000 44
510 108 423 b -1 100000 54
511 423 108 b -1 100000 54
512 108 414 b -1 100000 2
513 414 108 b -1 100000 2
514 108 405 b -1 100000 48
515 405 108 b -1 100000 48
516 108 180 b -1 100000 8
517 180 108 b -1 100000 8
518 108 351 b -1 100000 45
519 351 108 b -1 100000 45
520 108 144 b -1 100000 45
521 144 108 b -1 100000 45
522 108 252 b -1 100000 19
523 252 108 b -1 100000 19
524 108 342 b -1 100000 12
525 342 108 b -1 100000 12
526 108 135 b -1 100000 3
527 135 108 b -1 100000 3
528 108 243 b -1 100000 11
529 243 108 b -1 100000 11
530 108 333 b -1 100000 11
531 333 108 b -1 100000 11
532 108 126 b -1 100000 20
533 126 108 b -1 100000 20
534 108 234 b -1 100000 10
535 234 108 b -1 100000 10
536 108 117 b -1 100000 49
537 117 108 b -1 100000 49
538 108 324 b -1 100000 7
539 324 108 b -1 100000 7
540 108 315 b -1 100000 49
541 315 108 b -1 100000 49
542 108 225 b -1 100000 16
543 225 108 b -1 100000 16
544 108 360 b -1 100000 46
545 360 108 b -1 100000 46
546 108 153 b -1 100000 3
547 153 108 b -1 100000 3
548 108 261 b -1 100000 19
549 261 108 b -1 100000 19
550 108 369 b -1 100000 18
551 369 108 b -1 100000 18
552 108 162 b -1 100000 3
553 162 108 b -1 100000 3
554 108 378 b -1 100000 3
555 378 108 b -1 100000 3
556 108 171 b -1 100000 0
557 171 108 b -1 100000 0
558 108 387 b -1 100000 1
559 387 108 b -1 100000 1
560 108 396 b -1 100000 50
561 396 108 b -1 100000 50
562 117 468 b -1 100000 1
563 468 117 b -1 100000 1
564 117 198 b -1 100000 34
565 198 117 b -1 100000 34
566 117 189 b -1 100000 49
567 189 117 b -1 100000 49
568 117 423 b -1 100000 48
569 423 117 b -1 100000 48
570 117 414 b -1 100000 48
571 414 117 b -1 100000 48
572 117 405 b -1 100000 44
573 405 117 b -1 100000 44
574 117 180 b -1 100000 43
575 180 117 b -1 100000 43
576 117 396 b -1 100000 48
577 396 117 b -1 100000 48
578 117 171 b -1 100000 49
579 171 117 b -1 100000 49
580 117 540 b -1 100000 48
581 540 117 b -1 100000 48
582 117 252 b -1 100000 40
583 252 117 b -1 100000 40
584 117 459 b -1 100000 8
585 459 117 b -1 100000 8
586 117 342 b -1 100000 37
587 342 117 b -1 100000 37
588 117 135 b -1 100000 48
589 135 117 b -1 100000 48
590 117 243 b -1 100000 44
591 243 117 b -1 100000 44
592 117 441 b -1 100000 35
593 441 117 b -1 100000 35
594 117 234 b -1 100000 43
595 234 117 b -1 100000 43
596 117 333 b -1 100000 40
597 333 117 b -1 100000 40
598 117 126 b -1 100000 32
599 126 117 b -1 100000 32
600 117 315 b -1 100000 56
601 315 117 b -1 100000 56
602 117 522 b -1 100000 49
603 522 117 b -1 100000 49
604 117 324 b -1 100000 42
605 324 117 b -1 100000 42
606 117 225 b -1 100000 38
607 225 117 b -1 100000 38
608 117 351 b -1 100000 48
609 351 117 b -1 100000 48
610 117 144 b -1 100000 3
611 144 117 b -1 100000 3
612 117 360 b -1 100000 48
613 360 117 b -1 100000 48
614 117 153 b -1 100000 47
615 153 117 b -1 100000 47
616 117 261 b -1 100000 33
617 261 117 b -1 100000 33
618 117 369 b -1 100000 33
619 369 117 b -1 100000 33
620 117 162 b -1 100000 48
621 162 117 b -1 100000 48
622 117 378 b -1 100000 47
623 378 117 b -1 100000 47
624 117 387 b -1 100000 49
625 387 117 b -1 100000 49
626 126 198 b -1 100000 2
627 198 126 b -1 100000 2
628 126 189 b -1 100000 55
629 189 126 b -1 100000 55
630 126 423 b -1 100000 63
631 423 126 b -1 100000 63
632 126 414 b -1 100000 21
633 414 126 b -1 100000 21
634 126 360 b -1 100000 55
635 360 126 b -1 100000 55
636 126 153 b -1 100000 17
637 153 126 b -1 100000 17
638 126 351 b -1 100000 55
639 351 126 b -1 100000 55
640 126 144 b -1 100000 29
641 144 126 b -1 100000 29
642 126 252 b -1 100000 9
643 252 126 b -1 100000 9
644 126 342 b -1 100000 8
645 342 126 b -1 100000 8
646 126 135 b -1 100000 21
647 135 126 b -1 100000 21
648 126 243 b -1 100000 11
649 243 126 b -1 100000 11
650 126 333 b -1 100000 9
651 333 126 b -1 100000 9
652 126 234 b -1 100000 11
653 234 126 b -1 100000 11
654 126 315 b -1 100000 43
655 315 126 b -1 100000 43
656 126 324 b -1 100000 13
657 324 126 b -1 100000 13
658 126 225 b -1 100000 6
659 225 126 b -1 100000 6
660 126 261 b -1 100000 1
661 261 126 b -1 100000 1
662 126 369 b -1 100000 2
663 369 126 b -1 100000 2
664 126 162 b -1 100000 21
665 162 126 b -1 100000 21
666 126 378 b -1 100000 20
667 378 126 b -1 100000 20
668 126 171 b -1 100000 20
669 171 126 b -1 100000 20
670 126 387 b -1 100000 19
671 387 126 b -1 100000 19
672 126 180 b -1 100000 19
673 180 126 b -1 100000 19
674 126 396 b -1 100000 38
675 396 126 b -1 100000 38
676 126 405 b -1 100000 55
677 405 126 b -1 100000 55
678 135 198 b -1 100000 20
679 198 135 b -1 100000 20
680 135 189 b -1 100000 42
681 189 135 b -1 100000 42
682 135 423 b -1 100000 52
683 423 135 b -1 100000 52
684 135 360 b -1 100000 43
685 360 135 b -1 100000 43
686 135 153 b -1 100000 5
687 153 135 b -1 100000 5
688 135 351 b -1 100000 43
689 351 135 b -1 100000 43
690 135 144 b -1 100000 45
691 144 135 b -1 100000 45
692 135 252 b -1 100000 21
693 252 135 b -1 100000 21
694 135 342 b -1 100000 13
695 342 135 b -1 100000 13
696 135 243 b -1 100000 13
697 243 135 b -1 100000 13
698 135 333 b -1 100000 12
699 333 135 b -1 100000 12
700 135 234 b -1 100000 12
701 234 135 b -1 100000 12
702 135 315 b -1 100000 52
703 315 135 b -1 100000 52
704 135 324 b -1 100000 8
705 324 135 b -1 100000 8
706 135 225 b -1 100000 17
707 225 135 b -1 100000 17
708 135 261 b -1 100000 20
709 261 135 b -1 100000 20
710 135 369 b -1 100000 19
711 369 135 b -1 100000 19
712 135 162 b -1 100000 0
713 162 135 b -1 100000 0
714 135 378 b -1 100000 1
715 378 135 b -1 100000 1
716 135 171 b -1 100000 3
717 171 135 b -1 100000 3
718 135 387 b -1 100000 3
719 387 135 b -1 100000 3
720 135 180 b -1 100000 6
721 180 135 b -1 100000 6
722 135 396 b -1 100000 52
723 396 135 b -1 100000 52
724 135 405 b -1 100000 45
725 405 135 b -1 100000 45
726 135 414 b -1 100000 0
727 414 135 b -1 100000 0
728 144 198 b -1 100000 31
729 198 144 b -1 100000 31
730 144 180 b -1 100000 40
731 180 144 b -1 100000 40
732 144 468 b -1 100000 2
733 468 144 b -1 100000 2
734 144 171 b -1 100000 45
735 171 144 b -1 100000 45
736 144 162 b -1 100000 45
737 162 144 b -1 100000 45
738 144 504 b -1 100000 5
739 504 144 b -1 100000 5
740 153 198 b -1 100000 16
741 198 153 b -1 100000 16
742 153 486 b -1 100000 1
743 486 153 b -1 100000 1
744 153 180 b -1 100000 9
745 180 153 b -1 100000 9
746 153 171 b -1 100000 3
747 171 153 b -1 100000 3
748 153 162 b -1 100000 5
749 162 153 b -1 100000 5
750 153 324 b -1 100000 5
751 324 153 b -1 100000 5
752 153 234 b -1 100000 7
753 234 153 b -1 100000 7
754 162 198 b -1 100000 20
755 198 162 b -1 100000 20
756 162 360 b -1 100000 43
757 360 162 b -1 100000 43
758 162 351 b -1 100000 42
759 351 162 b -1 100000 42
760 162 252 b -1 100000 21
761 252 162 b -1 100000 21
762 162 342 b -1 100000 13
763 342 162 b -1 100000 13
764 162 243 b -1 100000 13
765 243 162 b -1 100000 13
766 162 333 b -1 100000 12
767 333 162 b -1 100000 12
768 162 540 b -1 100000 0
769 540 162 b -1 100000 0
770 162 234 b -1 100000 12
771 234 162 b -1 100000 12
772 162 315 b -1 100000 52
773 315 162 b -1 100000 52
774 162 324 b -1 100000 8
775 324 162 b -1 100000 8
776 162 225 b -1 100000 17
777 225 162 b -1 100000 17
778 162 261 b -1 100000 20
779 261 162 b -1 100000 20
780 162 369 b -1 100000 19
781 369 162 b -1 100000 19
782 162 378 b -1 100000 1
783 378 162 b -1 100000 1
784 162 171 b -1 100000 3
785 171 162 b -1 100000 3
786 162 387 b -1 100000 4
787 387 162 b -1 100000 4
788 162 180 b -1 100000 5
789 180 162 b -1 100000 5
790 162 396 b -1 100000 52
791 396 162 b -1 100000 52
792 162 189 b -1 100000 42
793 189 162 b -1 100000 42
794 162 405 b -1 100000 45
795 405 162 b -1 100000 45
796 162 414 b -1 100000 0
797 414 162 b -1 100000 0
798 162 423 b -1 100000 52
799 423 162 b -1 100000 52
800 171 198 b -1 100000 18
801 198 171 b -1 100000 18
802 171 423 b -1 100000 55
803 423 171 b -1 100000 55
804 171 180 b -1 100000 8
805 180 171 b -1 100000 8
806 171 189 b -1 100000 45
807 189 171 b -1 100000 45
808 171 396 b -1 100000 49
809 396 171 b -1 100000 49
810 171 378 b -1 100000 3
811 378 171 b -1 100000 3
812 171 369 b -1 100000 18
813 369 171 b -1 100000 18
814 171 261 b -1 100000 19
815 261 171 b -1 100000 19
816 171 360 b -1 100000 46
817 360 171 b -1 100000 46
818 171 342 b -1 100000 12
819 342 171 b -1 100000 12
820 171 207 b -1 100000 0
821 207 171 b -1 100000 0
822 171 225 b -1 100000 15
823 225 171 b -1 100000 15
824 171 531 b -1 100000 24
825 531 171 b -1 100000 24
826 171 324 b -1 100000 7
827 324 171 b -1 100000 7
828 171 522 b -1 100000 12
829 522 171 b -1 100000 12
830 171 315 b -1 100000 49
831 315 171 b -1 100000 49
832 171 234 b -1 100000 10
833 234 171 b -1 100000 10
834 171 333 b -1 100000 11
835 333 171 b -1 100000 11
836 171 243 b -1 100000 11
837 243 171 b -1 100000 11
838 171 288 b -1 100000 60
839 288 171 b -1 100000 60
840 171 495 b -1 100000 2
841 495 171 b -1 100000 2
842 171 252 b -1 100000 19
843 252 171 b -1 100000 19
844 180 423 b -1 100000 49
845 423 180 b -1 100000 49
846 180 198 b -1 100000 19
847 198 180 b -1 100000 19
848 180 405 b -1 100000 42
849 405 180 b -1 100000 42
850 180 189 b -1 100000 39
851 189 180 b -1 100000 39
852 180 396 b -1 100000 55
853 396 180 b -1 100000 55
854 180 387 b -1 100000 9
855 387 180 b -1 100000 9
856 180 378 b -1 100000 5
857 378 180 b -1 100000 5
858 180 369 b -1 100000 17
859 369 180 b -1 100000 17
860 180 261 b -1 100000 19
861 261 180 b -1 100000 19
862 180 225 b -1 100000 18
863 225 180 b -1 100000 18
864 180 324 b -1 100000 8
865 324 180 b -1 100000 8
866 180 315 b -1 100000 56
867 315 180 b -1 100000 56
868 180 234 b -1 100000 14
869 234 180 b -1 100000 14
870 180 333 b -1 100000 12
871 333 180 b -1 100000 12
872 180 243 b -1 100000 15
873 243 180 b -1 100000 15
874 180 342 b -1 100000 11
875 342 180 b -1 100000 11
876 180 252 b -1 100000 22
877 252 180 b -1 100000 22
878 180 351 b -1 100000 40
879 351 180 b -1 100000 40
880 180 360 b -1 100000 40
881 360 180 b -1 100000 40
882 189 198 b -1 100000 55
883 198 189 b -1 100000 55
884 189 423 b -1 100000 10
885 423 189 b -1 100000 10
886 189 288 b -1 100000 39
887 288 189 b -1 100000 39
888 189 405 b -1 100000 6
889 405 189 b -1 100000 6
890 189 234 b -1 100000 52
891 234 189 b -1 100000 52
892 198 414 b -1 100000 19
893 414 198 b -1 100000 19
894 198 405 b -1 100000 56
895 405 198 b -1 100000 56
896 198 396 b -1 100000 38
897 396 198 b -1 100000 38
898 198 387 b -1 100000 18
899 387 198 b -1 100000 18
900 198 378 b -1 100000 19
901 378 198 b -1 100000 19
902 198 369 b -1 100000 2
903 369 198 b -1 100000 2
904 198 261 b -1 100000 1
905 261 198 b -1 100000 1
906 198 360 b -1 100000 56
907 360 198 b -1 100000 56
908 198 423 b -1 100000 63
909 423 198 b -1 100000 63
910 198 216 b -1 100000 0
911 216 198 b -1 100000 0
912 198 315 b -1 100000 42
913 315 198 b -1 100000 42
914 198 225 b -1 100000 4
915 225 198 b -1 100000 4
916 198 324 b -1 100000 12
917 324 198 b -1 100000 12
918 198 234 b -1 100000 9
919 234 198 b -1 100000 9
920 198 333 b -1 100000 8
921 333 198 b -1 100000 8
922 198 243 b -1 100000 10
923 243 198 b -1 100000 10
924 198 342 b -1 100000 8
925 342 198 b -1 100000 8
926 198 252 b -1 100000 7
927 252 198 b -1 100000 7
928 198 351 b -1 100000 55
929 351 198 b -1 100000 55
930 225 270 b -1 100000 3
931 270 225 b -1 100000 3
932 225 261 b -1 100000 5
933 261 225 b -1 100000 5
934 225 252 b -1 100000 5
935 252 225 b -1 100000 5
936 225 243 b -1 100000 6
937 243 225 b -1 100000 6
938 225 234 b -1 100000 6
939 234 225 b -1 100000 6
940 234 405 b -1 100000 55
941 405 234 b -1 100000 55
942 234 252 b -1 100000 9
943 252 234 b -1 100000 9
944 234 342 b -1 100000 7
945 342 234 b -1 100000 7
946 234 243 b -1 100000 2
947 243 234 b -1 100000 2
948 234 423 b -1 100000 62
949 423 234 b -1 100000 62
950 234 324 b -1 100000 5
951 324 234 b -1 100000 5
952 234 315 b -1 100000 42
953 315 234 b -1 100000 42
954 234 297 b -1 100000 1
955 297 234 b -1 100000 1
956 243 486 b -1 100000 8
957 486 243 b -1 100000 8
958 243 270 b -1 100000 6
959 270 243 b -1 100000 6
960 252 270 b -1 100000 2
961 270 252 b -1 100000 2
962 252 531 b -1 100000 9
963 531 252 b -1 100000 9
964 279 288 b -1 100000 11
965 288 279 b -1 100000 11
966 351 360 b -1 100000 1
967 360 351 b -1 100000 1
968 378 540 b -1 100000 1
969 540 378 b -1 100000 1
970 423 513 b -1 100000 6
971 513 423 b -1 100000 6
972 0 2 i 0 100000 1
973 2 0 i 0 100000 1
974 0 1 i 0 100000 1
975 1 0 i 0 100000 1
976 1 4 i 0 25000 1
977 4 1 i 0 25000 1
978 1 3 i 0 25000 1
979 3 1 i 0 25000 1
980 2 4 i 0 25000 1
981 4 2 i 0 25000 1
982 2 3 i 0 25000 1
983 3 2 i 0 25000 1
984 3 6 i 0 100000 1
985 6 3 i 0 100000 1
986 3 5 i 0 100000 1
987 5 3 i 0 100000 1
988 4 8 i 0 100000 1
989 8 4 i 0 100000 1
990 4 7 i 0 100000 1
991 7 4 i 0 100000 1
992 9 11 i 1 100000 1
993 11 9 i 1 100000 1
994 9 10 i 1 100000 1
995 10 9 i 1 100000 1
996 10 13 i 1 25000 1
997 13 10 i 1 25000 1
998 10 12 i 1 25000 1
999 12 10 i 1 25000 1
1000 11 13 i 1 25000 1
1001 13 11 i 1 25000 1
1002 11 12 i 1 25000 1
1003 12 11 i 1 25000 1
1004 12 15 i 1 100000 1
1005 15 12 i 1 100000 1
1006 12 14 i 1 100000 1
1007 14 12 i 1 100000 1
1008 13 17 i 1 100000 1
1009 17 13 i 1 100000 1
1010 13 16 i 1 100000 1
1011 16 13 i 1 100000 1
1012 18 20 i 2 100000 1
1013 20 18 i 2 100000 1
1014 18 19 i 2 100000 1
1015 19 18 i 2 100000 1
1016 19 22 i 2 25000 1
1017 22 19 i 2 25000 1
1018 19 21 i 2 25000 1
1019 21 19 i 2 25000 1
1020 20 22 i 2 25000 1
1021 22 20 i 2 25000 1
1022 20 21 i 2 25000 1
1023 21 20 i 2 25000 1
1024 21 24 i 2 100000 1
1025 24 21 i 2 100000 1
1026 21 23 i 2 100000 1
1027 23 21 i 2 100000 1
1028 22 26 i 2 100000 1
1029 26 22 i 2 100000 1
1030 22 25 i 2 100000 1
1031 25 22 i 2 100000 1
1032 27 29 i 3 100000 1
1033 29 27 i 3 100000 1
1034 27 28 i 3 100000 1
1035 28 27 i 3 100000 1
1036 28 31 i 3 25000 1
1037 31 28 i 3 25000 1
1038 28 30 i 3 25000 1
1039 30 28 i 3 25000 1
1040 29 31 i 3 25000 1
1041 31 29 i 3 25000 1
1042 29 30 i 3 25000 1
1043 30 29 i 3 25000 1
1044 30 33 i 3 100000 1
1045 33 30 i 3 100000 1
1046 30 32 i 3 100000 1
1047 32 30 i 3 100000 1
1048 31 35 i 3 100000 1
1049 35 31 i 3 100000 1
1050 31 34 i 3 100000 1
1051 34 31 i 3 100000 1
1052 36 38 i 4 100000 1
1053 38 36 i 4 100000 1
1054 36 37 i 4 100000 1
1055 37 36 i 4 100000 1
1056 37 40 i 4 25000 1
1057 40 37 i 4 25000 1
1058 37 39 i 4 25000 1
1059 39 37 i 4 25000 1
1060 38 40 i 4 25000 1
1061 40 38 i 4 25000 1
1062 38 39 i 4 25000 1
1063 39 38 i 4 25000 1
1064 39 42 i 4 100000 1
1065 42 39 i 4 100000 1
1066 39 41 i 4 100000 1
1067 41 39 i 4 100000 1
1068 40 44 i 4 100000 1
1069 44 40 i 4 100000 1
1070 40 43 i 4 100000 1
1071 43 40 i 4 100000 1
1072 45 47 i 5 100000 1
1073 47 45 i 5 100000 1
1074 45 46 i 5 100000 1
1075 46 45 i 5 100000 1
1076 46 49 i 5 25000 1
1077 49 46 i 5 25000 1
1078 46 48 i 5 25000 1
1079 48 46 i 5 25000 1
1080 47 49 i 5 25000 1
1081 49 47 i 5 25000 1
1082 47 48 i 5 25000 1
1083 48 47 i 5 25000 1
1084 48 51 i 5 100000 1
1085 51 48 i 5 100000 1
1086 48 50 i 5 100000 1
1087 50 48 i 5 100000 1
1088 49 53 i 5 100000 1
1089 53 49 i 5 100000 1
1090 49 52 i 5 100000 1
1091 52 49 i 5 100000 1
1092 54 56 i 6 100000 1
1093 56 54 i 6 100000 1
1094 54 55 i 6 100000 1
1095 55 54 i 6 100000 1
1096 55 58 i 6 25000 1
1097 58 55 i 6 25000 1
1098 55 57 i 6 25000 1
1099 57 55 i 6 25000 1
1100 56 58 i 6 25000 1
1101 58 56 i 6 25000 1
1102 56 57 i 6 25000 1
1103 57 56 i 6 25000 1
1104 57 60 i 6 100000 1
1105 60 57 i 6 100000 1
1106 57 59 i 6 100000 1
1107 59 57 i 6 100000 1
1108 58 62 i 6 100000 1
1109 62 58 i 6 100000 1
1110 58 61 i 6 100000 1
1111 61 58 i 6 100000 1
1112 63 65 i 7 100000 1
1113 65 63 i 7 100000 1
1114 63 64 i 7 100000 1
1115 64 63 i 7 100000 1
1116 64 67 i 7 25000 1
1117 67 64 i 7 25000 1
1118 64 66 i 7 25000 1
1119 66 64 i 7 25000 1
1120 65 67 i 7 25000 1
1121 67 65 i 7 25000 1
1122 65 66 i 7 25000 1
1123 66 65 i 7 25000 1
1124 66 69 i 7 100000 1
1125 69 66 i 7 100000 1
1126 66 68 i 7 100000 1
1127 68 66 i 7 100000 1
1128 67 71 i 7 100000 1
1129 71 67 i 7 100000 1
1130 67 70 i 7 100000 1
1131 70 67 i 7 100000 1
1132 72 74 i 8 100000 1
1133 74 72 i 8 100000 1
1134 72 73 i 8 100000 1
1135 73 72 i 8 100000 1
1136 73 76 i 8 25000 1
1137 76 73 i 8 25000 1
1138 73 75 i 8 25000 1
1139 75 73 i 8 25000 1
1140 74 76 i 8 25000 1
1141 76 74 i 8 25000 1
1142 74 75 i 8 25000 1
1143 75 74 i 8 25000 1
1144 75 78 i 8 100000 1
1145 78 75 i 8 100000 1
1146 75 77 i 8 100000 1
1147 77 75 i 8 100000 1
1148 76 80 i 8 100000 1
1149 80 76 i 8 100000 1
1150 76 79 i 8 100000 1
1151 79 76 i 8 100000 1
1152 81 83 i 9 100000 1
1153 83 81 i 9 100000 1
1154 81 82 i 9 100000 1
1155 82 81 i 9 100000 1
1156 82 85 i 9 25000 1
1157 85 82 i 9 25000 1
1158 82 84 i 9 25000 1
1159 84 82 i 9 25000 1
1160 83 85 i 9 25000 1
1161 85 83 i 9 25000 1
1162 83 84 i 9 25000 1
1163 84 83 i 9 25000 1
1164 84 87 i 9 100000 1
1165 87 84 i 9 100000 1
1166 84 86 i 9 100000 1
1167 86 84 i 9 100000 1
1168 85 89 i 9 100000 1
1169 89 85 i 9 100000 1
1170 85 88 i 9 100000 1
1171 88 85 i 9 100000 1
1172 90 92 i 10 100000 1
1173 92 90 i 10 100000 1
1174 90 91 i 10 100000 1
1175 91 90 i 10 100000 1
1176 91 94 i 10 25000 1
1177 94 91 i 10 25000 1
1178 91 93 i 10 25000 1
1179 93 91 i 10 25000 1
1180 92 94 i 10 25000 1
1181 94 92 i 10 25000 1
1182 92 93 i 10 25000 1
1183 93 92 i 10 25000 1
1184 93 96 i 10 100000 1
1185 96 93 i 10 100000 1
1186 93 95 i 10 100000 1
1187 95 93 i 10 100000 1
1188 94 98 i 10 100000 1
1189 98 94 i 10 100000 1
1190 94 97 i 10 100000 1
1191 97 94 i 10 100000 1
1192 99 101 i 11 100000 1
1193 101 99 i 11 100000 1
1194 99 100 i 11 100000 1
1195 100 99 i 11 100000 1
1196 100 103 i 11 25000 1
1197 103 100 i 11 25000 1
1198 100 102 i 11 25000 1
1199 102 100 i 11 25000 1
1200 101 103 i 11 25000 1
1201 103 101 i 11 25000 1
1202 101 102 i 11 25000 1
1203 102 101 i 11 25000 1
1204 102 105 i 11 100000 1
1205 105 102 i 11 100000 1
1206 102 104 i 11 100000 1
1207 104 102 i 11 100000 1
1208 103 107 i 11 100000 1
1209 107 103 i 11 100000 1
1210 103 106 i 11 100000 1
1211 106 103 i 11 100000 1
1212 108 110 i 12 100000 1
1213 110 108 i 12 100000 1
1214 108 109 i 12 100000 1
1215 109 108 i 12 100000 1
1216 109 112 i 12 25000 1
1217 112 109 i 12 25000 1
1218 109 111 i 12 25000 1
1219 111 109 i 12 25000 1
1220 110 112 i 12 25000 1
1221 112 110 i 12 25000 1
1222 110 111 i 12 25000 1
1223 111 110 i 12 25000 1
1224 111 114 i 12 100000 1
1225 114 111 i 12 100000 1
1226 111 113 i 12 100000 1
1227 113 111 i 12 100000 1
1228 112 116 i 12 100000 1
1229 116 112 i 12 100000 1
1230 112 115 i 12 100000 1
1231 115 112 i 12 100000 1
1232 117 119 i 13 100000 1
1233 119 117 i 13 100000 1
1234 117 118 i 13 100000 1
1235 118 117 i 13 100000 1
1236 118 121 i 13 25000 1
1237 121 118 i 13 25000 1
1238 118 120 i 13 25000 1
1239 120 118 i 13 25000 1
1240 119 121 i 13 25000 1
1241 121 119 i 13 25000 1
1242 119 120 i 13 25000 1
1243 120 119 i 13 25000 1
1244 120 123 i 13 100000 1
1245 123 120 i 13 100000 1
1246 120 122 i 13 100000 1
1247 122 120 i 13 100000 1
1248 121 125 i 13 100000 1
1249 125 121 i 13 100000 1
1250 121 124 i 13 100000 1
1251 124 121 i 13 100000 1
1252 126 128 i 14 100000 1
1253 128 126 i 14 100000 1
1254 126 127 i 14 100000 1
1255 127 126 i 14 100000 1
1256 127 130 i 14 25000 1
1257 130 127 i 14 25000 1
1258 127 129 i 14 25000 1
1259 129 127 i 14 25000 1
1260 128 130 i 14 25000 1
1261 130 128 i 14 25000 1
1262 128 129 i 14 25000 1
1263 129 128 i 14 25000 1
1264 129 132 i 14 100000 1
1265 132 129 i 14 100000 1
1266 129 131 i 14 100000 1
1267 131 129 i 14 100000 1
1268 130 134 i 14 100000 1
1269 134 130 i 14 100000 1
1270 130 133 i 14 100000 1
1271 133 130 i 14 100000 1
1272 135 137 i 15 100000 1
1273 137 135 i 15 100000 1
1274 135 136 i 15 100000 1
1275 136 135 i 15 100000 1
1276 136 139 i 15 25000 1
1277 139 136 i 15 25000 1
1278 136 138 i 15 25000 1
1279 138 136 i 15 25000 1
1280 137 139 i 15 25000 1
1281 139 137 i 15 25000 1
1282 137 138 i 15 25000 1
1283 138 137 i 15 25000 1
1284 138 141 i 15 100000 1
1285 141 138 i 15 100000 1
1286 138 140 i 15 100000 1
1287 140 138 i 15 100000 1
1288 139 143 i 15 100000 1
1289 143 139 i 15 100000 1
1290 139 142 i 15 100000 1
1291 142 139 i 15 100000 1
1292 144 146 i 16 100000 1
1293 146 144 i 16 100000 1
1294 144 145 i 16 100000 1
1295 145 144 i 16 100000 1
1296 145 148 i 16 25000 1
1297 148 145 i 16 25000 1
1298 145 147 i 16 25000 1
1299 147 145 i 16 25000 1
1300 146 148 i 16 25000 1
1301 148 146 i 16 25000 1
1302 146 147 i 16 25000 1
1303 147 146 i 16 25000 1
1304 147 150 i 16 100000 1
1305 150 147 i 16 100000 1
1306 147 149 i 16 100000 1
1307 149 147 i 16 100000 1
1308 148 152 i 16 100000 1
1309 152 148 i 16 100000 1
1310 148 151 i 16 100000 1
1311 151 148 i 16 100000 1
1312 153 155 i 17 100000 1
1313 155 153 i 17 100000 1
1314 153 154 i 17 100000 1
1315 154 153 i 17 100000 1
1316 154 157 i 17 25000 1
1317 157 154 i 17 25000 1
1318 154 156 i 17 25000 1
1319 156 154 i 17 25000 1
1320 155 157 i 17 25000 1
1321 157 155 i 17 25000 1
1322 155 156 i 17 25000 1
1323 156 155 i 17 25000 1
1324 156 159 i 17 100000 1
1325 159 156 i 17 100000 1
1326 156 158 i 17 100000 1
1327 158 156 i 17 100000 1
1328 157 161 i 17 100000 1
1329 161 157 i 17 100000 1
1330 157 160 i 17 100000 1
1331 160 157 i 17 100000 1
1332 162 164 i 18 100000 1
1333 164 162 i 18 100000 1
1334 162 163 i 18 100000 1
1335 163 162 i 18 100000 1
1336 163 166 i 18 25000 1
1337 166 163 i 18 25000 1
1338 163 165 i 18 25000 1
1339 165 163 i 18 25000 1
1340 164 166 i 18 25000 1
1341 166 164 i 18 25000 1
1342 164 165 i 18 25000 1
1343 165 164 i 18 25000 1
1344 165 168 i 18 100000 1
1345 168 165 i 18 100000 1
1346 165 167 i 18 100000 1
1347 167 165 i 18 100000 1
1348 166 170 i 18 100000 1
1349 170 166 i 18 100000 1
1350 166 169 i 18 100000 1
1351 169 166 i 18 100000 1
1352 171 173 i 19 100000 1
1353 173 171 i 19 100000 1
1354 171 172 i 19 100000 1
1355 172 171 i 19 100000 1
1356 172 175 i 19 25000 1
1357 175 172 i 19 25000 1
1358 172 174 i 19 25000 1
1359 174 172 i 19 25000 1
1360 173 175 i 19 25000 1
1361 175 173 i 19 25000 1
1362 173 174 i 19 25000 1
1363 174 173 i 19 25000 1
1364 174 177 i 19 100000 1
1365 177 174 i 19 100000 1
1366 174 176 i 19 100000 1
1367 176 174 i 19 100000 1
1368 175 179 i 19 100000 1
1369 179 175 i 19 100000 1
1370 175 178 i 19 100000 1
1371 178 175 i 19 100000 1
1372 180 182 i 20 100000 1
1373 182 180 i 20 100000 1
1374 180 181 i 20 100000 1
1375 181 180 i 20 100000 1
1376 181 184 i 20 25000 1
1377 184 181 i 20 25000 1
1378 181 183 i 20 25000 1
1379 183 181 i 20 25000 1
1380 182 184 i 20 25000 1
1381 184 182 i 20 25000 1
1382 182 183 i 20 25000 1
1383 183 182 i 20 25000 1
1384 183 186 i 20 100000 1
1385 186 183 i 20 100000 1
1386 183 185 i 20 100000 1
1387 185 183 i 20 100000 1
1388 184 188 i 20 100000 1
1389 188 184 i 20 100000 1
1390 184 187 i 20 100000 1
1391 187 184 i 20 100000 1
1392 189 191 i 21 100000 1
1393 191 189 i 21 100000 1
1394 189 190 i 21 100000 1
1395 190 189 i 21 100000 1
1396 190 193 i 21 25000 1
1397 193 190 i 21 25000 1
1398 190 192 i 21 25000 1
1399 192 190 i 21 25000 1
1400 191 193 i 21 25000 1
1401 193 191 i 21 25000 1
1402 191 192 i 21 25000 1
1403 192 191 i 21 25000 1
1404 192 195 i 21 100000 1
1405 195 192 i 21 100000 1
1406 192 194 i 21 100000 1
1407 194 192 i 21 100000 1
1408 193 197 i 21 100000 1
1409 197 193 i 21 100000 1
1410 193 196 i 21 100000 1
1411 196 193 i 21 100000 1
1412 198 200 i 22 100000 1
1413 200 198 i 22 100000 1
1414 198 199 i 22 100000 1
1415 199 198 i 22 100000 1
1416 199 202 i 22 25000 1
1417 202 199 i 22 25000 1
1418 199 201 i 22 25000 1
1419 201 199 i 22 25000 1
1420 200 202 i 22 25000 1
1421 202 200 i 22 25000 1
1422 200 201 i 22 25000 1
1423 201 200 i 22 25000 1
1424 201 204 i 22 100000 1
1425 204 201 i 22 100000 1
1426 201 203 i 22 100000 1
1427 203 201 i 22 100000 1
1428 202 206 i 22 100000 1
1429 206 202 i 22 100000 1
1430 202 205 i 22 100000 1
1431 205 202 i 22 100000 1
1432 207 209 i 23 100000 1
1433 209 207 i 23 100000 1
1434 207 208 i 23 100000 1
1435 208 207 i 23 100000 1
1436 208 211 i 23 25000 1
1437 211 208 i 23 25000 1
1438 208 210 i 23 25000 1
1439 210 208 i 23 25000 1
1440 209 211 i 23 25000 1
1441 211 209 i 23 25000 1
1442 209 210 i 23 25000 1
1443 210 209 i 23 25000 1
1444 210 213 i 23 100000 1
1445 213 210 i 23 100000 1
1446 210 212 i 23 100000 1
1447 212 210 i 23 100000 1
1448 211 215 i 23 100000 1
1449 215 211 i 23 100000 1
1450 211 214 i 23 100000 1
1451 214 211 i 23 100000 1
1452 216 218 i 24 100000 1
1453 218 216 i 24 100000 1
1454 216 217 i 24 100000 1
1455 217 216 i 24 100000 1
1456 217 220 i 24 25000 1
1457 220 217 i 24 25000 1
1458 217 219 i 24 25000 1
1459 219 217 i 24 25000 1
1460 218 220 i 24 25000 1
1461 220 218 i 24 25000 1
1462 218 219 i 24 25000 1
1463 219 218 i 24 25000 1
1464 219 222 i 24 100000 1
1465 222 219 i 24 100000 1
1466 219 221 i 24 100000 1
1467 221 219 i 24 100000 1
1468 220 224 i 24 100000 1
1469 224 220 i 24 100000 1
1470 220 223 i 24 100000 1
1471 223 220 i 24 100000 1
1472 225 227 i 25 100000 1
1473 227 225 i 25 100000 1
1474 225 226 i 25 100000 1
1475 226 225 i 25 100000 1
1476 226 229 i 25 25000 1
1477 229 226 i 25 25000 1
1478 226 228 i 25 25000 1
1479 228 226 i 25 25000 1
1480 227 229 i 25 25000 1
1481 229 227 i 25 25000 1
1482 227 228 i 25 25000 1
1483 228 227 i 25 25000 1
1484 228 231 i 25 100000 1
1485 231 228 i 25 100000 1
1486 228 230 i 25 100000 1
1487 230 228 i 25 100000 1
1488 229 233 i 25 100000 1
1489 233 229 i 25 100000 1
1490 229 232 i 25 100000 1
1491 232 229 i 25 100000 1
1492 234 236 i 26 100000 1
1493 236 234 i 26 100000 1
1494 234 235 i 26 100000 1
1495 235 234 i 26 100000 1
1496 235 238 i 26 25000 1
1497 238 235 i 26 25000 1
1498 235 237 i 26 25000 1
1499 237 235 i 26 25000 1
1500 236 238 i 26 25000 1
1501 238 236 i 26 25000 1
1502 236 237 i 26 25000 1
1503 237 236 i 26 25000 1
1504 237 240 i 26 100000 1
1505 240 237 i 26 100000 1
1506 237 239 i 26 100000 1
1507 239 237 i 26 100000 1
1508 238 242 i 26 100000 1
1509 242 238 i 26 100000 1
1510 238 241 i 26 100000 1
1511 241 238 i 26 100000 1
1512 243 245 i 27 100000 1
1513 245 243 i 27 100000 1
1514 243 244 i 27 100000 1
1515 244 243 i 27 100000 1
1516 244 247 i 27 25000 1
1517 247 244 i 27 25000 1
1518 244 246 i 27 25000 1
1519 246 244 i 27 25000 1
1520 245 247 i 27 25000 1
1521 247 245 i 27 25000 1
1522 245 246 i 27 25000 1
1523 246 245 i 27 25000 1
1524 246 249 i 27 100000 1
1525 249 246 i 27 100000 1
1526 246 248 i 27 100000 1
1527 248 246 i 27 100000 1
1528 247 251 i 27 100000 1
1529 251 247 i 27 100000 1
1530 247 250 i 27 100000 1
1531 250 247 i 27 100000 1
1532 252 254 i 28 100000 1
1533 254 252 i 28 100000 1
1534 252 253 i 28 100000 1
1535 253 252 i 28 100000 1
1536 253 256 i 28 25000 1
1537 256 253 i 28 25000 1
1538 253 255 i 28 25000 1
1539 255 253 i 28 25000 1
1540 254 256 i 28 25000 1
1541 256 254 i 28 25000 1
1542 254 255 i 28 25000 1
1543 255 254 i 28 25000 1
1544 255 258 i 28 100000 1
1545 258 255 i 28 100000 1
1546 255 257 i 28 100000 1
1547 257 255 i 28 100000 1
1548 256 260 i 28 100000 1
1549 260 256 i 28 100000 1
1550 256 259 i 28 100000 1
1551 259 256 i 28 100000 1
1552 261 263 i 29 100000 1
1553 263 261 i 29 100000 1
1554 261 262 i 29 100000 1
1555 262 261 i 29 100000 1
1556 262 265 i 29 25000 1
1557 265 262 i 29 25000 1
1558 262 264 i 29 25000 1
1559 264 262 i 29 25000 1
1560 263 265 i 29 25000 1
1561 265 263 i 29 25000 1
1562 263 264 i 29 25000 1
1563 264 263 i 29 25000 1
1564 264 267 i 29 100000 1
1565 267 264 i 29 100000 1
1566 264 266 i 29 100000 1
1567 266 264 i 29 100000 1
1568 265 269 i 29 100000 1
1569 269 265 i 29 100000 1
1570 265 268 i 29 100000 1
1571 268 265 i 29 100000 1
1572 270 272 i 30 100000 1
1573 272 270 i 30 100000 1
1574 270 271 i 30 100000 1
1575 271 270 i 30 100000 1
1576 271 274 i 30 25000 1
1577 274 271 i 30 25000 1
1578 271 273 i 30 25000 1
1579 273 271 i 30 25000 1
1580 272 274 i 30 25000 1
1581 274 272 i 30 25000 1
1582 272 273 i 30 25000 1
1583 273 272 i 30 25000 1
1584 273 276 i 30 100000 1
1585 276 273 i 30 100000 1
1586 273 275 i 30 100000 1
1587 275 273 i 30 100000 1
1588 274 278 i 30 100000 1
1589 278 274 i 30 100000 1
1590 274 277 i 30 100000 1
1591 277 274 i 30 100000 1
1592 279 281 i 31 100000 1
1593 281 279 i 31 100000 1
1594 279 280 i 31 100000 1
1595 280 279 i 31 100000 1
1596 280 283 i 31 25000 1
1597 283 280 i 31 25000 1
1598 280 282 i 31 25000 1
1599 282 280 i 31 25000 1
1600 281 283 i 31 25000 1
1601 283 281 i 31 25000 1
1602 281 282 i 31 25000 1
1603 282 281 i 31 25000 1
1604 282 285 i 31 100000 1
1605 285 282 i 31 100000 1
1606 282 284 i 31 100000 1
1607 284 282 i 31 100000 1
1608 283 287 i 31 100000 1
1609 287 283 i 31 100000 1
1610 283 286 i 31 100000 1
1611 286 283 i 31 100000 1
1612 288 290 i 32 100000 1
1613 290 288 i 32 100000 1
1614 288 289 i 32 100000 1
1615 289 288 i 32 100000 1
1616 289 292 i 32 25000 1
1617 292 289 i 32 25000 1
1618 289 291 i 32 25000 1
1619 291 289 i 32 25000 1
1620 290 292 i 32 25000 1
1621 292 290 i 32 25000 1
1622 290 291 i 32 25000 1
1623 291 290 i 32 25000 1
1624 291 294 i 32 100000 1
1625 294 291 i 32 100000 1
1626 291 293 i 32 100000 1
1627 293 291 i 32 100000 1
1628 292 296 i 32 100000 1
1629 296 292 i 32 100000 1
1630 292 295 i 32 100000 1
1631 295 292 i 32 100000 1
1632 297 299 i 33 100000 1
1633 299 297 i 33 100000 1
1634 297 298 i 33 100000 1
1635 298 297 i 33 100000 1
1636 298 301 i 33 25000 1
1637 301 298 i 33 25000 1
1638 298 300 i 33 25000 1
1639 300 298 i 33 25000 1
1640 299 301 i 33 25000 1
1641 301 299 i 33 25000 1
1642 299 300 i 33 25000 1
1643 300 299 i 33 25000 1
1644 300 303 i 33 100000 1
1645 303 300 i 33 100000 1
1646 300 302 i 33 100000 1
1647 302 300 i 33 100000 1
1648 301 305 i 33 100000 1
1649 305 301 i 33 100000 1
1650 301 304 i 33 100000 1
1651 304 301 i 33 100000 1
1652 306 308 i 34 100000 1
1653 308 306 i 34 100000 1
1654 306 307 i 34 100000 1
1655 307 306 i 34 100000 1
1656 307 310 i 34 25000 1
1657 310 307 i 34 25000 1
1658 307 309 i 34 25000 1
1659 309 307 i 34 25000 1
1660 308 310 i 34 25000 1
1661 310 308 i 34 25000 1
1662 308 309 i 34 25000 1
1663 309 308 i 34 25000 1
1664 309 312 i 34 100000 1
1665 312 309 i 34 100000 1
1666 309 311 i 34 100000 1
1667 311 309 i 34 100000 1
1668 310 314 i 34 100000 1
1669 314 310 i 34 100000 1
1670 310 313 i 34 100000 1
1671 313 310 i 34 100000 1
1672 315 317 i 35 100000 1
1673 317 315 i 35 100000 1
1674 315 316 i 35 100000 1
1675 316 315 i 35 100000 1
1676 316 319 i 35 25000 1
1677 319 316 i 35 25000 1
1678 316 318 i 35 25000 1
1679 318 316 i 35 25000 1
1680 317 319 i 35 25000 1
1681 319 317 i 35 25000 1
1682 317 318 i 35 25000 1
1683 318 317 i 35 25000 1
1684 318 321 i 35 100000 1
1685 321 318 i 35 100000 1
1686 318 320 i 35 100000 1
1687 320 318 i 35 100000 1
1688 319 323 i 35 100000 1
1689 323 319 i 35 100000 1
1690 319 322 i 35 100000 1
1691 322 319 i 35 100000 1
1692 324 326 i 36 100000 1
1693 326 324 i 36 100000 1
1694 324 325 i 36 100000 1
1695 325 324 i 36 100000 1
1696 325 328 i 36 25000 1
1697 328 325 i 36 25000 1
1698 325 327 i 36 25000 1
1699 327 325 i 36 25000 1
1700 326 328 i 36 25000 1
1701 328 326 i 36 25000 1
1702 326 327 i 36 25000 1
1703 327 326 i 36 25000 1
1704 327 330 i 36 100000 1
1705 330 327 i 36 100000 1
1706 327 329 i 36 100000 1
1707 329 327 i 36 100000 1
1708 328 332 i 36 100000 1
1709 332 328 i 36 100000 1
1710 328 331 i 36 100000 1
1711 331 328 i 36 100000 1
1712 333 335 i 37 100000 1
1713 335 333 i 37 100000 1
1714 333 334 i 37 100000 1
1715 334 333 i 37 100000 1
1716 334 337 i 37 25000 1
1717 337 334 i 37 25000 1
1718 334 336 i 37 25000 1
1719 336 334 i 37 25000 1
1720 335 337 i 37 25000 1
1721 337 335 i 37 25000 1
1722 335 336 i 37 25000 1
1723 336 335 i 37 25000 1
1724 336 339 i 37 100000 1
1725 339 336 i 37 100000 1
1726 336 338 i 37 100000 1
1727 338 336 i 37 100000 1
1728 337 341 i 37 100000 1
1729 341 337 i 37 100000 1
1730 337 340 i 37 100000 1
1731 340 337 i 37 100000 1
1732 342 344 i 38 100000 1
1733 344 342 i 38 100000 1
1734 342 343 i 38 100000 1
1735 343 342 i 38 100000 1
1736 343 346 i 38 25000 1
1737 346 343 i 38 25000 1
1738 343 345 i 38 25000 1
1739 345 343 i 38 25000 1
1740 344 346 i 38 25000 1
1741 346 344 i 38 25000 1
1742 344 345 i 38 25000 1
1743 345 344 i 38 25000 1
1744 345 348 i 38 100000 1
1745 348 345 i 38 100000 1
1746 345 347 i 38 100000 1
1747 347 345 i 38 100000 1
1748 346 350 i 38 100000 1
1749 350 346 i 38 100000 1
1750 346 349 i 38 100000 1
1751 349 346 i 38 100000 1
1752 351 353 i 39 100000 1
1753 353 351 i 39 100000 1
1754 351 352 i 39 100000 1
1755 352 351 i 39 100000 1
1756 352 355 i 39 25000 1
1757 355 352 i 39 25000 1
1758 352 354 i 39 25000 1
1759 354 352 i 39 25000 1
1760 353 355 i 39 25000 1
1761 355 353 i 39 25000 1
1762 353 354 i 39 25000 1
1763 354 353 i 39 25000 1
1764 354 357 i 39 100000 1
1765 357 354 i 39 100000 1
1766 354 356 i 39 100000 1
1767 356 354 i 39 100000 1
1768 355 359 i 39 100000 1
1769 359 355 i 39 100000 1
1770 355 358 i 39 100000 1
1771 358 355 i 39 100000 1
1772 360 362 i 40 100000 1
1773 362 360 i 40 100000 1
1774 360 361 i 40 100000 1
1775 361 360 i 40 100000 1
1776 361 364 i 40 25000 1
1777 364 361 i 40 25000 1
1778 361 363 i 40 25000 1
1779 363 361 i 40 25000 1
1780 362 364 i 40 25000 1
1781 364 362 i 40 25000 1
1782 362 363 i 40 25000 1
1783 363 362 i 40 25000 1
1784 363 366 i 40 100000 1
1785 366 363 i 40 100000 1
1786 363 365 i 40 100000 1
1787 365 363 i 40 100000 1
1788 364 368 i 40 100000 1
1789 368 364 i 40 100000 1
1790 364 367 i 40 100000 1
1791 367 364 i 40 100000 1
1792 369 371 i 41 100000 1
1793 371 369 i 41 100000 1
1794 369 370 i 41 100000 1
1795 370 369 i 41 100000 1
1796 370 373 i 41 25000 1
1797 373 370 i 41 25000 1
1798 370 372 i 41 25000 1
1799 372 370 i 41 25000 1
1800 371 373 i 41 25000 1
1801 373 371 i 41 25000 1
1802 371 372 i 41 25000 1
1803 372 371 i 41 25000 1
1804 372 375 i 41 100000 1
1805 375 372 i 41 100000 1
1806 372 374 i 41 100000 1
1807 374 372 i 41 100000 1
1808 373 377 i 41 100000 1
1809 377 373 i 41 100000 1
1810 373 376 i 41 100000 1
1811 376 373 i 41 100000 1
1812 378 380 i 42 100000 1
1813 380 378 i 42 100000 1
1814 378 379 i 42 100000 1
1815 379 378 i 42 100000 1
1816 379 382 i 42 25000 1
1817 382 379 i 42 25000 1
1818 379 381 i 42 25000 1
1819 381 379 i 42 25000 1
1820 380 382 i 42 25000 1
1821 382 380 i 42 25000 1
1822 380 381 i 42 25000 1
1823 381 380 i 42 25000 1
1824 381 384 i 42 100000 1
1825 384 381 i 42 100000 1
1826 381 383 i 42 100000 1
1827 383 381 i 42 100000 1
1828 382 386 i 42 100000 1
1829 386 382 i 42 100000 1
1830 382 385 i 42 100000 1
1831 385 382 i 42 100000 1
1832 387 389 i 43 100000 1
1833 389 387 i 43 100000 1
1834 387 388 i 43 100000 1
1835 388 387 i 43 100000 1
1836 388 391 i 43 25000 1
1837 391 388 i 43 25000 1
1838 388 390 i 43 25000 1
1839 390 388 i 43 25000 1
1840 389 391 i 43 25000 1
1841 391 389 i 43 25000 1
1842 389 390 i 43 25000 1
1843 390 389 i 43 25000 1
1844 390 393 i 43 100000 1
1845 393 390 i 43 100000 1
1846 390 392 i 43 100000 1
1847 392 390 i 43 100000 1
1848 391 395 i 43 100000 1
1849 395 391 i 43 100000 1
1850 391 394 i 43 100000 1
1851 394 391 i 43 100000 1
1852 396 398 i 44 100000 1
1853 398 396 i 44 100000 1
1854 396 397 i 44 100000 1
1855 397 396 i 44 100000 1
1856 397 400 i 44 25000 1
1857 400 397 i 44 25000 1
1858 397 399 i 44 25000 1
1859 399 397 i 44 25000 1
1860 398 400 i 44 25000 1
1861 400 398 i 44 25000 1
1862 398 399 i 44 25000 1
1863 399 398 i 44 25000 1
1864 399 402 i 44 100000 1
1865 402 399 i 44 100000 1
1866 399 401 i 44 100000 1
1867 401 399 i 44 100000 1
1868 400 404 i 44 100000 1
1869 404 400 i 44 100000 1
1870 400 403 i 44 100000 1
1871 403 400 i 44 100000 1
1872 405 407 i 45 100000 1
1873 407 405 i 45 100000 1
1874 405 406 i 45 100000 1
1875 406 405 i 45 100000 1
1876 406 409 i 45 25000 1
1877 409 406 i 45 25000 1
1878 406 408 i 45 25000 1
1879 408 406 i 45 25000 1
1880 407 409 i 45 25000 1
1881 409 407 i 45 25000 1
1882 407 408 i 45 25000 1
1883 408 407 i 45 25000 1
1884 408 411 i 45 100000 1
1885 411 408 i 45 100000 1
1886 408 410 i 45 100000 1
1887 410 408 i 45 100000 1
1888 409 413 i 45 100000 1
1889 413 409 i 45 100000 1
1890 409 412 i 45 100000 1
1891 412 409 i 45 100000 1
1892 414 416 i 46 100000 1
1893 416 414 i 46 100000 1
1894 414 415 i 46 100000 1
1895 415 414 i 46 100000 1
1896 415 418 i 46 25000 1
1897 418 415 i 46 25000 1
1898 415 417 i 46 25000 1
1899 417 415 i 46 25000 1
1900 416 418 i 46 25000 1
1901 418 416 i 46 25000 1
1902 416 417 i 46 25000 1
1903 417 416 i 46 25000 1
1904 417 420 i 46 100000 1
1905 420 417 i 46 100000 1
1906 417 419 i 46 100000 1
1907 419 417 i 46 100000 1
1908 418 422 i 46 100000 1
1909 422 418 i 46 100000 1
1910 418 421 i 46 100000 1
1911 421 418 i 46 100000 1
1912 423 425 i 47 100000 1
1913 425 423 i 47 100000 1
1914 423 424 i 47 100000 1
1915 424 423 i 47 100000 1
1916 424 427 i 47 25000 1
1917 427 424 i 47 25000 1
1918 424 426 i 47 25000 1
1919 426 424 i 47 25000 1
1920 425 427 i 47 25000 1
1921 427 425 i 47 25000 1
1922 425 426 i 47 25000 1
1923 426 425 i 47 25000 1
1924 426 429 i 47 100000 1
1925 429 426 i 47 100000 1
1926 426 428 i 47 100000 1
1927 428 426 i 47 100000 1
1928 427 431 i 47 100000 1
1929 431 427 i 47 100000 1
1930 427 430 i 47 100000 1
1931 430 427 i 47 100000 1
1932 432 434 i 48 100000 1
1933 434 432 i 48 100000 1
1934 432 433 i 48 100000 1
1935 433 432 i 48 100000 1
1936 433 436 i 48 25000 1
1937 436 433 i 48 25000 1
1938 433 435 i 48 25000 1
1939 435 433 i 48 25000 1
1940 434 436 i 48 25000 1
1941 436 434 i 48 25000 1
1942 434 435 i 48 25000 1
1943 435 434 i 48 25000 1
1944 435 438 i 48 100000 1
1945 438 435 i 48 100000 1
1946 435 437 i 48 100000 1
1947 437 435 i 48 100000 1
1948 436 440 i 48 100000 1
1949 440 436 i 48 100000 1
1950 436 439 i 48 100000 1
1951 439 436 i 48 100000 1
1952 441 443 i 49 100000 1
1953 443 441 i 49 100000 1
1954 441 442 i 49 100000 1
1955 442 441 i 49 100000 1
1956 442 445 i 49 25000 1
1957 445 442 i 49 25000 1
1958 442 444 i 49 25000 1
1959 444 442 i 49 25000 1
1960 443 445 i 49 25000 1
1961 445 443 i 49 25000 1
1962 443 444 i 49 25000 1
1963 444 443 i 49 25000 1
1964 444 447 i 49 100000 1
1965 447 444 i 49 100000 1
1966 444 446 i 49 100000 1
1967 446 444 i 49 100000 1
1968 445 449 i 49 100000 1
1969 449 445 i 49 100000 1
1970 445 448 i 49 100000 1
1971 448 445 i 49 100000 1
1972 450 452 i 50 100000 1
1973 452 450 i 50 100000 1
1974 450 451 i 50 100000 1
1975 451 450 i 50 100000 1
1976 451 454 i 50 25000 1
1977 454 451 i 50 25000 1
1978 451 453 i 50 25000 1
1979 453 451 i 50 25000 1
1980 452 454 i 50 25000 1
1981 454 452 i 50 25000 1
1982 452 453 i 50 25000 1
1983 453 452 i 50 25000 1
1984 453 456 i 50 100000 1
1985 456 453 i 50 100000 1
1986 453 455 i 50 100000 1
1987 455 453 i 50 100000 1
1988 454 458 i 50 100000 1
1989 458 454 i 50 100000 1
1990 454 457 i 50 100000 1
1991 457 454 i 50 100000 1
1992 459 461 i 51 100000 1
1993 461 459 i 51 100000 1
1994 459 460 i 51 100000 1
1995 460 459 i 51 100000 1
1996 460 463 i 51 25000 1
1997 463 460 i 51 25000 1
1998 460 462 i 51 25000 1
1999 462 460 i 51 25000 1
2000 461 463 i 51 25000 1
2001 463 461 i 51 25000 1
2002 461 462 i 51 25000 1
2003 462 461 i 51 25000 1
2004 462 465 i 51 100000 1
2005 465 462 i 51 100000 1
2006 462 464 i 51 100000 1
2007 464 462 i 51 100000 1
2008 463 467 i 51 100000 1
2009 467 463 i 51 100000 1
2010 463 466 i 51 100000 1
2011 466 463 i 51 100000 1
2012 468 470 i 52 100000 1
2013 470 468 i 52 100000 1
2014 468 469 i 52 100000 1
2015 469 468 i 52 100000 1
2016 469 472 i 52 25000 1
2017 472 469 i 52 25000 1
2018 469 471 i 52 25000 1
2019 471 469 i 52 25000 1
2020 470 472 i 52 25000 1
2021 472 470 i 52 25000 1
2022 470 471 i 52 25000 1
2023 471 470 i 52 25000 1
2024 471 474 i 52 100000 1
2025 474 471 i 52 100000 1
2026 471 473 i 52 100000 1
2027 473 471 i 52 100000 1
2028 472 476 i 52 100000 1
2029 476 472 i 52 100000 1
2030 472 475 i 52 100000 1
2031 475 472 i 52 100000 1
2032 477 479 i 53 100000 1
2033 479 477 i 53 100000 1
2034 477 478 i 53 100000 1
2035 478 477 i 53 100000 1
2036 478 481 i 53 25000 1
2037 481 478 i 53 25000 1
2038 478 480 i 53 25000 1
2039 480 478 i 53 25000 1
2040 479 481 i 53 25000 1
2041 481 479 i 53 25000 1
2042 479 480 i 53 25000 1
2043 480 479 i 53 25000 1
2044 480 483 i 53 100000 1
2045 483 480 i 53 100000 1
2046 480 482 i 53 100000 1
2047 482 480 i 53 100000 1
2048 481 485 i 53 100000 1
2049 485 481 i 53 100000 1
2050 481 484 i 53 100000 1
2051 484 481 i 53 100000 1
2052 486 488 i 54 100000 1
2053 488 486 i 54 100000 1
2054 486 487 i 54 100000 1
2055 487 486 i 54 100000 1
2056 487 490 i 54 25000 1
2057 490 487 i 54 25000 1
2058 487 489 i 54 25000 1
2059 489 487 i 54 25000 1
2060 488 490 i 54 25000 1
2061 490 488 i 54 25000 1
2062 488 489 i 54 25000 1
2063 489 488 i 54 25000 1
2064 489 492 i 54 100000 1
2065 492 489 i 54 100000 1
2066 489 491 i 54 100000 1
2067 491 489 i 54 100000 1
2068 490 494 i 54 100000 1
2069 494 490 i 54 100000 1
2070 490 493 i 54 100000 1
2071 493 490 i 54 100000 1
2072 495 497 i 55 100000 1
2073 497 495 i 55 100000 1
2074 495 496 i 55 100000 1
2075 496 495 i 55 100000 1
2076 496 499 i 55 25000 1
2077 499 496 i 55 25000 1
2078 496 498 i 55 25000 1
2079 498 496 i 55 25000 1
2080 497 499 i 55 25000 1
2081 499 497 i 55 25000 1
2082 497 498 i 55 25000 1
2083 498 497 i 55 25000 1
2084 498 501 i 55 100000 1
2085 501 498 i 55 100000 1
2086 498 500 i 55 100000 1
2087 500 498 i 55 100000 1
2088 499 503 i 55 100000 1
2089 503 499 i 55 100000 1
2090 499 502 i 55 100000 1
2091 502 499 i 55 100000 1
2092 504 506 i 56 100000 1
2093 506 504 i 56 100000 1
2094 504 505 i 56 100000 1
2095 505 504 i 56 100000 1
2096 505 508 i 56 25000 1
2097 508 505 i 56 25000 1
2098 505 507 i 56 25000 1
2099 507 505 i 56 25000 1
2100 506 508 i 56 25000 1
2101 508 506 i 56 25000 1
2102 506 507 i 56 25000 1
2103 507 506 i 56 25000 1
2104 507 510 i 56 100000 1
2105 510 507 i 56 100000 1
2106 507 509 i 56 100000 1
2107 509 507 i 56 100000 1
2108 508 512 i 56 100000 1
2109 512 508 i 56 100000 1
2110 508 511 i 56 100000 1
2111 511 508 i 56 100000 1
2112 513 515 i 57 100000 1
2113 515 513 i 57 100000 1
2114 513 514 i 57 100000 1
2115 514 513 i 57 100000 1
2116 514 517 i 57 25000 1
2117 517 514 i 57 25000 1
2118 514 516 i 57 25000 1
2119 516 514 i 57 25000 1
2120 515 517 i 57 25000 1
2121 517 515 i 57 25000 1
2122 515 516 i 57 25000 1
2123 516 515 i 57 25000 1
2124 516 519 i 57 100000 1
2125 519 516 i 57 100000 1
2126 516 518 i 57 100000 1
2127 518 516 i 57 100000 1
2128 517 521 i 57 100000 1
2129 521 517 i 57 100000 1
2130 517 520 i 57 100000 1
2131 520 517 i 57 100000 1
2132 522 524 i 58 100000 1
2133 524 522 i 58 100000 1
2134 522 523 i 58 100000 1
2135 523 522 i 58 100000 1
2136 523 526 i 58 25000 1
2137 526 523 i 58 25000 1
2138 523 525 i 58 25000 1
2139 525 523 i 58 25000 1
2140 524 526 i 58 25000 1
2141 526 524 i 58 25000 1
2142 524 525 i 58 25000 1
2143 525 524 i 58 25000 1
2144 525 528 i 58 100000 1
2145 528 525 i 58 100000 1
2146 525 527 i 58 100000 1
2147 527 525 i 58 100000 1
2148 526 530 i 58 100000 1
2149 530 526 i 58 100000 1
2150 526 529 i 58 100000 1
2151 529 526 i 58 100000 1
2152 531 533 i 59 100000 1
2153 533 531 i 59 100000 1
2154 531 532 i 59 100000 1
2155 532 531 i 59 100000 1
2156 532 535 i 59 25000 1
2157 535 532 i 59 25000 1
2158 532 534 i 59 25000 1
2159 534 532 i 59 25000 1
2160 533 535 i 59 25000 1
2161 535 533 i 59 25000 1
2162 533 534 i 59 25000 1
2163 534 533 i 59 25000 1
2164 534 537 i 59 100000 1
2165 537 534 i 59 100000 1
2166 534 536 i 59 100000 1
2167 536 534 i 59 100000 1
2168 535 539 i 59 100000 1
2169 539 535 i 59 100000 1
2170 535 538 i 59 100000 1
2171 538 535 i 59 100000 1
2172 540 542 i 60 100000 1
2173 542 540 i 60 100000 1
2174 540 541 i 60 100000 1
2175 541 540 i 60 100000 1
2176 541 544 i 60 25000 1
2177 544 541 i 60 25000 1
2178 541 543 i 60 25000 1
2179 543 541 i 60 25000 1
2180 542 544 i 60 25000 1
2181 544 542 i 60 25000 1
2182 542 543 i 60 25000 1
2183 543 542 i 60 25000 1
2184 543 546 i 60 100000 1
2185 546 543 i 60 100000 1
2186 543 545 i 60 100000 1
2187 545 543 i 60 100000 1
2188 544 548 i 60 100000 1
2189 548 544 i 60 100000 1
2190 544 547 i 60 100000 1
2191 547 544 i 60 100000 1
