25
0 1.09 0 0 0 0 0 0 0 0 0 0 0 0 0 0 0 0 0 0 0 0 0 0 0 0 
1 1.19 15991.7 3640.95 43.61 3.6 37.98 127.59 207.85 99.2 102.31 63.02 0.01 0.01 0.01 1.69 1969.74 11199.2 28160.6 44055.1 56118.8 63051.4 61156.8 57434.2 45652.5 30887.2 
2 0.91 0 0 0 0 0 0 0 0 0 0 0 0 0 0 0 0 0 0 0 0 0 0 0 0 
3 0.99 0 0 0 0 0 0 0 0 0 0 0 0 0 0 0 0 0 0 0 0 0 0 0 0 
4 1.15 0 0 0 0 0 0 0 0 0 0 0 0 0 0 0 0 0 0 0 0 0 0 0 0 
5 0.96 0 0 0 0 0 0 0 0 0 0 0 0 0 0 0 0 0 0 0 0 0 0 0 0 
6 0.92 0 0 0 0 0 0 0 0 0 0 0 0 0 0 0 0 0 0 0 0 0 0 0 0 
7 1.46 0 0 0 0 0 0 0 0 0 0 0 0 0 0 0 0 0 0 0 0 0 0 0 0 
8 1.38 9053.98 705.34 0 0 0 0 0 0 0 0 0 0 188.07 1551.66 10729.7 33021.8 55492.7 72539.5 83864.7 86058.9 82376.5 70535.6 51932.3 28545.2 
9 1.43 0 0 0 0 0 0 0 0 0 0 0 0 0 0 0 0 0 0 0 0 0 0 0 0 
10 1.38 0 0 0 0 0 0 0 0 0 0 0 66.6 1600.42 7141.02 24675.8 41434.6 62683.6 69872.1 67422.5 58865.8 44603.1 11091.6 1934.52 108.29 
11 1.2 0 0 0 0 0 0 0 0 0 0 0 0 0 0 0 0 0 0 0 0 0 0 0 0 
12 0.99 0 0 0 0 0 0 0 0 0 0 0 0 0 0 0 0 0 0 0 0 0 0 0 0 
13 1.31 0 0 0 0 0 0 0 0 0 0 0 0 0 0 0 0 0 0 0 0 0 0 0 0 
14 0.87 0 0 0 0 0 0 0 0 0 0 0 0 0 0 0 0 0 0 0 0 0 0 0 0 
15 1.23 2745.88 13.55 0.01 0.01 0.02 0.01 0.01 0.01 0.01 0.01 0.01 0.01 144.72 3831.79 17135 36435.7 55151.5 68313.3 76271.2 75400.4 68711.2 55278 34715.7 15176.3 
16 0.81 1476.33 32.01 0.02 0.03 0.03 0.03 0.04 0.04 0.04 0.05 0.04 0.04 12.38 1278.57 9609.25 26507.8 43382.9 57205.1 66213.7 65544.8 60572.6 48842.9 32558.4 12826 
17 1.41 0 0 0 0 0 0 0 0 0 0 0 454.85 6959.3 24036.1 46729.7 66007 78191.3 81720.1 79382.4 67623.2 52609 32978.5 11311.9 696.11 
18 1.43 4530.19 418.22 0.02 0.02 0.02 0.02 0.03 0.03 0.03 0.02 0.02 0.02 0.03 191.69 2955.05 9435.54 21863.5 34104.4 45476.9 49437.2 48984.5 43034.7 29914.7 14423.2 
19 1.14 0.01 0.01 0.01 0 0 0 0 0 0 0 0 731.93 9544.89 30893.3 53105 72000.2 84913.1 90646.6 86245.2 75217.9 58291.2 34374.4 11138.4 771.83 
20 1.44 0 0 0 0 0 0 0 0 0 0 0 0 0 0 0 0 0 0 0 0 0 0 0 0 
21 1.36 0 0 0 0 0 0 0 0 0 0 0 0 0 0 0 0 0 0 0 0 0 0 0 0 
22 1.17 0 0 0 0 0 0 0 0 0 0 0 0 0 0 0 0 0 0 0 0 0 0 0 0 
23 1.19 0 0 0 0 0 0 0 0 0 0 0 0 0 0 0 0 0 0 0 0 0 0 0 0 
24 1.38 0 0 0 0 0 0 0 0 0 0 0 0 0 0 0 0 0 0 0 0 0 0 0 0 
225 552
0 s 0 0.08 0.25
1 s 0 0.08 0.25
2 s 0 0.08 0.25
3 s 0 0.08 0.25
4 s 0 0.08 0.25
5 c 0 0.02415 0.0805 640 0.165
6 c 0 0.02415 0.0805 640 0.165
7 c 0 0.02415 0.0805 640 0.165
8 c 0 0.02415 0.0805 640 0.165
9 s 1 0.08 0.25
10 s 1 0.08 0.25
11 s 1 0.08 0.25
12 s 1 0.08 0.25
13 s 1 0.08 0.25
14 c 1 0.02415 0.0805 640 0.165
15 c 1 0.02415 0.0805 640 0.165
16 c 1 0.02415 0.0805 640 0.165
17 c 1 0.02415 0.0805 640 0.165
18 s 2 0.08 0.25
19 s 2 0.08 0.25
20 s 2 0.08 0.25
21 s 2 0.08 0.25
22 s 2 0.08 0.25
23 c 2 0.02415 0.0805 640 0.165
24 c 2 0.02415 0.0805 640 0.165
25 c 2 0.02415 0.0805 640 0.165
26 c 2 0.02415 0.0805 640 0.165
27 s 3 0.08 0.25
28 s 3 0.08 0.25
29 s 3 0.08 0.25
30 s 3 0.08 0.25
31 s 3 0.08 0.25
32 c 3 0.02415 0.0805 640 0.165
33 c 3 0.02415 0.0805 640 0.165
34 c 3 0.02415 0.0805 640 0.165
35 c 3 0.02415 0.0805 640 0.165
36 s 4 0.08 0.25
37 s 4 0.08 0.25
38 s 4 0.08 0.25
39 s 4 0.08 0.25
40 s 4 0.08 0.25
41 c 4 0.02415 0.0805 640 0.165
42 c 4 0.02415 0.0805 640 0.165
43 c 4 0.02415 0.0805 640 0.165
44 c 4 0.02415 0.0805 640 0.165
45 s 5 0.08 0.25
46 s 5 0.08 0.25
47 s 5 0.08 0.25
48 s 5 0.08 0.25
49 s 5 0.08 0.25
50 c 5 0.02415 0.0805 640 0.165
51 c 5 0.02415 0.0805 640 0.165
52 c 5 0.02415 0.0805 640 0.165
53 c 5 0.02415 0.0805 640 0.165
54 s 6 0.08 0.25
55 s 6 0.08 0.25
56 s 6 0.08 0.25
57 s 6 0.08 0.25
58 s 6 0.08 0.25
59 c 6 0.02415 0.0805 640 0.165
60 c 6 0.02415 0.0805 640 0.165
61 c 6 0.02415 0.0805 640 0.165
62 c 6 0.02415 0.0805 640 0.165
63 s 7 0.08 0.25
64 s 7 0.08 0.25
65 s 7 0.08 0.25
66 s 7 0.08 0.25
67 s 7 0.08 0.25
68 c 7 0.02415 0.0805 640 0.165
69 c 7 0.02415 0.0805 640 0.165
70 c 7 0.02415 0.0805 640 0.165
71 c 7 0.02415 0.0805 640 0.165
72 s 8 0.08 0.25
73 s 8 0.08 0.25
74 s 8 0.08 0.25
75 s 8 0.08 0.25
76 s 8 0.08 0.25
77 c 8 0.02415 0.0805 640 0.165
78 c 8 0.02415 0.0805 640 0.165
79 c 8 0.02415 0.0805 640 0.165
80 c 8 0.02415 0.0805 640 0.165
81 s 9 0.08 0.25
82 s 9 0.08 0.25
83 s 9 0.08 0.25
84 s 9 0.08 0.25
85 s 9 0.08 0.25
86 c 9 0.02415 0.0805 640 0.165
87 c 9 0.02415 0.0805 640 0.165
88 c 9 0.02415 0.0805 640 0.165
89 c 9 0.02415 0.0805 640 0.165
90 s 10 0.08 0.25
91 s 10 0.08 0.25
92 s 10 0.08 0.25
93 s 10 0.08 0.25
94 s 10 0.08 0.25
95 c 10 0.02415 0.0805 640 0.165
96 c 10 0.02415 0.0805 640 0.165
97 c 10 0.02415 0.0805 640 0.165
98 c 10 0.02415 0.0805 640 0.165
99 s 11 0.08 0.25
100 s 11 0.08 0.25
101 s 11 0.08 0.25
102 s 11 0.08 0.25
103 s 11 0.08 0.25
104 c 11 0.02415 0.0805 640 0.165
105 c 11 0.02415 0.0805 640 0.165
106 c 11 0.02415 0.0805 640 0.165
107 c 11 0.02415 0.0805 640 0.165
108 s 12 0.08 0.25
109 s 12 0.08 0.25
110 s 12 0.08 0.25
111 s 12 0.08 0.25
112 s 12 0.08 0.25
113 c 12 0.02415 0.0805 640 0.165
114 c 12 0.02415 0.0805 640 0.165
115 c 12 0.02415 0.0805 640 0.165
116 c 12 0.02415 0.0805 640 0.165
117 s 13 0.08 0.25
118 s 13 0.08 0.25
119 s 13 0.08 0.25
120 s 13 0.08 0.25
121 s 13 0.08 0.25
122 c 13 0.02415 0.0805 640 0.165
123 c 13 0.02415 0.0805 640 0.165
124 c 13 0.02415 0.0805 640 0.165
125 c 13 0.02415 0.0805 640 0.165
126 s 14 0.08 0.25
127 s 14 0.08 0.25
128 s 14 0.08 0.25
129 s 14 0.08 0.25
130 s 14 0.08 0.25
131 c 14 0.02415 0.0805 640 0.165
132 c 14 0.02415 0.0805 640 0.165
133 c 14 0.02415 0.0805 640 0.165
134 c 14 0.02415 0.0805 640 0.165
135 s 15 0.08 0.25
136 s 15 0.08 0.25
137 s 15 0.08 0.25
138 s 15 0.08 0.25
139 s 15 0.08 0.25
140 c 15 0.02415 0.0805 640 0.165
141 c 15 0.02415 0.0805 640 0.165
142 c 15 0.02415 0.0805 640 0.165
143 c 15 0.02415 0.0805 640 0.165
144 s 16 0.08 0.25
145 s 16 0.08 0.25
146 s 16 0.08 0.25
147 s 16 0.08 0.25
148 s 16 0.08 0.25
149 c 16 0.02415 0.0805 640 0.165
150 c 16 0.02415 0.0805 640 0.165
151 c 16 0.02415 0.0805 640 0.165
152 c 16 0.02415 0.0805 640 0.165
153 s 17 0.08 0.25
154 s 17 0.08 0.25
155 s 17 0.08 0.25
156 s 17 0.08 0.25
157 s 17 0.08 0.25
158 c 17 0.02415 0.0805 640 0.165
159 c 17 0.02415 0.0805 640 0.165
160 c 17 0.02415 0.0805 640 0.165
161 c 17 0.02415 0.0805 640 0.165
162 s 18 0.08 0.25
163 s 18 0.08 0.25
164 s 18 0.08 0.25
165 s 18 0.08 0.25
166 s 18 0.08 0.25
167 c 18 0.02415 0.0805 640 0.165
168 c 18 0.02415 0.0805 640 0.165
169 c 18 0.02415 0.0805 640 0.165
170 c 18 0.02415 0.0805 640 0.165
171 s 19 0.08 0.25
172 s 19 0.08 0.25
173 s 19 0.08 0.25
174 s 19 0.08 0.25
175 s 19 0.08 0.25
176 c 19 0.02415 0.0805 640 0.165
177 c 19 0.02415 0.0805 640 0.165
178 c 19 0.02415 0.0805 640 0.165
179 c 19 0.02415 0.0805 640 0.165
180 s 20 0.08 0.25
181 s 20 0.08 0.25
182 s 20 0.08 0.25
183 s 20 0.08 0.25
184 s 20 0.08 0.25
185 c 20 0.02415 0.0805 640 0.165
186 c 20 0.02415 0.0805 640 0.165
187 c 20 0.02415 0.0805 640 0.165
188 c 20 0.02415 0.0805 640 0.165
189 s 21 0.08 0.25
190 s 21 0.08 0.25
191 s 21 0.08 0.25
192 s 21 0.08 0.25
193 s 21 0.08 0.25
194 c 21 0.02415 0.0805 640 0.165
195 c 21 0.02415 0.0805 640 0.165
196 c 21 0.02415 0.0805 640 0.165
197 c 21 0.02415 0.0805 640 0.165
198 s 22 0.08 0.25
199 s 22 0.08 0.25
200 s 22 0.08 0.25
201 s 22 0.08 0.25
202 s 22 0.08 0.25
203 c 22 0.02415 0.0805 640 0.165
204 c 22 0.02415 0.0805 640 0.165
205 c 22 0.02415 0.0805 640 0.165
206 c 22 0.02415 0.0805 640 0.165
207 s 23 0.08 0.25
208 s 23 0.08 0.25
209 s 23 0.08 0.25
210 s 23 0.08 0.25
211 s 23 0.08 0.25
212 c 23 0.02415 0.0805 640 0.165
213 c 23 0.02415 0.0805 640 0.165
214 c 23 0.02415 0.0805 640 0.165
215 c 23 0.02415 0.0805 640 0.165
216 s 24 0.08 0.25
217 s 24 0.08 0.25
218 s 24 0.08 0.25
219 s 24 0.08 0.25
220 s 24 0.08 0.25
221 c 24 0.02415 0.0805 640 0.165
222 c 24 0.02415 0.0805 640 0.165
223 c 24 0.02415 0.0805 640 0.165
224 c 24 0.02415 0.0805 640 0.165
0 0 36 b -1 100000 0
1 36 0 b -1 100000 0
2 0 27 b -1 100000 2
3 27 0 b -1 100000 2
4 0 18 b -1 100000 2
5 18 0 b -1 100000 2
6 0 9 b -1 100000 0
7 9 0 b -1 100000 0
8 18 153 b -1 100000 1
9 153 18 b -1 100000 1
10 18 135 b -1 100000 2
11 135 18 b -1 100000 2
12 18 126 b -1 100000 0
13 126 18 b -1 100000 0
14 18 117 b -1 100000 1
15 117 18 b -1 100000 1
16 18 108 b -1 100000 2
17 108 18 b -1 100000 2
18 18 72 b -1 100000 1
19 72 18 b -1 100000 1
20 18 90 b -1 100000 1
21 90 18 b -1 100000 1
22 18 63 b -1 100000 1
23 63 18 b -1 100000 1
24 18 144 b -1 100000 2
25 144 18 b -1 100000 2
26 18 45 b -1 100000 9
27 45 18 b -1 100000 9
28 27 144 b -1 100000 2
29 144 27 b -1 100000 2
30 27 198 b -1 100000 1
31 198 27 b -1 100000 1
32 27 81 b -1 100000 2
33 81 27 b -1 100000 2
34 36 54 b -1 100000 0
35 54 36 b -1 100000 0
36 63 72 b -1 100000 0
37 72 63 b -1 100000 0
38 72 99 b -1 100000 2
39 99 72 b -1 100000 2
40 117 171 b -1 100000 1
41 171 117 b -1 100000 1
42 135 216 b -1 100000 1
43 216 135 b -1 100000 1
44 144 207 b -1 100000 3
45 207 144 b -1 100000 3
46 144 189 b -1 100000 5
47 189 144 b -1 100000 5
48 144 162 b -1 100000 2
49 162 144 b -1 100000 2
50 180 189 b -1 100000 2
51 189 180 b -1 100000 2
52 0 2 i 0 100000 1
53 2 0 i 0 100000 1
54 0 1 i 0 100000 1
55 1 0 i 0 100000 1
56 1 4 i 0 25000 1
57 4 1 i 0 25000 1
58 1 3 i 0 25000 1
59 3 1 i 0 25000 1
60 2 4 i 0 25000 1
61 4 2 i 0 25000 1
62 2 3 i 0 25000 1
63 3 2 i 0 25000 1
64 3 6 i 0 100000 1
65 6 3 i 0 100000 1
66 3 5 i 0 100000 1
67 5 3 i 0 100000 1
68 4 8 i 0 100000 1
69 8 4 i 0 100000 1
70 4 7 i 0 100000 1
71 7 4 i 0 100000 1
72 9 11 i 1 100000 1
73 11 9 i 1 100000 1
74 9 10 i 1 100000 1
75 10 9 i 1 100000 1
76 10 13 i 1 25000 1
77 13 10 i 1 25000 1
78 10 12 i 1 25000 1
79 12 10 i 1 25000 1
80 11 13 i 1 25000 1
81 13 11 i 1 25000 1
82 11 12 i 1 25000 1
83 12 11 i 1 25000 1
84 12 15 i 1 100000 1
85 15 12 i 1 100000 1
86 12 14 i 1 100000 1
87 14 12 i 1 100000 1
88 13 17 i 1 100000 1
89 17 13 i 1 100000 1
90 13 16 i 1 100000 1
91 16 13 i 1 100000 1
92 18 20 i 2 100000 1
93 20 18 i 2 100000 1
94 18 19 i 2 100000 1
95 19 18 i 2 100000 1
96 19 22 i 2 25000 1
97 22 19 i 2 25000 1
98 19 21 i 2 25000 1
99 21 19 i 2 25000 1
100 20 22 i 2 25000 1
101 22 20 i 2 25000 1
102 20 21 i 2 25000 1
103 21 20 i 2 25000 1
104 21 24 i 2 100000 1
105 24 21 i 2 100000 1
106 21 23 i 2 100000 1
107 23 21 i 2 100000 1
108 22 26 i 2 100000 1
109 26 22 i 2 100000 1
110 22 25 i 2 100000 1
111 25 22 i 2 100000 1
112 27 29 i 3 100000 1
113 29 27 i 3 100000 1
114 27 28 i 3 100000 1
115 28 27 i 3 100000 1
116 28 31 i 3 25000 1
117 31 28 i 3 25000 1
118 28 30 i 3 25000 1
119 30 28 i 3 25000 1
120 29 31 i 3 25000 1
121 31 29 i 3 25000 1
122 29 30 i 3 25000 1
123 30 29 i 3 25000 1
124 30 33 i 3 100000 1
125 33 30 i 3 100000 1
126 30 32 i 3 100000 1
127 32 30 i 3 100000 1
128 31 35 i 3 100000 1
129 35 31 i 3 100000 1
130 31 34 i 3 100000 1
131 34 31 i 3 100000 1
132 36 38 i 4 100000 1
133 38 36 i 4 100000 1
134 36 37 i 4 100000 1
135 37 36 i 4 100000 1
136 37 40 i 4 25000 1
137 40 37 i 4 25000 1
138 37 39 i 4 25000 1
139 39 37 i 4 25000 1
140 38 40 i 4 25000 1
141 40 38 i 4 25000 1
142 38 39 i 4 25000 1
143 39 38 i 4 25000 1
144 39 42 i 4 100000 1
145 42 39 i 4 100000 1
146 39 41 i 4 100000 1
147 41 39 i 4 100000 1
148 40 44 i 4 100000 1
149 44 40 i 4 100000 1
150 40 43 i 4 100000 1
151 43 40 i 4 100000 1
152 45 47 i 5 100000 1
153 47 45 i 5 100000 1
154 45 46 i 5 100000 1
155 46 45 i 5 100000 1
156 46 49 i 5 25000 1
157 49 46 i 5 25000 1
158 46 48 i 5 25000 1
159 48 46 i 5 25000 1
160 47 49 i 5 25000 1
161 49 47 i 5 25000 1
162 47 48 i 5 25000 1
163 48 47 i 5 25000 1
164 48 51 i 5 100000 1
165 51 48 i 5 100000 1
166 48 50 i 5 100000 1
167 50 48 i 5 100000 1
168 49 53 i 5 100000 1
169 53 49 i 5 100000 1
170 49 52 i 5 100000 1
171 52 49 i 5 100000 1
172 54 56 i 6 100000 1
173 56 54 i 6 100000 1
174 54 55 i 6 100000 1
175 55 54 i 6 100000 1
176 55 58 i 6 25000 1
177 58 55 i 6 25000 1
178 55 57 i 6 25000 1
179 57 55 i 6 25000 1
180 56 58 i 6 25000 1
181 58 56 i 6 25000 1
182 56 57 i 6 25000 1
183 57 56 i 6 25000 1
184 57 60 i 6 100000 1
185 60 57 i 6 100000 1
186 57 59 i 6 100000 1
187 59 57 i 6 100000 1
188 58 62 i 6 100000 1
189 62 58 i 6 100000 1
190 58 61 i 6 100000 1
191 61 58 i 6 100000 1
192 63 65 i 7 100000 1
193 65 63 i 7 100000 1
194 63 64 i 7 100000 1
195 64 63 i 7 100000 1
196 64 67 i 7 25000 1
197 67 64 i 7 25000 1
198 64 66 i 7 25000 1
199 66 64 i 7 25000 1
200 65 67 i 7 25000 1
201 67 65 i 7 25000 1
202 65 66 i 7 25000 1
203 66 65 i 7 25000 1
204 66 69 i 7 100000 1
205 69 66 i 7 100000 1
206 66 68 i 7 100000 1
207 68 66 i 7 100000 1
208 67 71 i 7 100000 1
209 71 67 i 7 100000 1
210 67 70 i 7 100000 1
211 70 67 i 7 100000 1
212 72 74 i 8 100000 1
213 74 72 i 8 100000 1
214 72 73 i 8 100000 1
215 73 72 i 8 100000 1
216 73 76 i 8 25000 1
217 76 73 i 8 25000 1
218 73 75 i 8 25000 1
219 75 73 i 8 25000 1
220 74 76 i 8 25000 1
221 76 74 i 8 25000 1
222 74 75 i 8 25000 1
223 75 74 i 8 25000 1
224 75 78 i 8 100000 1
225 78 75 i 8 100000 1
226 75 77 i 8 100000 1
227 77 75 i 8 100000 1
228 76 80 i 8 100000 1
229 80 76 i 8 100000 1
230 76 79 i 8 100000 1
231 79 76 i 8 100000 1
232 81 83 i 9 100000 1
233 83 81 i 9 100000 1
234 81 82 i 9 100000 1
235 82 81 i 9 100000 1
236 82 85 i 9 25000 1
237 85 82 i 9 25000 1
238 82 84 i 9 25000 1
239 84 82 i 9 25000 1
240 83 85 i 9 25000 1
241 85 83 i 9 25000 1
242 83 84 i 9 25000 1
243 84 83 i 9 25000 1
244 84 87 i 9 100000 1
245 87 84 i 9 100000 1
246 84 86 i 9 100000 1
247 86 84 i 9 100000 1
248 85 89 i 9 100000 1
249 89 85 i 9 100000 1
250 85 88 i 9 100000 1
251 88 85 i 9 100000 1
252 90 92 i 10 100000 1
253 92 90 i 10 100000 1
254 90 91 i 10 100000 1
255 91 90 i 10 100000 1
256 91 94 i 10 25000 1
257 94 91 i 10 25000 1
258 91 93 i 10 25000 1
259 93 91 i 10 25000 1
260 92 94 i 10 25000 1
261 94 92 i 10 25000 1
262 92 93 i 10 25000 1
263 93 92 i 10 25000 1
264 93 96 i 10 100000 1
265 96 93 i 10 100000 1
266 93 95 i 10 100000 1
267 95 93 i 10 100000 1
268 94 98 i 10 100000 1
269 98 94 i 10 100000 1
270 94 97 i 10 100000 1
271 97 94 i 10 100000 1
272 99 101 i 11 100000 1
273 101 99 i 11 100000 1
274 99 100 i 11 100000 1
275 100 99 i 11 100000 1
276 100 103 i 11 25000 1
277 103 100 i 11 25000 1
278 100 102 i 11 25000 1
279 102 100 i 11 25000 1
280 101 103 i 11 25000 1
281 103 101 i 11 25000 1
282 101 102 i 11 25000 1
283 102 101 i 11 25000 1
284 102 105 i 11 100000 1
285 105 102 i 11 100000 1
286 102 104 i 11 100000 1
287 104 102 i 11 100000 1
288 103 107 i 11 100000 1
289 107 103 i 11 100000 1
290 103 106 i 11 100000 1
291 106 103 i 11 100000 1
292 108 110 i 12 100000 1
293 110 108 i 12 100000 1
294 108 109 i 12 100000 1
295 109 108 i 12 100000 1
296 109 112 i 12 25000 1
297 112 109 i 12 25000 1
298 109 111 i 12 25000 1
299 111 109 i 12 25000 1
300 110 112 i 12 25000 1
301 112 110 i 12 25000 1
302 110 111 i 12 25000 1
303 111 110 i 12 25000 1
304 111 114 i 12 100000 1
305 114 111 i 12 100000 1
306 111 113 i 12 100000 1
307 113 111 i 12 100000 1
308 112 116 i 12 100000 1
309 116 112 i 12 100000 1
310 112 115 i 12 100000 1
311 115 112 i 12 100000 1
312 117 119 i 13 100000 1
313 119 117 i 13 100000 1
314 117 118 i 13 100000 1
315 118 117 i 13 100000 1
316 118 121 i 13 25000 1
317 121 118 i 13 25000 1
318 118 120 i 13 25000 1
319 120 118 i 13 25000 1
320 119 121 i 13 25000 1
321 121 119 i 13 25000 1
322 119 120 i 13 25000 1
323 120 119 i 13 25000 1
324 120 123 i 13 100000 1
325 123 120 i 13 100000 1
326 120 122 i 13 100000 1
327 122 120 i 13 100000 1
328 121 125 i 13 100000 1
329 125 121 i 13 100000 1
330 121 124 i 13 100000 1
331 124 121 i 13 100000 1
332 126 128 i 14 100000 1
333 128 126 i 14 100000 1
334 126 127 i 14 100000 1
335 127 126 i 14 100000 1
336 127 130 i 14 25000 1
337 130 127 i 14 25000 1
338 127 129 i 14 25000 1
339 129 127 i 14 25000 1
340 128 130 i 14 25000 1
341 130 128 i 14 25000 1
342 128 129 i 14 25000 1
343 129 128 i 14 25000 1
344 129 132 i 14 100000 1
345 132 129 i 14 100000 1
346 129 131 i 14 100000 1
347 131 129 i 14 100000 1
348 130 134 i 14 100000 1
349 134 130 i 14 100000 1
350 130 133 i 14 100000 1
351 133 130 i 14 100000 1
352 135 137 i 15 100000 1
353 137 135 i 15 100000 1
354 135 136 i 15 100000 1
355 136 135 i 15 100000 1
356 136 139 i 15 25000 1
357 139 136 i 15 25000 1
358 136 138 i 15 25000 1
359 138 136 i 15 25000 1
360 137 139 i 15 25000 1
361 139 137 i 15 25000 1
362 137 138 i 15 25000 1
363 138 137 i 15 25000 1
364 138 141 i 15 100000 1
365 141 138 i 15 100000 1
366 138 140 i 15 100000 1
367 140 138 i 15 100000 1
368 139 143 i 15 100000 1
369 143 139 i 15 100000 1
370 139 142 i 15 100000 1
371 142 139 i 15 100000 1
372 144 146 i 16 100000 1
373 146 144 i 16 100000 1
374 144 145 i 16 100000 1
375 145 144 i 16 100000 1
376 145 148 i 16 25000 1
377 148 145 i 16 25000 1
378 145 147 i 16 25000 1
379 147 145 i 16 25000 1
380 146 148 i 16 25000 1
381 148 146 i 16 25000 1
382 146 147 i 16 25000 1
383 147 146 i 16 25000 1
384 147 150 i 16 100000 1
385 150 147 i 16 100000 1
386 147 149 i 16 100000 1
387 149 147 i 16 100000 1
388 148 152 i 16 100000 1
389 152 148 i 16 100000 1
390 148 151 i 16 100000 1
391 151 148 i 16 100000 1
392 153 155 i 17 100000 1
393 155 153 i 17 100000 1
394 153 154 i 17 100000 1
395 154 153 i 17 100000 1
396 154 157 i 17 25000 1
397 157 154 i 17 25000 1
398 154 156 i 17 25000 1
399 156 154 i 17 25000 1
400 155 157 i 17 25000 1
401 157 155 i 17 25000 1
402 155 156 i 17 25000 1
403 156 155 i 17 25000 1
404 156 159 i 17 100000 1
405 159 156 i 17 100000 1
406 156 158 i 17 100000 1
407 158 156 i 17 100000 1
408 157 161 i 17 100000 1
409 161 157 i 17 100000 1
410 157 160 i 17 100000 1
411 160 157 i 17 100000 1
412 162 164 i 18 100000 1
413 164 162 i 18 100000 1
414 162 163 i 18 100000 1
415 163 162 i 18 100000 1
416 163 166 i 18 25000 1
417 166 163 i 18 25000 1
418 163 165 i 18 25000 1
419 165 163 i 18 25000 1
420 164 166 i 18 25000 1
421 166 164 i 18 25000 1
422 164 165 i 18 25000 1
423 165 164 i 18 25000 1
424 165 168 i 18 100000 1
425 168 165 i 18 100000 1
426 165 167 i 18 100000 1
427 167 165 i 18 100000 1
428 166 170 i 18 100000 1
429 170 166 i 18 100000 1
430 166 169 i 18 100000 1
431 169 166 i 18 100000 1
432 171 173 i 19 100000 1
433 173 171 i 19 100000 1
434 171 172 i 19 100000 1
435 172 171 i 19 100000 1
436 172 175 i 19 25000 1
437 175 172 i 19 25000 1
438 172 174 i 19 25000 1
439 174 172 i 19 25000 1
440 173 175 i 19 25000 1
441 175 173 i 19 25000 1
442 173 174 i 19 25000 1
443 174 173 i 19 25000 1
444 174 177 i 19 100000 1
445 177 174 i 19 100000 1
446 174 176 i 19 100000 1
447 176 174 i 19 100000 1
448 175 179 i 19 100000 1
449 179 175 i 19 100000 1
450 175 178 i 19 100000 1
451 178 175 i 19 100000 1
452 180 182 i 20 100000 1
453 182 180 i 20 100000 1
454 180 181 i 20 100000 1
455 181 180 i 20 100000 1
456 181 184 i 20 25000 1
457 184 181 i 20 25000 1
458 181 183 i 20 25000 1
459 183 181 i 20 25000 1
460 182 184 i 20 25000 1
461 184 182 i 20 25000 1
462 182 183 i 20 25000 1
463 183 182 i 20 25000 1
464 183 186 i 20 100000 1
465 186 183 i 20 100000 1
466 183 185 i 20 100000 1
467 185 183 i 20 100000 1
468 184 188 i 20 100000 1
469 188 184 i 20 100000 1
470 184 187 i 20 100000 1
471 187 184 i 20 100000 1
472 189 191 i 21 100000 1
473 191 189 i 21 100000 1
474 189 190 i 21 100000 1
475 190 189 i 21 100000 1
476 190 193 i 21 25000 1
477 193 190 i 21 25000 1
478 190 192 i 21 25000 1
479 192 190 i 21 25000 1
480 191 193 i 21 25000 1
481 193 191 i 21 25000 1
482 191 192 i 21 25000 1
483 192 191 i 21 25000 1
484 192 195 i 21 100000 1
485 195 192 i 21 100000 1
486 192 194 i 21 100000 1
487 194 192 i 21 100000 1
488 193 197 i 21 100000 1
489 197 193 i 21 100000 1
490 193 196 i 21 100000 1
491 196 193 i 21 100000 1
492 198 200 i 22 100000 1
493 200 198 i 22 100000 1
494 198 199 i 22 100000 1
495 199 198 i 22 100000 1
496 199 202 i 22 25000 1
497 202 199 i 22 25000 1
498 199 201 i 22 25000 1
499 201 199 i 22 25000 1
500 200 202 i 22 25000 1
501 202 200 i 22 25000 1
502 200 201 i 22 25000 1
503 201 200 i 22 25000 1
504 201 204 i 22 100000 1
505 204 201 i 22 100000 1
506 201 203 i 22 100000 1
507 203 201 i 22 100000 1
508 202 206 i 22 100000 1
509 206 202 i 22 100000 1
510 202 205 i 22 100000 1
511 205 202 i 22 100000 1
512 207 209 i 23 100000 1
513 209 207 i 23 100000 1
514 207 208 i 23 100000 1
515 208 207 i 23 100000 1
516 208 211 i 23 25000 1
517 211 208 i 23 25000 1
518 208 210 i 23 25000 1
519 210 208 i 23 25000 1
520 209 211 i 23 25000 1
521 211 209 i 23 25000 1
522 209 210 i 23 25000 1
523 210 209 i 23 25000 1
524 210 213 i 23 100000 1
525 213 210 i 23 100000 1
526 210 212 i 23 100000 1
527 212 210 i 23 100000 1
528 211 215 i 23 100000 1
529 215 211 i 23 100000 1
530 211 214 i 23 100000 1
531 214 211 i 23 100000 1
532 216 218 i 24 100000 1
533 218 216 i 24 100000 1
534 216 217 i 24 100000 1
535 217 216 i 24 100000 1
536 217 220 i 24 25000 1
537 220 217 i 24 25000 1
538 217 219 i 24 25000 1
539 219 217 i 24 25000 1
540 218 220 i 24 25000 1
541 220 218 i 24 25000 1
542 218 219 i 24 25000 1
543 219 218 i 24 25000 1
544 219 222 i 24 100000 1
545 222 219 i 24 100000 1
546 219 221 i 24 100000 1
547 221 219 i 24 100000 1
548 220 224 i 24 100000 1
549 224 220 i 24 100000 1
550 220 223 i 24 100000 1
551 223 220 i 24 100000 1
