254
31
9
0 6 5 1 4 1 5 0 3 27 12
1 23 4 2 3 1 0 5 11 44
2 2 16 1 4 0 1 2 5 116 29
3 2 23 3 6 1 3 4 2 0 5 22 90
4 2 4 4 5 4 2 0 1 5 93 42
5 8 23 1 3 4 1 2 31 77
6 8 2 1 3 0 4 5 27 65
7 3 11 2 4 2 5 4 3 28 24
8 3 11 2 3 4 1 5 37 61
7
9 20 7 2 6 4 0 1 3 2 5 51 29
10 23 7 5 3 0 1 5 30 12
11 9 14 1 6 0 5 4 3 1 2 61 28
12 17 5 2 3 3 4 5 35 29
13 11 16 2 3 1 2 4 28 87
14 2 11 1 3 1 2 3 25 78
15 0 16 5 5 4 0 2 1 5 68 82
13
16 3 14 2 4 1 4 0 3 17 78
17 20 16 1 6 0 1 2 4 5 3 32 39
18 8 7 1 4 5 1 3 4 82 44
19 6 14 3 3 2 3 5 70 50
20 3 7 1 5 5 1 3 2 4 21 79
21 14 2 4 4 3 0 1 4 20 17
22 20 21 4 3 3 0 4 23 60
23 6 15 1 6 0 1 3 4 5 2 54 69
24 0 14 2 4 0 2 4 3 30 74
25 5 14 4 4 5 3 0 2 60 64
26 2 15 3 3 1 4 3 51 37
27 9 0 2 5 2 1 5 3 0 34 66
28 17 4 2 3 0 4 2 35 67
13
29 11 16 2 3 1 4 0 35 30
30 3 2 1 3 1 5 4 48 63
31 9 15 4 4 0 4 1 2 34 74
32 5 4 3 3 2 5 0 36 33
33 0 12 1 5 0 3 4 5 1 34 89
34 11 12 3 3 2 0 5 43 29
35 6 15 2 6 1 2 5 3 0 4 17 65
36 5 4 3 4 3 2 1 0 52 70
37 9 4 4 6 5 2 4 0 3 1 49 49
38 2 7 2 3 4 5 2 27 44
39 17 14 5 3 2 0 1 32 82
40 17 14 4 3 5 0 2 42 25
41 14 12 3 4 4 3 5 1 41 75
11
42 14 12 5 3 5 0 2 36 23
43 0 12 1 6 1 0 5 4 3 2 16 20
44 6 23 2 5 0 5 2 1 3 72 71
45 2 5 1 6 3 1 4 2 0 5 14 11
46 3 15 3 4 2 1 4 5 57 31
47 11 15 1 3 5 0 4 36 19
48 14 23 2 4 1 5 4 3 45 35
49 8 21 2 3 3 1 5 42 44
50 17 15 5 3 1 5 0 27 92
51 8 2 2 6 4 2 5 3 1 0 76 13
52 14 23 3 3 4 2 5 18 21
13
53 2 7 4 3 2 0 5 13 46
54 3 15 2 6 1 0 4 3 2 5 32 18
55 14 5 4 6 2 1 3 4 5 0 97 54
56 9 14 2 6 1 3 4 5 2 0 30 22
57 8 15 1 5 3 4 2 0 1 38 65
58 17 14 1 5 1 2 5 0 4 67 82
59 14 4 1 6 2 4 5 0 3 1 19 32
60 3 14 4 5 2 4 0 3 1 30 84
61 6 12 8 3 0 2 4 23 19
62 3 7 4 3 4 5 1 94 15
63 5 16 2 5 2 0 1 3 4 28 98
64 11 5 3 3 3 5 0 83 72
65 3 14 3 6 4 5 2 0 1 3 23 22
12
66 17 11 1 3 0 4 5 34 37
67 20 11 1 3 3 2 0 28 36
68 23 7 5 3 2 0 3 19 24
69 20 16 7 4 4 3 0 5 19 90
70 17 15 1 4 2 4 1 0 17 99
71 14 21 4 4 5 4 1 2 16 26
72 3 11 4 5 2 4 3 0 1 12 89
73 3 16 3 6 4 1 3 5 0 2 69 97
74 8 14 2 3 2 3 4 49 79
75 3 16 2 3 3 2 1 63 54
76 8 12 2 6 0 3 2 4 1 5 61 62
77 11 5 3 4 5 1 0 3 47 59
5
78 9 11 3 6 5 3 4 1 0 2 11 25
79 23 12 2 6 1 3 0 4 5 2 40 49
80 17 16 3 3 3 1 2 19 20
81 5 0 3 3 2 5 1 43 72
82 0 5 2 6 5 1 3 0 4 2 57 96
11
83 8 12 1 6 4 5 0 2 1 3 22 92
84 9 0 2 4 5 4 3 1 43 36
85 11 16 4 5 2 1 5 0 3 18 37
86 6 14 1 5 5 1 3 2 4 13 67
87 23 15 3 3 3 2 5 70 64
88 8 4 4 4 5 4 3 0 42 63
89 11 2 6 3 2 5 3 11 44
90 23 11 1 3 1 5 2 46 25
91 6 11 1 6 2 5 3 4 1 0 49 15
92 14 7 6 3 1 3 2 29 62
93 14 0 2 5 5 0 4 1 3 17 29
8
94 9 15 4 6 3 2 0 5 4 1 33 55
95 5 16 2 4 2 1 5 0 26 64
96 20 2 1 4 4 5 2 1 36 19
97 9 4 2 6 3 2 4 0 5 1 19 29
98 11 0 2 4 2 4 1 0 24 71
99 0 2 1 5 2 3 5 1 0 67 39
100 14 15 3 6 3 2 0 1 4 5 25 35
101 8 15 2 3 4 5 1 94 50
10
102 8 11 2 5 5 4 3 1 0 33 83
103 9 21 1 5 0 3 1 5 2 39 73
104 6 21 2 3 5 1 2 18 58
105 8 21 1 6 0 5 3 2 1 4 46 83
106 14 0 3 5 1 4 5 3 2 40 70
107 9 5 3 4 1 5 4 3 77 83
108 2 4 1 6 1 3 4 0 5 2 97 36
109 5 4 2 5 5 3 0 1 4 40 15
110 8 23 4 5 3 2 5 1 4 43 100
111 9 12 6 3 5 0 2 26 23
13
112 3 12 1 4 4 5 0 2 30 40
113 5 23 4 3 3 1 0 55 78
114 20 23 1 4 1 3 5 2 48 25
115 2 21 1 4 5 3 4 2 43 52
116 20 14 3 3 5 2 0 71 31
117 2 12 4 6 3 0 2 1 5 4 20 63
118 6 5 1 4 4 3 2 5 28 44
119 20 14 2 6 4 2 5 3 1 0 42 91
120 11 2 1 6 3 0 4 1 5 2 10 36
121 20 7 2 6 1 2 5 4 3 0 50 93
122 23 14 2 3 0 2 1 11 33
123 6 16 7 6 1 0 5 2 3 4 29 91
124 8 11 6 4 0 4 2 5 18 63
11
125 8 15 1 3 5 0 2 66 42
126 17 12 2 5 4 0 3 1 5 39 42
127 8 11 3 6 2 4 5 3 0 1 29 86
128 6 16 2 6 3 0 4 5 1 2 17 63
129 5 15 5 6 4 0 1 3 5 2 22 55
130 3 12 2 4 1 2 4 3 36 50
131 5 16 2 4 3 4 2 1 13 50
132 3 2 2 5 1 4 3 5 2 106 61
133 2 4 2 5 2 3 5 1 0 36 75
134 17 12 2 6 0 2 5 3 4 1 13 45
135 14 11 2 6 2 3 1 5 4 0 94 18
13
136 8 15 2 3 5 0 2 66 42
137 2 21 1 3 2 3 1 65 36
138 9 14 2 4 5 2 3 0 50 97
139 3 16 1 6 4 1 3 5 0 2 69 97
140 14 5 1 6 0 2 3 5 1 4 53 73
141 6 4 1 6 5 0 4 2 1 3 26 79
142 9 16 1 4 5 4 2 1 34 14
143 17 2 1 6 3 4 0 1 5 2 17 15
144 8 5 2 4 3 4 2 5 36 23
145 5 15 1 6 3 0 2 4 1 5 30 84
146 6 11 1 6 2 5 3 4 1 0 49 15
147 9 21 1 3 5 3 0 31 76
148 14 21 1 6 1 4 0 3 5 2 44 40
9
149 9 7 1 5 1 0 5 2 3 11 44
150 8 4 3 5 4 3 0 5 1 79 28
151 6 15 1 4 2 0 4 5 21 98
152 0 7 1 3 4 5 3 76 46
153 0 4 2 4 0 1 2 3 17 39
154 9 2 3 3 3 5 0 22 55
155 17 16 3 4 3 5 4 2 32 52
156 6 12 14 6 4 3 1 0 5 2 40 62
157 9 21 3 4 3 2 1 4 19 84
12
158 3 0 2 4 0 1 2 4 24 25
159 5 12 1 6 3 4 5 1 2 0 62 27
160 11 23 3 3 4 3 2 30 97
161 8 23 2 3 0 3 1 39 14
162 6 14 2 3 5 4 1 34 91
163 17 5 3 6 2 1 5 4 3 0 44 13
164 20 16 1 5 3 2 1 4 0 34 83
165 8 16 3 6 2 0 4 3 1 5 16 28
166 14 12 2 4 2 5 4 1 61 36
167 8 21 2 4 4 1 3 5 45 86
168 23 16 5 5 4 1 0 5 2 41 73
169 0 16 2 3 0 3 2 47 24
5
170 20 7 1 6 1 3 0 4 5 2 24 86
171 17 23 4 6 0 5 1 2 4 3 43 43
172 0 12 2 6 0 1 5 3 2 4 39 14
173 6 5 6 5 0 2 1 3 5 74 33
174 14 0 2 6 4 1 5 3 0 2 35 83
8
175 23 4 2 3 5 4 2 47 65
176 11 5 3 3 5 3 4 48 35
177 11 2 1 5 0 1 4 2 5 17 71
178 8 21 2 4 5 1 0 3 65 14
179 3 2 2 6 1 2 3 4 5 0 18 57
180 9 12 2 5 3 4 1 0 5 22 85
181 17 23 2 3 1 4 2 45 39
182 17 5 5 6 2 1 5 4 3 0 44 13
12
183 5 15 2 4 0 1 3 2 12 71
184 3 12 1 5 1 3 4 5 0 12 59
185 0 7 1 6 4 2 0 3 1 5 37 85
186 3 16 3 6 2 5 1 0 4 3 99 96
187 23 7 1 5 1 4 3 5 2 83 88
188 23 5 3 4 2 1 3 5 35 49
189 2 12 3 4 3 0 2 1 12 13
190 0 23 2 5 2 3 0 1 4 17 53
191 11 23 2 6 3 4 5 2 1 0 34 62
192 5 12 2 3 1 3 5 68 46
193 11 16 2 4 2 3 4 5 36 57
194 8 12 5 4 0 3 2 4 57 18
15
195 8 2 5 3 5 4 1 45 68
196 3 7 1 5 0 1 2 5 4 16 29
197 3 0 2 5 2 3 5 0 1 92 31
198 11 21 1 6 3 1 0 4 2 5 32 78
199 2 14 1 3 1 5 4 14 18
200 17 7 1 4 1 3 4 5 48 79
201 8 4 3 6 5 2 0 3 4 1 55 69
202 17 21 1 6 2 0 4 5 1 3 25 39
203 5 15 1 5 5 1 0 3 2 34 56
204 11 21 2 6 3 0 4 2 1 5 42 84
205 17 0 2 4 0 4 3 5 22 47
206 9 11 6 3 2 5 3 35 37
207 14 11 4 6 2 5 1 4 0 3 24 66
208 9 15 3 5 2 1 3 5 4 45 41
209 17 11 2 3 5 4 2 33 61
13
210 9 16 1 4 1 5 0 4 30 57
211 0 5 5 6 2 1 4 5 3 0 68 44
212 23 12 2 3 2 4 3 27 80
213 3 5 1 4 4 0 5 3 16 85
214 2 21 1 5 2 5 3 1 4 11 97
215 6 14 2 5 5 4 3 0 1 23 82
216 9 21 3 3 1 3 5 40 18
217 20 5 2 4 1 4 0 2 30 91
218 8 15 5 6 1 3 0 5 4 2 94 36
219 14 15 4 6 3 4 2 5 1 0 14 70
220 2 16 4 4 0 5 1 4 111 79
221 17 0 2 4 4 3 0 5 24 25
222 8 7 2 6 3 0 1 2 5 4 52 55
10
223 11 7 3 3 1 4 3 25 72
224 20 16 1 3 4 3 0 34 31
225 9 4 1 5 3 0 2 4 5 38 72
226 11 4 2 3 4 5 1 43 59
227 17 4 1 5 1 3 2 0 5 38 46
228 20 0 2 6 2 5 0 4 1 3 15 59
229 9 4 6 3 5 2 4 58 91
230 14 11 2 3 2 0 3 41 34
231 8 21 3 6 0 5 3 2 1 4 46 83
232 20 23 2 4 2 5 1 0 24 42
11
233 20 5 1 3 0 4 2 25 39
234 20 7 1 3 1 2 5 23 66
235 23 11 8 4 5 4 2 1 18 11
236 0 2 4 3 3 4 2 71 19
237 11 0 2 4 3 1 2 4 28 50
238 5 7 2 5 4 3 0 2 5 45 52
239 14 23 3 4 0 4 2 3 84 97
240 17 11 3 4 0 3 5 1 13 77
241 14 15 2 5 1 0 2 4 3 42 37
242 20 12 4 4 5 4 0 3 35 83
243 3 23 5 5 5 0 2 3 4 27 57
10
244 17 16 2 3 3 4 0 13 29
245 17 0 1 6 2 0 1 3 4 5 47 82
246 8 14 3 6 3 1 2 0 5 4 30 45
247 3 12 1 5 1 2 4 3 0 21 17
248 8 15 2 5 3 1 4 2 0 38 61
249 14 5 2 6 2 1 3 4 5 0 97 54
250 5 15 2 6 0 1 3 4 5 2 26 58
251 8 0 3 6 5 3 0 1 2 4 14 27
252 20 7 5 6 3 4 1 2 5 0 32 41
253 8 15 2 5 2 4 5 1 3 106 10
0
0
0
0
0
0
0
