264
29
14
0 2 0 2 4 4 3 2 1 180 79
1 4 3 3 5 3 2 0 4 5 204 89
2 3 0 1 3 1 2 5 274 21
3 3 0 1 4 0 5 1 2 96 28
4 3 0 4 5 0 4 2 3 1 292 17
5 2 3 1 4 3 4 5 2 77 91
6 3 0 1 3 5 4 3 110 63
7 4 3 6 6 1 3 5 2 0 4 305 80
8 3 2 3 6 5 3 2 1 4 0 247 26
9 3 2 2 4 1 4 0 5 292 66
10 3 0 2 5 5 3 2 1 4 668 68
11 3 0 4 4 0 2 5 4 622 97
12 3 2 2 3 0 5 1 175 75
13 2 0 3 4 4 3 2 1 180 79
8
14 3 0 1 6 0 1 4 5 3 2 139 26
15 4 0 1 3 2 3 4 373 57
16 2 3 1 4 3 4 5 2 77 91
17 4 0 5 3 2 0 4 139 15
18 2 3 2 3 0 2 4 433 84
19 3 2 4 5 1 3 0 5 4 119 85
20 4 2 3 5 4 3 0 5 2 905 45
21 4 2 2 4 3 2 0 4 225 87
8
22 4 2 3 4 1 0 2 4 642 62
23 4 2 3 4 0 3 1 5 517 47
24 3 0 1 3 4 2 3 188 98
25 2 3 3 4 1 3 2 4 307 73
26 2 0 2 6 2 1 3 4 0 5 542 77
27 4 0 3 6 4 1 2 5 0 3 72 93
28 3 0 3 5 0 4 2 3 1 292 17
29 2 0 2 5 4 2 3 1 0 603 86
15
30 2 0 1 5 2 5 0 4 3 661 33
31 4 2 4 5 4 3 0 5 2 905 45
32 2 3 5 4 1 3 2 4 307 73
33 4 0 4 6 5 4 2 3 1 0 569 17
34 3 2 2 4 1 3 2 5 242 49
35 3 2 2 4 0 4 3 5 530 59
36 4 3 1 5 2 0 5 4 3 371 99
37 4 2 3 6 2 1 0 3 5 4 497 31
38 4 2 2 4 0 3 1 5 600 29
39 4 3 2 6 5 2 3 1 0 4 504 48
40 2 0 2 5 4 2 3 1 0 603 86
41 2 0 3 4 2 5 1 3 680 17
42 3 2 1 6 5 3 2 1 4 0 247 26
43 3 2 1 6 2 5 3 4 1 0 344 68
44 4 0 6 6 5 4 2 3 1 0 569 17
11
45 2 3 1 5 3 1 2 5 4 179 53
46 2 3 3 4 3 4 5 2 77 91
47 3 0 2 6 0 1 4 5 3 2 139 26
48 2 0 2 5 1 5 0 4 2 132 17
49 4 3 1 3 3 2 0 254 41
50 4 0 1 3 4 2 0 510 78
51 4 0 2 5 2 0 4 1 5 791 83
52 2 3 2 4 1 3 2 4 307 73
53 2 0 4 5 2 5 0 4 3 661 33
54 4 0 2 3 2 0 4 139 15
55 4 0 2 6 5 4 2 3 1 0 569 17
12
56 4 3 2 4 2 0 4 3 124 72
57 3 2 1 4 1 3 2 5 105 76
58 4 3 3 6 2 3 0 5 4 1 190 92
59 4 3 2 4 4 5 0 1 190 75
60 2 0 3 4 4 3 2 1 180 79
61 4 3 2 5 2 0 5 4 3 371 99
62 2 0 1 6 2 1 3 4 0 5 542 77
63 2 3 2 4 3 0 2 4 149 13
64 3 2 2 5 3 2 0 1 4 312 23
65 2 0 2 5 2 5 0 4 3 661 33
66 3 2 2 3 0 5 3 484 35
67 4 3 2 6 1 3 5 2 0 4 305 80
15
68 3 0 1 4 0 5 1 2 96 28
69 4 0 5 4 0 4 1 2 304 57
70 4 3 1 4 0 3 4 1 305 72
71 3 2 1 6 3 1 0 2 5 4 529 45
72 4 0 3 3 2 3 4 373 57
73 3 2 2 5 3 2 0 1 4 312 23
74 4 0 3 3 2 1 5 273 73
75 4 0 6 6 3 0 1 5 4 2 411 53
76 4 2 2 6 2 1 0 3 5 4 497 31
77 4 3 3 6 2 3 0 5 4 1 190 92
78 3 2 2 6 0 5 2 4 3 1 251 95
79 2 0 1 5 4 2 3 1 0 603 86
80 2 3 2 3 4 5 3 242 70
81 4 2 1 6 4 3 1 0 2 5 535 18
82 3 2 3 4 0 4 3 5 530 59
11
83 2 0 2 4 2 5 1 3 680 17
84 4 3 2 6 2 3 0 5 4 1 190 92
85 2 3 3 4 3 2 4 5 465 60
86 4 3 2 6 4 2 3 0 1 5 118 34
87 4 3 1 4 4 5 0 1 190 75
88 4 2 2 4 3 0 2 1 920 82
89 4 2 4 3 5 4 2 322 57
90 3 2 2 4 1 4 0 5 292 66
91 2 3 1 4 1 3 2 4 307 73
92 2 3 3 4 4 1 3 5 401 22
93 3 2 2 4 0 4 3 5 530 59
6
94 3 0 1 3 3 4 1 559 22
95 2 0 6 4 1 5 3 2 316 18
96 2 3 5 3 1 5 3 558 86
97 4 0 1 6 3 0 1 5 4 2 411 53
98 4 2 2 6 2 1 0 3 5 4 497 31
99 4 2 4 6 4 2 3 5 1 0 597 49
13
100 4 2 1 4 0 5 2 4 193 98
101 4 3 1 6 0 5 1 4 2 3 192 72
102 4 2 1 4 0 5 2 4 193 98
103 4 3 2 4 4 0 1 3 261 51
104 3 0 5 3 5 4 3 110 63
105 3 2 3 4 5 3 4 2 314 74
106 3 0 3 3 4 2 3 188 98
107 3 2 3 6 2 4 1 5 0 3 493 81
108 3 2 3 3 4 0 2 129 79
109 2 3 2 5 2 0 5 3 1 24 23
110 2 3 3 4 3 4 5 2 77 91
111 4 3 2 5 4 3 5 0 1 247 99
112 4 3 2 4 4 0 1 3 261 51
7
113 2 0 4 5 1 5 0 4 2 132 17
114 2 3 1 4 4 5 3 0 212 38
115 4 3 2 6 0 5 1 4 2 3 192 72
116 2 3 2 3 2 1 5 163 71
117 3 0 3 5 0 4 2 3 1 292 17
118 4 2 1 6 5 1 4 2 0 3 364 26
119 4 2 3 4 0 4 5 1 269 41
16
120 4 2 1 3 2 1 4 596 92
121 2 3 1 4 3 0 2 4 149 13
122 3 0 2 4 0 5 1 2 96 28
123 4 0 2 3 4 2 0 510 78
124 4 0 1 5 5 4 0 1 3 391 92
125 3 0 2 5 4 0 1 3 5 152 32
126 3 0 2 3 1 2 5 274 21
127 4 0 1 3 2 0 4 139 15
128 4 0 1 5 2 0 4 1 5 791 83
129 3 2 3 3 0 5 1 175 75
130 2 0 2 4 1 3 5 4 37 78
131 2 3 2 3 4 1 3 245 73
132 3 2 2 6 4 3 0 5 2 1 218 64
133 4 3 2 6 5 3 4 0 2 1 167 52
134 2 3 3 5 4 5 1 2 0 214 13
135 3 2 3 5 1 3 0 5 4 119 85
10
136 2 3 1 4 1 3 2 4 307 73
137 2 3 2 4 2 1 5 0 389 71
138 3 2 2 4 0 4 2 1 84 21
139 4 0 1 6 0 4 5 2 1 3 222 88
140 3 0 1 3 1 3 4 354 76
141 4 2 2 6 0 1 3 5 2 4 710 34
142 4 3 1 3 3 1 2 91 31
143 3 2 2 4 1 4 0 5 292 66
144 4 0 2 3 2 3 4 373 57
145 4 2 2 6 2 1 0 3 5 4 497 31
11
146 4 0 1 6 3 0 2 5 4 1 810 64
147 4 3 2 4 4 0 1 3 261 51
148 3 0 1 5 4 0 1 3 5 152 32
149 4 3 1 5 4 3 5 0 1 247 99
150 2 3 4 4 3 4 5 2 77 91
151 4 2 2 6 0 1 3 5 2 4 710 34
152 3 2 2 6 3 0 2 4 1 5 391 23
153 2 0 1 5 2 5 3 4 0 381 94
154 3 0 3 5 4 0 1 3 5 152 32
155 2 0 3 5 2 5 0 4 3 661 33
156 2 3 2 5 2 0 5 3 1 24 23
14
157 4 2 1 4 0 5 2 4 193 98
158 3 2 1 3 4 0 2 129 79
159 4 0 3 6 4 3 2 0 5 1 314 67
160 4 0 3 5 4 5 3 1 2 521 77
161 3 0 1 4 3 2 1 0 367 19
162 4 3 2 6 5 2 3 1 0 4 504 48
163 3 0 2 5 4 0 1 3 5 152 32
164 4 3 1 4 0 3 4 1 305 72
165 4 3 3 6 0 5 1 4 2 3 192 72
166 3 2 2 6 5 0 2 4 1 3 239 91
167 4 2 6 4 0 3 1 5 600 29
168 4 3 6 6 0 5 1 4 2 3 192 72
169 2 0 2 5 1 5 0 4 2 132 17
170 2 3 2 5 2 0 5 3 1 24 23
14
171 2 0 4 4 1 5 3 2 316 18
172 2 0 1 4 3 2 4 0 1177 95
173 3 2 8 4 5 3 4 2 314 74
174 4 2 3 4 0 3 1 5 517 47
175 4 0 4 5 4 5 3 1 2 521 77
176 3 2 2 6 3 1 0 2 5 4 529 45
177 4 3 3 6 2 3 0 5 4 1 190 92
178 4 3 2 5 2 1 5 4 3 360 74
179 2 3 2 4 5 1 0 3 87 54
180 2 0 2 3 3 0 2 894 25
181 4 3 3 3 3 4 2 228 99
182 3 0 5 3 1 4 5 112 50
183 3 0 2 5 5 3 2 1 4 668 68
184 2 3 1 5 5 3 1 4 0 460 82
9
185 4 2 1 4 0 4 5 1 269 41
186 4 0 2 6 3 0 2 5 4 1 810 64
187 3 0 1 3 1 3 4 354 76
188 3 2 1 5 3 1 4 2 0 439 32
189 3 2 2 6 3 0 2 4 1 5 391 23
190 4 0 2 6 2 5 0 3 4 1 380 88
191 3 0 2 3 1 4 5 112 50
192 2 0 4 5 2 5 3 4 0 381 94
193 4 2 3 6 2 1 0 3 5 4 497 31
11
194 4 2 2 6 5 1 4 2 0 3 364 26
195 4 0 4 6 5 4 2 3 1 0 569 17
196 4 3 1 5 4 3 5 0 1 247 99
197 2 3 4 3 4 1 3 245 73
198 3 2 1 6 5 0 2 4 1 3 239 91
199 3 2 1 6 2 4 1 5 0 3 493 81
200 4 0 1 4 1 0 3 4 988 22
201 2 3 3 4 4 1 3 5 401 22
202 3 0 1 3 1 2 5 274 21
203 3 2 2 4 1 4 0 5 292 66
204 3 2 4 5 3 2 0 1 4 312 23
12
205 3 0 3 3 5 4 3 110 63
206 4 2 1 3 2 1 4 596 92
207 3 2 1 3 4 0 2 129 79
208 4 2 2 5 2 1 4 3 5 467 47
209 4 3 1 5 2 0 5 4 3 371 99
210 2 3 1 5 2 0 5 3 1 24 23
211 2 3 2 6 0 3 2 4 1 5 355 94
212 3 0 1 5 5 3 2 1 4 668 68
213 4 0 3 3 2 1 5 273 73
214 2 0 1 6 1 0 2 4 5 3 343 47
215 4 2 3 4 0 4 5 1 269 41
216 3 2 2 5 1 3 0 5 4 119 85
8
217 4 0 2 5 4 5 3 1 2 521 77
218 2 0 2 6 5 3 4 1 2 0 447 59
219 3 0 3 4 2 3 5 1 431 30
220 3 2 3 4 1 3 2 5 242 49
221 4 0 2 4 0 4 1 2 304 57
222 4 0 2 3 2 0 4 139 15
223 3 0 2 4 2 3 5 1 431 30
224 4 0 1 6 3 0 2 5 4 1 810 64
10
225 2 3 4 4 5 1 0 3 87 54
226 4 2 2 5 4 3 0 5 2 905 45
227 3 2 5 6 2 5 0 4 3 1 456 50
228 2 0 4 6 2 5 4 0 1 3 925 64
229 4 3 2 5 5 4 0 2 1 373 85
230 2 0 1 6 1 0 4 5 2 3 736 42
231 3 2 1 6 3 0 2 4 1 5 391 23
232 2 3 2 5 3 1 2 5 4 179 53
233 2 3 3 3 2 1 5 163 71
234 4 0 2 5 2 0 4 1 5 791 83
11
235 2 3 1 4 4 5 3 0 212 38
236 3 2 1 4 1 3 2 5 242 49
237 2 0 1 6 2 1 3 4 0 5 542 77
238 2 0 3 4 3 2 4 0 1177 95
239 3 0 2 3 1 4 5 112 50
240 4 3 7 4 2 0 4 3 124 72
241 4 0 2 6 4 1 2 5 0 3 72 93
242 4 3 2 4 4 3 0 1 198 35
243 2 3 2 4 5 1 0 3 87 54
244 3 0 2 4 0 5 1 2 96 28
245 4 2 2 5 2 1 4 3 5 467 47
8
246 4 2 1 4 3 2 0 4 225 87
247 3 2 3 4 0 4 3 5 530 59
248 3 0 1 5 4 0 1 3 5 152 32
249 3 2 2 6 2 5 3 4 1 0 344 68
250 4 0 2 6 4 3 2 0 5 1 314 67
251 4 0 1 6 5 4 2 3 1 0 569 17
252 4 2 2 4 0 3 1 5 517 47
253 4 3 4 4 4 0 1 3 261 51
10
254 4 2 5 6 4 2 3 5 1 0 597 49
255 3 2 2 6 0 5 2 4 3 1 251 95
256 4 2 1 4 0 3 1 5 600 29
257 4 0 1 5 2 0 4 1 5 791 83
258 2 3 2 3 4 5 3 242 70
259 3 2 2 3 0 5 1 175 75
260 3 0 4 4 4 0 2 3 223 60
261 2 0 2 3 4 5 3 873 59
262 4 3 5 4 4 3 0 1 198 35
263 3 0 2 3 1 2 3 217 66
0
0
0
0
0
0
0
