2078
32
79
0 0 4 4 5 3 0 2 5 1 460 15
1 0 3 1 5 1 0 4 2 3 472 86
2 2 3 1 6 5 0 2 3 1 4 577 38
3 2 3 1 4 3 5 2 4 225 73
4 0 3 2 4 3 2 1 5 185 81
5 3 0 2 6 2 0 5 4 3 1 190 99
6 0 4 2 5 5 3 0 1 4 945 51
7 3 4 1 6 3 1 5 0 2 4 320 21
8 3 0 1 4 1 4 5 2 266 90
9 0 4 2 6 4 2 5 3 1 0 314 97
10 2 0 1 4 5 3 2 0 1006 10
11 3 0 2 4 4 1 2 3 236 73
12 3 0 1 3 4 3 1 504 86
13 2 0 1 4 0 3 1 5 256 61
14 3 0 4 6 0 4 2 5 1 3 455 13
15 2 4 1 3 3 0 2 135 22
16 0 3 5 6 4 0 3 1 5 2 574 37
17 3 4 4 6 5 0 3 1 2 4 385 79
18 0 3 1 5 1 0 4 2 3 472 86
19 0 3 2 3 4 1 2 306 66
20 0 4 2 5 0 4 3 2 5 722 100
21 2 4 3 4 3 1 5 0 249 12
22 2 4 4 6 3 5 4 2 0 1 356 97
23 2 0 3 4 5 3 2 0 1006 10
24 3 4 2 3 0 1 4 157 61
25 0 4 3 4 0 2 1 5 1055 75
26 0 3 4 6 2 5 0 4 3 1 167 13
27 3 0 1 6 1 5 4 0 2 3 257 38
28 2 4 5 6 3 4 0 2 5 1 866 64
29 2 4 1 6 1 2 5 4 0 3 156 71
30 3 4 2 4 4 2 3 1 227 22
31 2 0 2 4 3 5 0 1 1003 44
32 0 4 1 5 5 4 2 1 0 309 29
33 2 3 2 3 2 0 5 339 13
34 2 3 5 4 1 2 3 5 272 65
35 3 4 3 5 3 1 5 0 2 440 49
36 0 4 4 5 2 3 5 0 1 135 25
37 2 0 5 4 3 5 0 1 1003 44
38 3 0 1 6 2 0 5 4 3 1 190 99
39 2 0 1 4 3 5 0 1 1003 44
40 3 4 2 5 3 1 5 0 2 440 49
41 3 0 3 4 4 1 2 3 236 73
42 0 4 7 5 4 2 3 5 1 239 24
43 2 4 2 5 4 2 3 0 5 302 72
44 3 4 3 5 2 5 4 0 1 181 81
45 3 4 3 3 1 0 4 222 30
46 0 4 7 5 5 3 0 1 4 945 51
47 3 0 1 4 4 1 5 3 234 91
48 2 4 4 5 4 3 2 1 5 548 90
49 0 4 1 6 4 2 5 3 1 0 314 97
50 2 0 1 3 1 3 5 726 40
51 2 4 6 4 2 5 4 1 414 28
52 3 4 1 5 1 3 0 4 2 302 61
53 2 4 1 4 5 3 4 1 317 51
54 2 4 2 4 5 3 2 4 547 86
55 0 4 6 6 4 3 1 2 5 0 819 14
56 3 4 2 3 1 0 4 222 30
57 2 4 6 6 3 4 0 2 5 1 866 64
58 2 3 5 6 2 4 1 0 5 3 397 40
59 0 4 2 4 2 4 5 0 377 28
60 2 4 1 4 1 5 2 3 503 36
61 3 4 4 6 4 0 2 5 1 3 216 49
62 2 3 2 5 0 4 2 3 1 379 75
63 2 0 2 3 1 3 5 726 40
64 2 3 5 4 3 5 2 4 225 73
65 0 3 4 4 0 5 1 2 506 36
66 0 3 3 5 3 5 1 4 0 439 17
67 2 0 3 6 3 0 2 1 4 5 810 33
68 3 0 2 3 1 3 2 370 83
69 3 0 2 4 5 0 1 2 730 40
70 0 4 6 6 0 4 1 3 2 5 480 21
71 2 3 3 5 0 4 2 3 1 379 75
72 3 0 3 5 0 1 3 2 5 111 90
73 3 0 3 4 5 1 3 4 605 28
74 3 4 2 6 3 1 5 0 2 4 320 21
75 3 0 3 3 2 5 4 236 59
76 0 4 3 6 2 0 5 1 3 4 770 20
77 0 3 2 4 1 4 3 2 238 84
78 0 4 2 4 0 2 1 5 1055 75
88
79 2 3 1 6 3 5 1 0 2 4 274 69
80 2 3 2 4 0 1 4 3 463 12
81 3 4 1 6 5 0 3 1 2 4 385 79
82 2 4 1 6 4 2 5 0 1 3 109 16
83 2 0 3 6 0 1 4 5 2 3 528 68
84 2 0 6 4 1 5 2 4 834 81
85 3 0 2 5 0 2 5 1 4 452 72
86 0 3 5 5 1 0 4 2 3 472 86
87 0 3 1 3 2 3 0 407 45
88 2 4 1 4 2 5 4 1 414 28
89 0 3 2 5 3 5 1 4 0 439 17
90 2 0 4 5 3 5 0 4 2 911 33
91 0 3 2 3 3 5 4 90 69
92 3 0 2 4 1 4 5 2 266 90
93 0 4 3 5 5 3 0 1 4 945 51
94 3 0 8 3 4 3 1 504 86
95 2 4 1 3 3 0 2 135 22
96 0 3 3 4 1 5 2 4 433 37
97 2 3 1 3 1 5 2 237 88
98 0 4 3 4 0 1 4 3 738 60
99 2 3 1 3 5 1 2 185 37
100 2 0 6 5 2 4 1 0 3 661 58
101 3 0 3 4 5 1 3 4 605 28
102 0 3 2 4 2 0 4 3 297 29
103 0 4 1 4 0 1 4 3 738 60
104 0 3 2 4 2 0 4 3 297 29
105 0 3 1 3 1 5 0 702 23
106 2 3 1 4 2 5 1 0 277 24
107 3 0 1 5 1 2 0 3 4 103 58
108 0 3 1 4 3 2 1 5 185 81
109 2 3 1 6 5 0 2 3 1 4 577 38
110 0 4 2 5 5 4 2 1 0 309 29
111 0 4 2 6 0 2 4 3 1 5 405 36
112 2 0 2 3 1 0 3 645 92
113 0 3 2 4 3 2 1 5 185 81
114 3 4 2 4 0 4 5 3 220 14
115 2 3 4 5 5 4 0 3 1 292 94
116 3 4 2 4 1 2 5 0 205 69
117 3 0 2 4 4 1 2 3 236 73
118 2 0 3 6 3 0 2 4 5 1 777 36
119 2 0 2 5 0 3 5 1 2 570 10
120 2 3 1 6 5 0 2 3 1 4 577 38
121 3 4 4 4 4 5 0 3 433 76
122 0 3 3 6 4 0 3 1 5 2 574 37
123 2 4 1 5 4 2 3 0 5 302 72
124 2 4 5 6 3 4 0 2 5 1 866 64
125 3 4 3 4 4 5 0 3 433 76
126 2 3 4 6 3 5 1 0 2 4 274 69
127 2 0 3 3 3 1 4 262 12
128 3 4 2 6 0 1 4 3 5 2 187 55
129 2 3 3 4 3 5 2 4 225 73
130 0 3 3 3 2 3 0 407 45
131 0 4 4 5 0 4 3 2 5 722 100
132 0 3 2 4 1 4 3 2 238 84
133 2 3 5 4 0 2 5 1 478 31
134 0 3 2 5 3 5 1 4 0 439 17
135 3 4 1 5 2 5 4 0 1 181 81
136 3 4 3 5 3 4 5 1 2 58 12
137 0 3 3 5 3 5 1 4 0 439 17
138 0 4 2 5 5 3 0 1 4 945 51
139 0 3 4 6 1 5 3 2 0 4 468 57
140 3 0 1 3 5 1 4 768 15
141 2 0 6 3 3 5 1 110 67
142 0 4 2 5 3 0 2 5 1 460 15
143 2 4 2 3 2 3 5 177 12
144 3 0 2 5 0 2 5 1 4 452 72
145 3 4 2 4 4 2 3 1 227 22
146 0 3 4 5 0 5 4 3 2 464 34
147 0 3 2 6 2 0 5 3 1 4 311 43
148 3 4 2 5 3 4 5 1 2 58 12
149 2 0 2 3 0 4 5 71 35
150 2 3 4 3 5 1 2 185 37
151 3 4 3 3 1 0 4 222 30
152 0 4 3 4 0 2 1 5 1055 75
153 2 0 4 5 2 4 1 0 3 661 58
154 2 0 2 6 4 1 3 0 2 5 489 47
155 3 4 2 5 1 3 0 4 2 302 61
156 2 3 5 4 3 4 0 2 242 60
157 2 4 4 4 4 0 3 1 581 63
158 3 0 3 3 1 3 2 370 83
159 2 3 4 4 2 5 1 0 277 24
160 3 4 1 6 2 1 4 0 3 5 66 70
161 3 0 4 5 1 5 0 2 3 557 23
162 0 3 2 6 5 4 0 1 3 2 478 53
163 3 0 3 3 2 5 4 236 59
164 2 3 2 5 4 5 3 0 1 130 48
165 2 0 2 5 2 0 4 3 1 646 96
166 3 4 2 5 3 1 5 0 2 440 49
97
167 0 4 1 3 2 3 5 859 18
168 0 4 1 3 3 2 0 784 40
169 0 4 1 6 0 4 1 3 2 5 480 21
170 2 3 4 4 1 2 3 0 185 81
171 3 4 1 6 2 1 4 0 3 5 66 70
172 2 0 2 6 0 1 3 5 4 2 1092 57
173 2 4 3 3 3 2 4 434 79
174 0 4 3 5 5 3 0 1 4 945 51
175 2 0 4 5 3 5 0 4 2 911 33
176 2 0 2 6 1 0 2 3 4 5 452 58
177 0 3 1 3 1 5 0 702 23
178 0 3 2 6 1 0 2 4 3 5 78 63
179 2 0 5 3 1 3 5 726 40
180 2 4 5 4 2 5 4 1 414 28
181 3 0 1 4 1 4 5 2 266 90
182 2 4 2 4 4 0 3 1 581 63
183 2 3 1 4 2 5 1 0 277 24
184 3 4 2 5 1 4 5 0 3 341 94
185 2 0 2 3 3 1 4 262 12
186 0 3 3 4 3 2 1 5 185 81
187 3 4 2 5 2 5 4 0 1 181 81
188 3 0 2 6 0 4 2 5 1 3 455 13
189 3 4 4 6 0 1 4 3 5 2 187 55
190 3 0 2 4 1 4 5 2 266 90
191 0 4 4 5 0 4 3 2 5 722 100
192 0 3 12 4 2 0 4 3 297 29
193 0 4 2 5 0 4 3 2 5 722 100
194 3 4 1 6 4 0 2 5 1 3 216 49
195 3 4 1 4 4 2 3 1 227 22
196 2 4 2 3 3 2 4 434 79
197 2 3 1 3 5 1 3 145 17
198 3 0 1 3 3 1 5 546 90
199 2 4 4 6 1 2 5 4 0 3 156 71
200 3 4 3 5 2 5 4 0 1 181 81
201 3 0 6 4 5 0 1 2 730 40
202 2 0 1 5 2 0 4 3 1 646 96
203 3 4 2 6 2 1 4 0 3 5 66 70
204 2 3 1 4 0 1 4 3 463 12
205 3 4 3 3 0 1 4 157 61
206 2 0 2 4 5 3 2 0 1006 10
207 3 4 2 4 4 5 0 3 433 76
208 2 3 2 4 2 5 1 0 277 24
209 2 3 2 5 1 2 4 0 3 123 35
210 2 0 1 3 3 1 4 262 12
211 2 3 1 4 1 2 3 5 272 65
212 0 4 5 3 2 3 5 859 18
213 2 3 2 3 5 1 3 145 17
214 3 4 2 4 4 2 3 1 227 22
215 2 4 2 4 3 1 5 0 249 12
216 2 4 3 4 3 1 5 0 249 12
217 2 4 5 3 3 2 4 434 79
218 0 3 2 5 1 0 4 2 3 472 86
219 0 4 2 6 2 0 5 1 3 4 770 20
220 2 3 4 4 0 4 1 5 297 45
221 2 3 1 4 1 2 3 0 185 81
222 2 0 4 5 2 0 4 3 1 646 96
223 0 3 2 5 1 0 4 5 2 262 40
224 0 3 4 6 1 5 3 2 0 4 468 57
225 0 4 2 3 2 3 5 859 18
226 0 4 4 6 4 2 5 3 1 0 314 97
227 0 4 1 3 5 1 2 533 83
228 2 0 3 3 3 1 4 262 12
229 3 4 2 6 3 1 5 0 2 4 320 21
230 2 0 3 6 0 1 3 5 4 2 1092 57
231 0 4 3 6 2 0 5 1 3 4 770 20
232 0 4 2 5 2 3 5 0 1 135 25
233 2 3 5 4 3 5 2 4 225 73
234 2 4 4 3 0 5 2 212 34
235 2 4 7 6 1 2 5 4 0 3 156 71
236 2 0 4 3 3 0 1 751 17
237 0 3 2 3 3 5 4 90 69
238 2 0 2 3 2 0 1 145 44
239 0 3 3 4 2 0 4 3 297 29
240 0 3 3 3 2 3 0 407 45
241 3 0 2 3 0 4 5 422 51
242 3 4 3 3 0 1 4 157 61
243 3 0 2 3 2 5 4 236 59
244 3 0 5 5 1 2 0 3 4 103 58
245 3 0 7 5 0 1 3 2 5 111 90
246 3 4 2 6 3 1 5 0 2 4 320 21
247 3 0 2 6 1 5 4 0 2 3 257 38
248 3 4 3 5 1 3 0 4 2 302 61
249 3 4 6 6 0 2 4 1 3 5 192 16
250 2 4 3 6 0 1 3 2 5 4 697 59
251 3 4 3 5 3 1 5 0 2 440 49
252 0 4 3 5 4 2 3 5 1 239 24
253 2 4 2 3 3 2 4 434 79
254 0 4 5 4 2 4 5 0 377 28
255 2 3 3 5 4 5 3 0 1 130 48
256 3 4 2 4 5 4 1 0 230 41
257 0 3 3 6 1 0 2 4 3 5 78 63
258 3 4 3 6 3 1 5 0 2 4 320 21
259 0 3 2 3 4 1 2 306 66
260 2 0 2 4 5 3 2 0 1006 10
261 0 3 4 3 3 5 4 90 69
262 2 4 2 3 2 3 5 177 12
263 0 3 5 3 3 5 4 90 69
62
264 3 4 2 5 3 4 5 1 2 58 12
265 3 4 1 5 3 1 5 0 2 440 49
266 2 0 5 3 2 0 1 145 44
267 0 3 1 6 2 1 5 0 3 4 192 27
268 3 4 2 5 3 1 5 0 2 440 49
269 0 4 1 4 2 4 5 0 377 28
270 3 4 1 5 1 3 0 4 2 302 61
271 0 4 2 4 0 1 4 3 738 60
272 3 4 1 5 3 1 5 0 2 440 49
273 2 3 2 4 0 2 5 1 478 31
274 3 4 5 4 1 0 5 2 485 15
275 3 4 1 6 3 1 5 0 2 4 320 21
276 2 0 2 3 1 0 3 645 92
277 3 4 1 5 3 1 5 0 2 440 49
278 3 4 1 4 1 0 5 2 485 15
279 0 4 1 5 3 0 2 5 1 460 15
280 2 4 2 6 5 3 2 1 0 4 247 32
281 3 4 1 4 1 2 5 0 205 69
282 2 4 7 4 0 5 3 1 154 38
283 0 4 3 5 0 4 5 2 3 225 56
284 0 4 1 5 0 4 5 2 3 225 56
285 2 3 2 4 3 4 0 2 242 60
286 0 3 4 6 2 0 5 3 1 4 311 43
287 2 0 4 4 1 5 2 4 834 81
288 2 4 2 6 5 3 2 1 0 4 247 32
289 0 4 2 4 0 1 4 3 738 60
290 2 0 1 5 2 4 1 0 3 661 58
291 3 0 9 4 5 0 1 2 730 40
292 2 4 3 6 0 1 3 2 5 4 697 59
293 2 0 2 3 1 3 5 726 40
294 2 0 1 3 3 5 1 110 67
295 3 4 3 3 0 1 4 157 61
296 2 4 2 4 0 5 3 2 150 30
297 2 0 2 3 1 3 5 726 40
298 2 0 2 6 1 0 2 3 4 5 452 58
299 2 0 3 5 2 4 1 0 3 661 58
300 0 4 3 5 5 3 0 1 4 945 51
301 0 4 2 6 2 0 5 1 3 4 770 20
302 0 3 2 5 1 0 4 2 3 472 86
303 2 0 2 6 5 1 0 3 2 4 333 87
304 0 4 4 4 0 2 1 5 1055 75
305 2 3 2 5 1 2 4 0 3 123 35
306 3 4 1 6 3 1 5 0 2 4 320 21
307 2 4 4 6 3 5 4 2 0 1 356 97
308 2 0 2 3 2 0 1 145 44
309 2 3 3 4 0 2 5 1 478 31
310 3 4 3 3 0 1 4 157 61
311 3 4 2 5 1 3 0 4 2 302 61
312 2 4 7 4 0 5 3 1 154 38
313 0 3 4 6 2 0 5 3 1 4 311 43
314 2 0 3 3 1 0 3 645 92
315 0 4 4 5 4 2 3 5 1 239 24
316 3 4 1 5 3 4 5 1 2 58 12
317 2 3 5 4 0 4 1 5 297 45
318 2 3 3 3 4 1 3 366 94
319 0 4 1 4 2 4 5 0 377 28
320 2 0 4 3 0 4 5 71 35
321 3 0 10 3 1 3 2 370 83
322 3 0 3 3 3 2 5 1060 51
323 2 3 5 6 3 5 1 0 2 4 274 69
324 3 0 2 5 1 2 0 3 4 103 58
325 2 4 2 6 3 4 0 2 5 1 866 64
87
326 2 4 1 4 4 0 3 1 581 63
327 2 0 4 3 1 2 3 654 88
328 3 4 1 5 3 1 5 0 2 440 49
329 0 3 2 4 1 4 3 2 238 84
330 2 4 1 4 5 3 2 4 547 86
331 2 0 1 3 3 0 1 751 17
332 2 3 3 6 2 4 1 0 5 3 397 40
333 0 4 6 5 4 3 0 2 5 196 12
334 3 0 1 5 1 2 0 3 4 103 58
335 3 0 4 6 0 5 2 4 1 3 347 86
336 0 4 2 3 5 1 2 533 83
337 2 3 1 3 1 5 2 237 88
338 2 0 3 3 3 0 1 751 17
339 0 3 1 5 3 5 1 4 0 439 17
340 0 3 1 6 2 5 0 4 3 1 167 13
341 3 0 1 5 0 2 5 1 4 452 72
342 0 3 3 6 1 5 3 2 0 4 468 57
343 3 4 1 3 0 1 4 157 61
344 2 3 1 5 0 4 2 3 1 379 75
345 2 3 2 5 5 4 0 3 1 292 94
346 2 3 3 5 2 4 0 3 1 290 26
347 2 3 1 6 2 4 1 0 5 3 397 40
348 3 4 6 6 3 1 5 0 2 4 320 21
349 3 4 1 6 0 2 4 1 3 5 192 16
350 2 4 2 4 3 1 5 0 249 12
351 3 0 3 3 2 0 1 532 64
352 2 3 2 3 1 5 2 237 88
353 0 3 4 4 2 1 3 4 418 86
354 0 3 2 3 1 5 0 702 23
355 2 4 4 5 4 3 2 1 5 548 90
356 2 3 3 4 3 4 0 2 242 60
357 3 0 2 4 5 1 3 4 605 28
358 2 0 1 5 2 0 4 3 1 646 96
359 2 3 1 4 3 5 2 4 225 73
360 0 4 1 6 4 2 5 3 1 0 314 97
361 3 4 2 5 2 5 4 0 1 181 81
362 3 4 3 6 2 1 4 0 3 5 66 70
363 3 0 2 3 1 3 2 370 83
364 2 4 2 6 5 3 2 1 0 4 247 32
365 3 0 3 3 5 1 4 768 15
366 2 0 3 3 1 0 3 645 92
367 0 4 2 5 5 3 0 1 4 945 51
368 2 0 3 4 0 3 1 5 256 61
369 2 4 3 4 5 3 4 1 317 51
370 2 4 4 6 0 1 3 2 5 4 697 59
371 2 4 2 6 5 3 2 1 0 4 247 32
372 0 4 2 5 0 4 3 2 5 722 100
373 3 0 1 5 1 5 0 2 3 557 23
374 2 4 3 4 0 5 3 2 150 30
375 2 0 2 3 3 1 4 262 12
376 2 0 2 6 0 1 3 5 4 2 1092 57
377 2 0 3 6 0 1 3 5 4 2 1092 57
378 2 0 1 4 5 3 2 0 1006 10
379 0 3 3 5 1 0 4 2 3 472 86
380 2 4 4 4 1 5 2 3 503 36
381 2 0 3 4 3 5 0 1 1003 44
382 3 0 5 3 2 5 4 236 59
383 0 4 3 5 0 4 5 2 3 225 56
384 0 4 2 4 0 2 1 5 1055 75
385 0 3 2 4 3 2 1 5 185 81
386 0 3 1 6 2 1 5 0 3 4 192 27
387 2 3 1 5 2 4 0 3 1 290 26
388 2 0 3 3 3 1 4 262 12
389 0 3 2 6 5 4 0 1 3 2 478 53
390 2 4 5 3 2 3 5 177 12
391 3 4 2 3 0 1 4 157 61
392 3 4 4 4 0 4 5 3 220 14
393 3 0 3 4 5 1 3 4 605 28
394 3 0 3 3 2 5 4 236 59
395 3 4 2 6 2 1 4 0 3 5 66 70
396 0 4 4 5 0 4 5 2 3 225 56
397 3 0 6 3 3 2 5 1060 51
398 3 4 2 3 0 1 4 157 61
399 3 0 3 6 2 3 4 0 1 5 554 93
400 3 4 2 4 5 4 1 0 230 41
401 2 4 1 6 5 3 2 1 0 4 247 32
402 0 4 2 4 0 1 4 3 738 60
403 2 0 6 6 0 1 4 5 2 3 528 68
404 2 3 5 5 1 2 4 0 3 123 35
405 0 4 3 5 3 0 2 5 1 460 15
406 3 0 3 6 1 5 4 0 2 3 257 38
407 0 3 4 3 4 1 2 306 66
408 3 4 2 6 0 2 4 1 3 5 192 16
409 0 4 2 5 0 4 3 2 5 722 100
410 2 3 2 6 5 0 2 3 1 4 577 38
411 3 0 2 4 1 4 5 2 266 90
412 0 3 5 3 2 3 0 407 45
82
413 2 3 3 3 4 1 3 366 94
414 3 0 1 6 0 4 2 5 1 3 455 13
415 3 0 3 4 1 4 5 2 266 90
416 2 4 4 3 2 3 5 177 12
417 0 3 2 6 2 1 5 0 3 4 192 27
418 2 0 3 5 3 5 0 4 2 911 33
419 0 4 3 6 4 2 5 3 1 0 314 97
420 3 4 3 5 4 3 1 5 0 353 56
421 0 3 1 5 1 0 4 2 3 472 86
422 3 4 2 4 5 4 1 0 230 41
423 2 0 1 5 0 3 5 1 2 570 10
424 3 4 1 4 5 4 1 0 230 41
425 0 4 2 5 0 4 5 2 3 225 56
426 0 3 3 5 0 5 4 3 2 464 34
427 3 0 1 3 2 0 1 532 64
428 2 4 1 3 0 5 2 212 34
429 2 0 3 4 0 3 1 5 256 61
430 0 3 2 5 1 0 4 5 2 262 40
431 3 0 1 3 3 1 5 546 90
432 0 4 1 3 3 2 0 784 40
433 0 4 1 5 4 2 3 5 1 239 24
434 2 4 1 3 2 3 5 177 12
435 0 4 1 3 2 3 5 859 18
436 3 4 1 6 0 1 4 3 5 2 187 55
437 2 0 1 4 5 3 2 0 1006 10
438 3 0 2 3 0 4 5 422 51
439 0 4 3 3 2 3 5 859 18
440 3 0 1 6 2 0 5 4 3 1 190 99
441 0 3 1 5 0 5 4 3 2 464 34
442 2 3 3 5 5 4 0 3 1 292 94
443 2 0 1 6 5 1 0 3 2 4 333 87
444 0 3 4 6 2 0 5 3 1 4 311 43
445 0 3 3 6 2 0 5 3 1 4 311 43
446 3 4 1 5 4 3 1 5 0 353 56
447 2 4 3 4 5 3 4 1 317 51
448 3 0 3 3 3 2 5 1060 51
449 3 4 1 5 3 4 5 1 2 58 12
450 0 3 2 3 1 5 0 702 23
451 2 3 2 6 1 5 4 0 2 3 221 65
452 3 0 4 4 5 0 1 2 730 40
453 2 4 2 6 4 2 5 0 1 3 109 16
454 3 4 1 6 3 1 5 0 2 4 320 21
455 0 3 2 5 1 0 4 5 2 262 40
456 0 3 4 4 1 5 2 4 433 37
457 3 0 1 4 1 4 5 2 266 90
458 3 0 2 4 5 1 3 4 605 28
459 0 3 8 6 0 5 1 2 3 4 369 62
460 0 3 2 3 2 3 0 407 45
461 3 0 2 5 1 5 0 2 3 557 23
462 3 0 5 3 4 3 1 504 86
463 2 4 2 6 0 1 3 2 5 4 697 59
464 2 3 3 4 4 1 2 5 47 60
465 2 3 1 6 1 5 4 0 2 3 221 65
466 0 3 2 6 2 0 5 3 1 4 311 43
467 3 4 4 5 3 4 5 1 2 58 12
468 2 0 3 5 3 5 0 4 2 911 33
469 3 4 2 5 1 4 5 0 3 341 94
470 3 0 2 3 2 5 4 236 59
471 2 0 3 3 0 4 5 71 35
472 2 0 2 3 2 0 1 145 44
473 2 0 2 6 0 1 3 5 4 2 1092 57
474 0 3 5 6 1 5 3 2 0 4 468 57
475 0 3 2 6 5 4 0 1 3 2 478 53
476 2 4 2 6 3 5 4 2 0 1 356 97
477 0 3 2 5 1 0 4 5 2 262 40
478 2 3 4 4 0 4 1 5 297 45
479 2 4 2 5 4 3 2 1 5 548 90
480 2 3 3 3 1 5 2 237 88
481 0 3 1 5 3 5 1 4 0 439 17
482 0 4 2 5 4 2 3 5 1 239 24
483 2 0 3 6 0 1 4 5 2 3 528 68
484 3 4 4 5 1 4 5 0 3 341 94
485 2 0 2 4 1 5 2 4 834 81
486 2 0 6 6 5 1 0 3 2 4 333 87
487 0 4 3 6 0 2 4 3 1 5 405 36
488 2 3 3 4 0 2 5 1 478 31
489 3 4 3 5 3 1 5 0 2 440 49
490 0 3 3 4 2 1 3 4 418 86
491 2 0 2 6 3 0 2 1 4 5 810 33
492 0 3 2 4 0 5 1 2 506 36
493 0 4 4 5 2 3 5 0 1 135 25
494 2 4 2 4 4 0 3 1 581 63
94
495 2 0 1 5 3 5 0 4 2 306 18
496 0 3 1 4 2 1 3 4 418 86
497 2 3 3 4 4 1 2 5 47 60
498 0 4 1 5 5 4 2 1 0 309 29
499 3 4 4 4 4 2 3 1 227 22
500 2 3 2 5 0 4 2 3 1 379 75
501 3 4 2 4 1 2 5 0 205 69
502 3 4 1 4 5 4 1 0 230 41
503 3 0 3 4 5 0 1 2 730 40
504 0 3 2 5 1 0 4 5 2 262 40
505 0 4 5 5 4 2 3 5 1 239 24
506 0 4 1 5 3 0 2 5 1 460 15
507 2 0 3 3 2 0 1 145 44
508 2 0 1 3 1 2 3 654 88
509 0 4 1 3 2 1 4 364 37
510 2 4 1 6 0 1 3 2 5 4 697 59
511 0 4 2 5 0 4 3 2 5 722 100
512 2 3 2 4 3 4 0 2 242 60
513 2 0 1 6 3 0 2 1 4 5 810 33
514 2 0 1 4 0 3 1 5 256 61
515 3 0 3 5 0 1 3 2 5 111 90
516 0 4 2 6 0 4 1 3 2 5 480 21
517 2 3 1 5 0 4 2 3 1 379 75
518 0 3 4 5 1 0 4 5 2 262 40
519 3 0 3 5 1 5 0 3 4 572 65
520 2 3 2 6 1 5 4 0 2 3 221 65
521 0 3 5 6 1 5 3 2 0 4 468 57
522 2 4 2 6 0 1 3 2 5 4 697 59
523 3 4 2 4 4 5 0 3 433 76
524 2 0 5 5 2 0 4 3 1 646 96
525 2 3 2 4 0 4 1 5 297 45
526 2 3 2 4 0 4 1 5 297 45
527 0 4 2 3 3 2 0 784 40
528 3 0 1 6 0 5 2 4 1 3 347 86
529 2 0 6 3 3 0 1 751 17
530 0 3 2 5 0 5 4 3 2 464 34
531 3 4 2 6 4 0 2 5 1 3 216 49
532 2 3 3 4 4 1 2 5 47 60
533 0 3 2 4 1 4 3 2 238 84
534 2 3 2 5 2 4 0 3 1 290 26
535 2 0 2 5 3 5 0 4 2 306 18
536 0 3 2 4 1 4 3 2 238 84
537 3 0 2 3 1 3 2 370 83
538 2 4 2 3 0 5 2 212 34
539 0 4 2 5 0 4 5 2 3 225 56
540 2 0 3 4 5 3 2 0 1006 10
541 0 3 4 3 2 3 0 407 45
542 2 0 2 4 3 5 0 1 1003 44
543 2 3 1 6 1 5 4 0 2 3 221 65
544 2 3 5 5 2 4 0 3 1 290 26
545 0 3 3 5 1 0 4 2 3 472 86
546 0 4 1 5 3 0 2 5 1 460 15
547 3 0 1 5 1 2 0 3 4 103 58
548 0 3 5 6 2 0 5 3 1 4 311 43
549 3 4 5 4 4 5 0 3 433 76
550 0 3 2 4 3 2 1 5 185 81
551 0 4 2 5 4 2 3 5 1 239 24
552 2 0 1 6 1 0 2 3 4 5 452 58
553 3 0 3 3 3 2 5 1060 51
554 2 3 3 4 1 2 3 0 185 81
555 2 3 2 3 2 0 5 339 13
556 2 0 5 3 1 2 3 654 88
557 2 3 6 6 3 5 1 0 2 4 274 69
558 0 3 1 6 2 1 5 0 3 4 192 27
559 2 0 2 5 3 5 0 4 2 306 18
560 2 3 3 4 4 1 2 5 47 60
561 2 0 1 4 1 5 2 4 834 81
562 3 0 2 6 1 5 4 0 2 3 257 38
563 2 0 2 3 2 0 1 145 44
564 2 0 3 4 0 3 1 5 256 61
565 0 4 3 5 2 3 5 0 1 135 25
566 2 3 2 5 0 4 2 3 1 379 75
567 0 3 5 6 4 0 3 5 1 2 386 11
568 0 3 2 6 5 4 0 1 3 2 478 53
569 2 3 1 3 5 1 2 185 37
570 2 4 2 3 3 0 2 135 22
571 2 0 4 3 2 0 1 145 44
572 3 4 2 4 4 5 0 3 433 76
573 2 4 3 6 3 5 4 2 0 1 356 97
574 0 4 1 5 5 4 2 1 0 309 29
575 3 0 4 4 5 1 3 4 605 28
576 3 4 2 6 4 0 2 5 1 3 216 49
577 3 4 2 4 1 2 5 0 205 69
578 3 4 4 6 3 1 5 0 2 4 320 21
579 3 4 3 6 0 1 4 3 5 2 187 55
580 0 4 5 3 5 1 2 533 83
581 2 4 2 3 3 0 2 135 22
582 2 4 2 3 2 3 5 177 12
583 2 4 2 5 4 3 2 1 5 548 90
584 3 4 2 6 3 1 5 0 2 4 320 21
585 0 4 2 5 5 4 2 1 0 309 29
586 3 0 3 4 5 1 3 4 605 28
587 3 0 4 5 0 1 3 2 5 111 90
588 0 3 2 5 1 0 4 2 3 472 86
90
589 3 0 1 3 5 1 4 768 15
590 3 0 6 3 3 2 5 1060 51
591 3 0 1 4 4 1 2 3 236 73
592 3 4 2 6 5 0 3 1 2 4 385 79
593 0 3 2 5 3 5 1 4 0 439 17
594 2 3 2 5 4 5 3 0 1 130 48
595 2 0 3 6 3 0 2 4 5 1 777 36
596 3 0 6 6 1 5 4 0 2 3 257 38
597 3 0 1 5 1 5 0 3 4 572 65
598 2 3 1 5 2 4 0 3 1 290 26
599 0 3 3 4 2 0 4 3 297 29
600 0 4 4 5 2 3 5 0 1 135 25
601 2 0 1 3 1 2 3 654 88
602 2 4 2 3 0 5 2 212 34
603 2 0 1 3 1 0 3 645 92
604 2 3 6 6 1 5 4 0 2 3 221 65
605 2 4 2 3 0 5 2 212 34
606 0 4 2 5 2 3 5 0 1 135 25
607 0 4 1 5 5 3 0 1 4 945 51
608 2 0 1 6 0 1 4 5 2 3 528 68
609 2 3 1 4 0 1 4 3 463 12
610 2 3 2 4 0 1 4 3 463 12
611 2 0 4 6 5 1 0 3 2 4 333 87
612 0 4 1 6 4 3 1 2 5 0 819 14
613 2 0 2 6 3 0 2 1 4 5 810 33
614 2 3 3 4 2 5 1 0 277 24
615 3 4 1 3 3 1 4 342 83
616 2 0 2 4 5 3 2 0 1006 10
617 2 0 1 3 3 5 1 110 67
618 2 3 2 3 4 1 3 366 94
619 3 4 2 5 1 3 0 4 2 302 61
620 0 4 2 3 2 1 4 364 37
621 2 3 1 5 4 5 3 0 1 130 48
622 2 0 1 3 0 4 5 71 35
623 0 4 2 6 0 2 4 3 1 5 405 36
624 0 4 2 5 2 3 5 0 1 135 25
625 0 4 1 5 0 4 5 2 3 225 56
626 2 3 1 5 1 2 4 0 3 123 35
627 2 0 6 5 2 0 4 3 1 646 96
628 0 3 2 6 4 0 3 1 5 2 574 37
629 3 0 2 5 0 1 3 2 5 111 90
630 2 0 1 3 1 3 5 726 40
631 3 4 2 5 1 4 5 0 3 341 94
632 2 4 2 4 0 5 3 2 150 30
633 0 3 2 4 2 0 4 3 297 29
634 3 0 2 6 0 4 2 5 1 3 455 13
635 3 4 2 5 3 1 5 0 2 440 49
636 2 4 4 6 3 5 4 2 0 1 356 97
637 2 4 1 5 4 2 3 0 5 302 72
638 2 0 2 5 3 5 0 4 2 306 18
639 3 4 4 5 3 4 5 1 2 58 12
640 2 4 1 4 0 5 3 1 154 38
641 3 4 2 6 4 0 2 5 1 3 216 49
642 0 4 2 4 2 4 5 0 377 28
643 0 4 5 5 0 4 3 2 5 722 100
644 2 0 1 6 3 0 2 4 5 1 777 36
645 0 3 2 4 1 4 3 2 238 84
646 0 4 1 3 2 3 5 859 18
647 3 4 1 3 0 1 4 157 61
648 2 3 1 3 5 1 2 185 37
649 0 4 2 5 3 0 2 5 1 460 15
650 2 4 1 4 1 5 2 3 503 36
651 2 3 2 3 4 1 3 366 94
652 2 0 1 4 0 3 1 5 256 61
653 0 4 2 6 0 4 1 3 2 5 480 21
654 3 0 2 5 1 5 0 3 4 572 65
655 3 0 1 3 3 1 5 546 90
656 2 3 5 6 2 4 1 0 5 3 397 40
657 2 4 3 3 0 5 2 212 34
658 3 0 4 6 0 4 2 5 1 3 455 13
659 2 4 4 4 5 3 2 4 547 86
660 3 0 5 4 5 0 1 2 730 40
661 0 3 3 3 4 1 2 306 66
662 2 4 2 4 0 5 3 1 154 38
663 2 0 3 6 1 0 2 3 4 5 452 58
664 3 4 3 3 1 0 4 222 30
665 3 4 2 3 3 1 4 342 83
666 3 4 3 5 2 5 4 0 1 181 81
667 0 3 3 6 2 1 5 0 3 4 192 27
668 0 4 3 5 5 3 0 1 4 945 51
669 2 3 2 4 4 1 2 5 47 60
670 2 3 2 5 5 4 0 3 1 292 94
671 0 4 4 5 2 3 5 0 1 135 25
672 0 3 2 3 3 5 4 90 69
673 0 3 3 6 2 5 0 4 3 1 167 13
674 2 4 5 5 4 2 3 0 5 302 72
675 3 0 2 4 4 1 5 3 234 91
676 2 4 2 4 5 3 2 4 547 86
677 3 0 6 4 1 4 5 2 266 90
678 3 4 3 4 1 0 5 2 485 15
87
679 3 0 1 4 5 0 1 2 730 40
680 0 4 3 5 2 3 5 0 1 135 25
681 2 4 9 4 0 5 3 2 150 30
682 2 3 1 3 4 1 3 366 94
683 0 4 1 4 0 2 1 5 1055 75
684 2 4 2 5 4 3 2 1 5 548 90
685 0 3 2 6 4 0 3 1 5 2 574 37
686 2 4 1 6 5 3 2 1 0 4 247 32
687 3 0 1 6 2 0 5 4 3 1 190 99
688 2 4 2 4 5 3 2 4 547 86
689 2 4 2 6 3 4 0 2 5 1 866 64
690 0 3 1 3 1 5 0 702 23
691 0 3 1 4 3 2 1 5 185 81
692 0 4 2 5 5 4 2 1 0 309 29
693 3 4 4 5 3 4 5 1 2 58 12
694 0 4 1 4 0 2 1 5 1055 75
695 2 0 7 3 1 0 3 645 92
696 2 4 1 5 4 2 3 0 5 302 72
697 3 4 1 3 3 1 4 342 83
698 2 3 4 6 2 4 1 0 5 3 397 40
699 2 0 2 6 3 0 2 1 4 5 810 33
700 3 4 1 6 4 0 2 5 1 3 216 49
701 2 3 4 4 1 2 3 5 272 65
702 2 3 2 4 0 1 4 3 463 12
703 0 3 1 3 3 5 4 90 69
704 0 3 1 4 1 5 2 4 433 37
705 2 0 2 5 2 4 1 0 3 661 58
706 2 3 1 4 0 2 5 1 478 31
707 0 3 1 4 3 2 1 5 185 81
708 3 4 4 4 0 4 5 3 220 14
709 2 0 4 3 3 0 1 751 17
710 2 0 2 4 0 3 1 5 256 61
711 3 0 1 4 4 1 2 3 236 73
712 2 3 4 3 4 1 3 366 94
713 0 4 2 6 4 3 1 2 5 0 819 14
714 2 0 3 5 3 5 0 4 2 911 33
715 0 3 4 3 1 5 0 702 23
716 0 3 1 4 3 2 1 5 185 81
717 0 4 1 5 3 0 2 5 1 460 15
718 3 4 1 4 4 5 0 3 433 76
719 2 4 5 6 4 2 5 0 1 3 109 16
720 2 0 2 6 1 0 2 3 4 5 452 58
721 3 4 5 4 4 5 0 3 433 76
722 3 0 2 4 5 1 3 4 605 28
723 2 4 7 3 3 0 2 135 22
724 0 3 1 3 4 1 2 306 66
725 2 4 2 4 1 5 2 3 503 36
726 3 4 2 3 0 1 4 157 61
727 2 0 2 6 3 0 2 4 5 1 777 36
728 2 0 1 3 3 0 1 751 17
729 3 4 1 5 1 3 0 4 2 302 61
730 3 4 3 6 3 1 5 0 2 4 320 21
731 3 4 3 5 1 4 5 0 3 341 94
732 3 4 2 6 0 2 4 1 3 5 192 16
733 2 3 3 6 3 5 1 0 2 4 274 69
734 3 0 2 5 1 5 0 3 4 572 65
735 3 0 3 5 1 2 0 3 4 103 58
736 3 4 1 6 3 1 5 0 2 4 320 21
737 2 0 1 3 3 5 1 110 67
738 2 4 1 3 3 2 4 434 79
739 3 4 3 6 0 1 4 3 5 2 187 55
740 3 4 2 6 4 0 2 5 1 3 216 49
741 3 0 3 3 1 3 2 370 83
742 3 4 6 5 3 4 5 1 2 58 12
743 2 4 2 6 3 5 4 2 0 1 356 97
744 3 0 3 3 1 3 2 370 83
745 0 4 3 3 5 1 2 533 83
746 2 4 5 6 0 1 3 2 5 4 697 59
747 0 3 2 6 0 5 1 2 3 4 369 62
748 0 3 2 6 4 0 3 1 5 2 574 37
749 0 3 2 5 1 0 4 2 3 472 86
750 3 4 3 4 5 4 1 0 230 41
751 0 4 3 4 0 2 1 5 1055 75
752 0 4 2 3 5 1 2 533 83
753 3 4 2 5 3 1 5 0 2 440 49
754 3 4 2 6 4 0 2 5 1 3 216 49
755 2 0 2 3 3 1 4 262 12
756 2 3 2 3 4 1 3 366 94
757 2 4 2 4 3 1 5 0 249 12
758 0 3 2 6 2 1 5 0 3 4 192 27
759 2 3 2 5 2 4 0 3 1 290 26
760 3 4 2 3 0 4 2 80 15
761 3 4 5 4 1 0 5 2 485 15
762 2 3 2 4 0 2 5 1 478 31
763 3 4 3 5 1 3 0 4 2 302 61
764 2 4 2 4 5 3 4 1 317 51
765 0 4 2 5 5 3 0 1 4 945 51
75
766 3 4 5 5 3 4 5 1 2 58 12
767 0 4 1 5 2 3 5 0 1 135 25
768 3 4 3 4 1 2 5 0 205 69
769 0 3 3 3 3 5 4 90 69
770 2 4 2 6 3 5 4 2 0 1 356 97
771 0 4 6 5 4 3 0 2 5 196 12
772 2 3 2 3 4 1 3 366 94
773 2 0 3 6 5 1 0 3 2 4 333 87
774 3 4 2 3 1 0 4 222 30
775 2 3 1 4 1 2 3 0 185 81
776 2 3 2 3 5 1 2 185 37
777 2 4 1 6 3 4 0 2 5 1 866 64
778 2 0 2 6 3 0 2 1 4 5 810 33
779 0 4 7 6 0 2 4 3 1 5 405 36
780 3 0 1 3 2 5 4 236 59
781 3 4 2 6 5 0 3 1 2 4 385 79
782 2 0 1 6 3 0 2 1 4 5 810 33
783 0 4 1 4 0 2 1 5 1055 75
784 0 3 2 3 1 5 0 702 23
785 2 3 2 6 3 5 1 0 2 4 274 69
786 0 4 1 5 5 4 2 1 0 309 29
787 2 3 2 4 4 1 2 5 47 60
788 3 4 2 6 3 1 5 0 2 4 320 21
789 0 3 1 4 1 4 3 2 238 84
790 2 4 5 6 3 4 0 2 5 1 866 64
791 0 4 3 4 0 2 1 5 1055 75
792 2 4 2 4 3 1 5 0 249 12
793 2 4 1 3 2 3 5 177 12
794 3 0 5 3 2 5 4 236 59
795 0 3 3 5 1 0 4 2 3 472 86
796 3 4 5 6 3 1 5 0 2 4 320 21
797 2 3 2 3 5 1 3 145 17
798 3 0 1 3 3 1 5 546 90
799 2 3 2 6 3 5 1 0 2 4 274 69
800 0 4 8 5 0 4 5 2 3 225 56
801 3 0 4 3 3 2 5 1060 51
802 0 3 2 3 3 5 4 90 69
803 3 4 5 4 0 4 5 3 220 14
804 2 0 4 6 3 0 2 4 5 1 777 36
805 2 4 2 3 2 3 5 177 12
806 2 3 2 3 4 1 3 366 94
807 0 3 2 4 1 4 3 2 238 84
808 3 0 3 6 2 3 4 0 1 5 554 93
809 3 4 2 6 2 1 4 0 3 5 66 70
810 0 4 4 5 0 4 5 2 3 225 56
811 2 4 4 3 3 2 4 434 79
812 3 4 2 6 0 1 4 3 5 2 187 55
813 0 3 3 6 1 0 2 4 3 5 78 63
814 2 0 2 3 1 0 3 645 92
815 0 4 7 6 0 2 4 3 1 5 405 36
816 0 3 3 4 2 0 4 3 297 29
817 0 4 2 5 2 3 5 0 1 135 25
818 2 0 1 5 2 0 4 3 1 646 96
819 3 4 7 5 1 4 5 0 3 341 94
820 3 4 3 3 0 1 4 157 61
821 0 3 3 5 0 5 4 3 2 464 34
822 3 4 5 3 0 4 2 80 15
823 2 3 2 6 2 4 1 0 5 3 397 40
824 3 0 2 6 0 5 2 4 1 3 347 86
825 3 0 1 3 4 3 1 504 86
826 0 3 2 6 4 0 3 5 1 2 386 11
827 0 3 2 6 1 0 2 4 3 5 78 63
828 0 3 2 6 4 0 3 5 1 2 386 11
829 2 0 2 3 1 3 5 726 40
830 2 0 3 5 3 5 0 4 2 306 18
831 3 0 4 3 2 0 1 532 64
832 2 4 2 3 3 0 2 135 22
833 3 0 4 6 2 3 4 0 1 5 554 93
834 2 3 3 4 2 5 1 0 277 24
835 3 0 3 4 5 0 1 2 730 40
836 0 3 2 6 4 0 3 5 1 2 386 11
837 2 3 6 4 2 5 1 0 277 24
838 2 4 2 4 5 3 2 4 547 86
839 3 0 2 6 2 0 5 4 3 1 190 99
840 2 0 2 6 5 1 0 3 2 4 333 87
93
841 3 4 1 6 2 1 4 0 3 5 66 70
842 0 3 1 4 1 4 3 2 238 84
843 3 0 3 3 1 3 2 370 83
844 0 4 1 6 4 2 5 3 1 0 314 97
845 2 0 2 3 1 0 3 645 92
846 3 0 3 5 1 5 0 3 4 572 65
847 2 4 1 4 4 0 3 1 581 63
848 2 4 2 6 3 5 4 2 0 1 356 97
849 2 0 2 3 2 0 1 145 44
850 0 3 3 4 3 2 1 5 185 81
851 3 0 3 4 4 1 5 3 234 91
852 2 4 3 5 4 2 3 0 5 302 72
853 3 4 3 5 2 5 4 0 1 181 81
854 2 3 2 3 5 1 3 145 17
855 2 4 1 6 1 2 5 4 0 3 156 71
856 0 3 3 5 1 0 4 5 2 262 40
857 3 4 3 6 0 2 4 1 3 5 192 16
858 2 3 3 3 5 1 3 145 17
859 3 0 5 4 5 1 3 4 605 28
860 2 0 6 6 1 0 2 3 4 5 452 58
861 0 4 1 4 0 2 1 5 1055 75
862 3 4 3 5 1 3 0 4 2 302 61
863 2 4 2 6 4 2 5 0 1 3 109 16
864 0 4 1 6 4 2 5 3 1 0 314 97
865 0 4 1 4 0 1 4 3 738 60
866 2 0 2 6 0 1 4 5 2 3 528 68
867 3 4 2 4 5 4 1 0 230 41
868 2 3 3 3 5 1 2 185 37
869 3 0 4 3 2 5 4 236 59
870 0 3 3 4 1 5 2 4 433 37
871 2 4 2 4 0 5 3 2 150 30
872 2 4 3 4 4 0 3 1 581 63
873 2 3 2 5 5 4 0 3 1 292 94
874 3 0 1 5 0 2 5 1 4 452 72
875 2 3 2 5 2 4 0 3 1 290 26
876 0 4 2 3 2 3 5 859 18
877 0 3 2 3 1 5 0 702 23
878 0 4 1 3 3 2 0 784 40
879 3 0 6 3 4 3 1 504 86
880 2 3 2 4 0 1 4 3 463 12
881 2 0 2 5 3 5 0 4 2 306 18
882 2 3 1 3 5 1 3 145 17
883 2 0 3 3 3 1 4 262 12
884 0 3 2 5 0 5 4 3 2 464 34
885 2 3 1 4 0 2 5 1 478 31
886 0 3 1 4 0 5 1 2 506 36
887 2 4 2 4 2 5 4 1 414 28
888 2 4 2 4 5 3 2 4 547 86
889 2 4 4 6 5 3 2 1 0 4 247 32
890 2 0 14 6 5 1 0 3 2 4 333 87
891 2 4 2 3 3 0 2 135 22
892 3 4 1 3 3 1 4 342 83
893 2 3 3 6 2 4 1 0 5 3 397 40
894 0 3 1 4 0 5 1 2 506 36
895 0 3 2 4 1 4 3 2 238 84
896 2 3 2 5 0 4 2 3 1 379 75
897 0 3 1 5 1 0 4 2 3 472 86
898 2 0 2 5 3 5 0 4 2 306 18
899 2 0 2 3 2 0 1 145 44
900 2 4 2 6 1 2 5 4 0 3 156 71
901 2 3 4 5 2 4 0 3 1 290 26
902 2 0 4 6 4 1 3 0 2 5 489 47
903 3 0 2 4 5 0 1 2 730 40
904 2 3 2 3 5 1 2 185 37
905 2 3 1 3 1 5 2 237 88
906 2 0 2 6 0 1 4 5 2 3 528 68
907 3 0 2 5 0 1 3 2 5 111 90
908 2 3 11 5 4 5 3 0 1 130 48
909 3 4 2 4 0 4 5 3 220 14
910 2 3 2 3 4 1 3 366 94
911 0 3 2 4 2 1 3 4 418 86
912 0 3 2 6 1 5 3 2 0 4 468 57
913 2 3 3 5 1 2 4 0 3 123 35
914 2 4 3 4 0 5 3 2 150 30
915 3 0 4 6 0 4 2 5 1 3 455 13
916 2 3 2 5 2 4 0 3 1 290 26
917 2 3 2 4 0 1 4 3 463 12
918 3 4 3 4 4 5 0 3 433 76
919 3 4 4 4 1 0 5 2 485 15
920 2 3 1 5 5 4 0 3 1 292 94
921 3 4 3 5 1 4 5 0 3 341 94
922 0 3 5 5 0 5 4 3 2 464 34
923 0 3 2 4 2 1 3 4 418 86
924 3 0 2 4 1 4 5 2 266 90
925 3 0 3 6 1 5 4 0 2 3 257 38
926 3 0 2 6 0 5 2 4 1 3 347 86
927 3 4 5 4 1 2 5 0 205 69
928 0 3 3 3 2 3 0 407 45
929 2 0 2 4 3 5 0 1 1003 44
930 2 0 2 5 2 0 4 3 1 646 96
931 3 4 3 4 4 5 0 3 433 76
932 3 0 3 5 1 2 0 3 4 103 58
933 3 0 3 5 1 5 0 3 4 572 65
75
934 0 4 1 5 3 0 2 5 1 460 15
935 2 4 2 4 0 5 3 2 150 30
936 3 0 1 4 4 1 2 3 236 73
937 2 3 3 5 4 5 3 0 1 130 48
938 0 4 1 5 4 2 3 5 1 239 24
939 0 3 1 5 1 0 4 2 3 472 86
940 0 3 3 4 0 5 1 2 506 36
941 2 3 6 4 3 5 2 4 225 73
942 2 4 2 6 0 1 3 2 5 4 697 59
943 2 0 1 6 5 1 0 3 2 4 333 87
944 3 4 3 3 0 1 4 157 61
945 0 4 1 5 5 3 0 1 4 945 51
946 2 3 2 6 2 4 1 0 5 3 397 40
947 3 0 2 3 1 3 2 370 83
948 2 4 1 6 5 3 2 1 0 4 247 32
949 2 0 6 6 3 0 2 4 5 1 777 36
950 0 3 1 6 1 5 3 2 0 4 468 57
951 3 4 1 3 3 1 4 342 83
952 3 4 1 3 0 1 4 157 61
953 0 4 1 3 3 2 0 784 40
954 2 3 1 3 5 1 3 145 17
955 3 4 1 5 3 1 5 0 2 440 49
956 3 0 3 3 5 1 4 768 15
957 3 4 2 6 3 1 5 0 2 4 320 21
958 2 0 2 6 0 1 4 5 2 3 528 68
959 0 4 2 5 4 2 3 5 1 239 24
960 3 0 3 6 0 4 2 5 1 3 455 13
961 2 3 4 5 0 4 2 3 1 379 75
962 3 4 3 3 0 1 4 157 61
963 2 3 1 4 0 4 1 5 297 45
964 3 0 1 6 2 3 4 0 1 5 554 93
965 2 0 6 4 1 5 2 4 834 81
966 2 4 2 5 4 3 2 1 5 548 90
967 2 4 1 6 3 4 0 2 5 1 866 64
968 2 0 3 5 3 5 0 4 2 911 33
969 2 4 1 6 0 1 3 2 5 4 697 59
970 2 0 1 5 0 3 5 1 2 570 10
971 2 4 2 6 4 2 5 0 1 3 109 16
972 0 4 2 3 5 1 2 533 83
973 2 3 3 3 2 0 5 339 13
974 3 4 3 4 1 0 5 2 485 15
975 2 0 6 5 0 3 5 1 2 570 10
976 3 0 3 3 3 2 5 1060 51
977 2 4 1 5 4 3 2 1 5 548 90
978 3 4 2 4 5 4 1 0 230 41
979 2 0 2 6 3 0 2 1 4 5 810 33
980 2 0 2 3 3 1 4 262 12
981 2 4 2 6 0 1 3 2 5 4 697 59
982 2 0 3 3 1 2 3 654 88
983 0 4 2 5 0 4 3 2 5 722 100
984 0 4 3 4 0 2 1 5 1055 75
985 0 3 2 4 1 5 2 4 433 37
986 3 4 4 6 2 1 4 0 3 5 66 70
987 3 0 1 6 0 4 2 5 1 3 455 13
988 2 3 6 3 5 1 3 145 17
989 3 0 3 6 2 0 5 4 3 1 190 99
990 2 4 5 5 4 3 2 1 5 548 90
991 2 0 4 3 3 5 1 110 67
992 2 4 1 5 4 3 2 1 5 548 90
993 2 0 3 3 0 4 5 71 35
994 0 3 2 3 1 5 0 702 23
995 2 4 2 6 0 1 3 2 5 4 697 59
996 2 4 3 6 5 3 2 1 0 4 247 32
997 2 3 1 5 2 4 0 3 1 290 26
998 2 0 2 6 0 1 3 5 4 2 1092 57
999 2 0 3 6 0 1 3 5 4 2 1092 57
1000 3 0 2 3 2 5 4 236 59
1001 2 0 5 3 3 1 4 262 12
1002 2 4 3 4 5 3 2 4 547 86
1003 0 4 2 5 4 2 3 5 1 239 24
1004 0 3 2 5 1 0 4 5 2 262 40
1005 0 3 4 4 3 2 1 5 185 81
1006 3 0 3 5 0 2 5 1 4 452 72
1007 3 0 2 4 5 0 1 2 730 40
1008 3 0 4 6 1 5 4 0 2 3 257 38
88
1009 0 3 1 3 4 1 2 306 66
1010 3 0 1 3 3 2 5 1060 51
1011 3 4 2 5 1 4 5 0 3 341 94
1012 2 4 1 6 3 5 4 2 0 1 356 97
1013 3 0 1 3 5 1 4 768 15
1014 2 0 1 5 3 5 0 4 2 911 33
1015 0 3 1 6 4 0 3 5 1 2 386 11
1016 2 3 2 4 2 5 1 0 277 24
1017 0 3 1 6 1 0 2 4 3 5 78 63
1018 0 4 1 6 0 4 1 3 2 5 480 21
1019 2 0 4 3 1 3 5 726 40
1020 0 3 5 6 2 5 0 4 3 1 167 13
1021 2 0 3 6 1 0 2 3 4 5 452 58
1022 0 4 1 6 2 0 5 1 3 4 770 20
1023 2 0 1 3 1 0 3 645 92
1024 3 0 3 3 0 4 5 422 51
1025 3 4 4 3 0 4 2 80 15
1026 0 3 3 4 3 2 1 5 185 81
1027 3 0 1 3 2 5 4 236 59
1028 2 3 8 4 3 5 2 4 225 73
1029 3 4 3 3 3 1 4 342 83
1030 3 4 1 3 0 1 4 157 61
1031 0 3 3 6 5 4 0 1 3 2 478 53
1032 3 4 1 6 0 1 4 3 5 2 187 55
1033 0 3 1 6 0 5 1 2 3 4 369 62
1034 2 4 6 6 1 2 5 4 0 3 156 71
1035 2 3 3 4 0 2 5 1 478 31
1036 2 3 1 3 5 1 2 185 37
1037 0 3 2 3 3 5 4 90 69
1038 0 3 1 5 1 0 4 2 3 472 86
1039 2 4 3 6 1 2 5 4 0 3 156 71
1040 2 0 2 3 3 1 4 262 12
1041 2 3 1 4 4 1 2 5 47 60
1042 2 4 3 6 0 1 3 2 5 4 697 59
1043 3 0 4 5 0 2 5 1 4 452 72
1044 3 0 2 6 2 3 4 0 1 5 554 93
1045 2 0 4 5 3 5 0 4 2 911 33
1046 3 0 1 4 1 4 5 2 266 90
1047 3 0 2 3 1 3 2 370 83
1048 2 0 2 4 0 3 1 5 256 61
1049 3 4 3 5 3 4 5 1 2 58 12
1050 2 4 2 3 0 5 2 212 34
1051 2 4 3 4 1 5 2 3 503 36
1052 2 4 4 4 0 5 3 1 154 38
1053 2 3 1 3 5 1 3 145 17
1054 3 4 1 5 3 4 5 1 2 58 12
1055 2 0 4 6 0 1 4 5 2 3 528 68
1056 0 4 5 3 2 3 5 859 18
1057 2 0 2 3 0 4 5 71 35
1058 3 0 2 5 1 2 0 3 4 103 58
1059 3 0 1 3 3 1 5 546 90
1060 3 0 4 6 2 0 5 4 3 1 190 99
1061 0 4 3 5 4 2 3 5 1 239 24
1062 2 3 5 3 1 5 2 237 88
1063 0 4 2 3 3 2 0 784 40
1064 2 0 1 4 0 3 1 5 256 61
1065 2 4 2 5 4 3 2 1 5 548 90
1066 0 3 5 6 4 0 3 5 1 2 386 11
1067 2 0 1 5 2 4 1 0 3 661 58
1068 3 0 3 5 1 5 0 2 3 557 23
1069 3 0 2 3 2 5 4 236 59
1070 2 3 3 6 5 0 2 3 1 4 577 38
1071 2 3 1 3 2 0 5 339 13
1072 2 0 2 5 2 4 1 0 3 661 58
1073 3 4 1 4 1 0 5 2 485 15
1074 3 4 3 5 2 5 4 0 1 181 81
1075 0 4 3 5 0 4 3 2 5 722 100
1076 2 3 2 3 5 1 3 145 17
1077 0 4 2 4 2 4 5 0 377 28
1078 2 3 4 5 4 5 3 0 1 130 48
1079 2 3 3 4 1 2 3 0 185 81
1080 2 0 2 6 0 1 4 5 2 3 528 68
1081 2 0 2 5 2 4 1 0 3 661 58
1082 3 4 2 4 5 4 1 0 230 41
1083 2 4 7 5 4 3 2 1 5 548 90
1084 2 4 2 4 1 5 2 3 503 36
1085 3 4 6 5 1 4 5 0 3 341 94
1086 3 0 2 5 1 5 0 2 3 557 23
1087 3 4 2 5 2 5 4 0 1 181 81
1088 0 4 2 3 5 1 2 533 83
1089 2 0 2 6 0 1 4 5 2 3 528 68
1090 2 4 4 6 4 2 5 0 1 3 109 16
1091 0 4 2 3 2 1 4 364 37
1092 3 0 3 4 5 0 1 2 730 40
1093 3 0 2 6 2 0 5 4 3 1 190 99
1094 2 4 3 4 0 5 3 2 150 30
1095 3 0 3 3 2 0 1 532 64
1096 2 4 2 3 3 0 2 135 22
84
1097 3 0 1 4 4 1 2 3 236 73
1098 0 3 1 4 2 1 3 4 418 86
1099 2 3 1 4 0 2 5 1 478 31
1100 3 4 1 5 2 5 4 0 1 181 81
1101 2 0 3 5 0 3 5 1 2 570 10
1102 2 4 2 4 1 5 2 3 503 36
1103 3 0 1 6 0 4 2 5 1 3 455 13
1104 0 3 1 5 3 5 1 4 0 439 17
1105 2 0 2 6 4 1 3 0 2 5 489 47
1106 2 4 1 4 3 1 5 0 249 12
1107 2 0 2 3 1 0 3 645 92
1108 2 4 1 6 4 2 5 0 1 3 109 16
1109 3 0 1 5 1 5 0 3 4 572 65
1110 2 4 1 4 0 5 3 1 154 38
1111 2 3 5 5 5 4 0 3 1 292 94
1112 0 4 1 3 5 1 2 533 83
1113 0 4 1 3 2 1 4 364 37
1114 0 4 1 3 2 1 4 364 37
1115 3 0 2 5 0 1 3 2 5 111 90
1116 2 0 1 3 1 0 3 645 92
1117 0 3 3 6 2 1 5 0 3 4 192 27
1118 3 4 1 5 1 4 5 0 3 341 94
1119 2 0 3 3 3 1 4 262 12
1120 2 0 3 3 1 3 5 726 40
1121 0 4 3 6 0 2 4 3 1 5 405 36
1122 0 4 1 3 2 1 4 364 37
1123 2 3 2 5 1 2 4 0 3 123 35
1124 3 4 2 3 1 0 4 222 30
1125 0 4 1 3 2 3 5 859 18
1126 3 0 2 6 0 5 2 4 1 3 347 86
1127 2 3 2 5 2 4 0 3 1 290 26
1128 2 0 3 5 3 5 0 4 2 306 18
1129 3 4 3 6 0 1 4 3 5 2 187 55
1130 2 3 2 4 1 2 3 0 185 81
1131 3 4 2 6 0 2 4 1 3 5 192 16
1132 2 3 2 6 2 4 1 0 5 3 397 40
1133 3 0 4 6 2 3 4 0 1 5 554 93
1134 3 4 2 6 2 1 4 0 3 5 66 70
1135 3 0 1 5 0 1 3 2 5 111 90
1136 2 4 1 6 1 2 5 4 0 3 156 71
1137 2 0 2 4 0 3 1 5 256 61
1138 2 3 6 3 1 5 2 237 88
1139 3 4 2 6 4 0 2 5 1 3 216 49
1140 3 4 1 5 2 5 4 0 1 181 81
1141 2 3 3 4 2 5 1 0 277 24
1142 3 0 1 5 0 1 3 2 5 111 90
1143 0 3 1 4 2 1 3 4 418 86
1144 0 3 1 6 1 0 2 4 3 5 78 63
1145 2 3 2 6 3 5 1 0 2 4 274 69
1146 2 4 4 6 0 1 3 2 5 4 697 59
1147 3 4 5 6 0 2 4 1 3 5 192 16
1148 2 4 3 6 5 3 2 1 0 4 247 32
1149 2 0 2 5 2 0 4 3 1 646 96
1150 0 3 2 4 2 1 3 4 418 86
1151 2 4 2 4 1 5 2 3 503 36
1152 2 4 3 6 0 1 3 2 5 4 697 59
1153 3 4 3 3 1 0 4 222 30
1154 2 3 2 4 3 5 2 4 225 73
1155 0 4 1 6 0 2 4 3 1 5 405 36
1156 0 4 2 3 5 1 2 533 83
1157 2 0 2 6 3 0 2 4 5 1 777 36
1158 3 4 2 5 1 3 0 4 2 302 61
1159 0 4 3 3 3 2 0 784 40
1160 0 4 3 3 3 2 0 784 40
1161 2 0 3 4 3 5 0 1 1003 44
1162 3 4 6 5 1 4 5 0 3 341 94
1163 0 4 3 5 4 2 3 5 1 239 24
1164 3 0 1 5 1 5 0 2 3 557 23
1165 0 4 2 3 5 1 2 533 83
1166 2 4 4 6 1 2 5 4 0 3 156 71
1167 2 3 2 4 1 2 3 5 272 65
1168 2 3 2 4 0 2 5 1 478 31
1169 2 4 3 4 3 1 5 0 249 12
1170 3 4 2 5 1 3 0 4 2 302 61
1171 0 4 1 6 0 4 1 3 2 5 480 21
1172 2 3 2 4 1 2 3 5 272 65
1173 2 4 2 3 0 5 2 212 34
1174 3 0 4 5 0 2 5 1 4 452 72
1175 3 0 2 3 5 1 4 768 15
1176 2 4 2 6 1 2 5 4 0 3 156 71
1177 2 3 3 6 3 5 1 0 2 4 274 69
1178 3 0 2 3 2 5 4 236 59
1179 0 3 5 4 1 5 2 4 433 37
1180 2 3 4 3 4 1 3 366 94
81
1181 0 3 1 3 4 1 2 306 66
1182 0 4 5 4 0 1 4 3 738 60
1183 0 3 3 4 1 4 3 2 238 84
1184 3 4 2 3 0 1 4 157 61
1185 2 0 2 3 1 2 3 654 88
1186 0 3 1 6 5 4 0 1 3 2 478 53
1187 2 0 2 4 5 3 2 0 1006 10
1188 0 4 2 4 2 4 5 0 377 28
1189 2 3 1 3 5 1 2 185 37
1190 3 4 1 4 5 4 1 0 230 41
1191 3 4 2 6 3 1 5 0 2 4 320 21
1192 0 3 1 4 2 0 4 3 297 29
1193 0 3 5 6 4 0 3 5 1 2 386 11
1194 3 4 2 6 4 0 2 5 1 3 216 49
1195 2 3 1 3 4 1 3 366 94
1196 2 0 1 3 3 0 1 751 17
1197 3 0 4 3 1 3 2 370 83
1198 2 4 1 3 2 3 5 177 12
1199 2 4 1 6 5 3 2 1 0 4 247 32
1200 0 3 4 6 4 0 3 5 1 2 386 11
1201 2 3 2 3 5 1 3 145 17
1202 2 3 4 5 1 2 4 0 3 123 35
1203 2 4 2 6 3 5 4 2 0 1 356 97
1204 2 0 1 3 3 0 1 751 17
1205 3 0 2 3 3 1 5 546 90
1206 3 4 4 6 2 1 4 0 3 5 66 70
1207 3 4 1 5 3 4 5 1 2 58 12
1208 2 3 3 6 5 0 2 3 1 4 577 38
1209 2 0 2 4 0 3 1 5 256 61
1210 3 4 1 4 0 4 5 3 220 14
1211 3 4 1 5 1 4 5 0 3 341 94
1212 0 3 2 5 3 5 1 4 0 439 17
1213 2 3 6 6 5 0 2 3 1 4 577 38
1214 0 3 2 6 4 0 3 1 5 2 574 37
1215 0 4 4 5 5 4 2 1 0 309 29
1216 2 3 2 4 2 5 1 0 277 24
1217 2 4 1 4 2 5 4 1 414 28
1218 3 0 5 5 0 1 3 2 5 111 90
1219 2 4 2 4 1 5 2 3 503 36
1220 2 0 1 4 0 3 1 5 256 61
1221 2 4 4 4 5 3 4 1 317 51
1222 2 3 1 3 4 1 3 366 94
1223 2 3 1 4 1 2 3 0 185 81
1224 2 0 5 6 3 0 2 4 5 1 777 36
1225 3 0 2 3 2 0 1 532 64
1226 3 4 1 4 1 2 5 0 205 69
1227 0 4 2 4 2 4 5 0 377 28
1228 3 0 4 4 5 1 3 4 605 28
1229 0 4 4 6 4 2 5 3 1 0 314 97
1230 2 3 2 3 5 1 3 145 17
1231 3 0 1 6 0 4 2 5 1 3 455 13
1232 0 3 3 3 3 5 4 90 69
1233 2 4 3 4 4 0 3 1 581 63
1234 0 3 3 4 1 4 3 2 238 84
1235 3 0 4 5 1 5 0 2 3 557 23
1236 2 0 1 3 3 1 4 262 12
1237 2 3 4 6 5 0 2 3 1 4 577 38
1238 3 4 2 6 5 0 3 1 2 4 385 79
1239 0 4 1 4 0 1 4 3 738 60
1240 0 3 3 4 0 5 1 2 506 36
1241 3 4 3 3 3 1 4 342 83
1242 2 4 1 5 4 3 2 1 5 548 90
1243 2 3 3 4 2 5 1 0 277 24
1244 2 0 2 4 5 3 2 0 1006 10
1245 2 4 3 4 2 5 4 1 414 28
1246 2 0 3 3 1 3 5 726 40
1247 0 3 1 4 0 5 1 2 506 36
1248 3 0 2 4 1 4 5 2 266 90
1249 2 3 2 4 0 4 1 5 297 45
1250 2 0 2 5 2 4 1 0 3 661 58
1251 3 0 3 4 4 1 5 3 234 91
1252 0 4 2 4 2 4 5 0 377 28
1253 2 4 2 4 5 3 4 1 317 51
1254 3 0 1 4 1 4 5 2 266 90
1255 2 3 2 6 1 5 4 0 2 3 221 65
1256 0 4 2 5 0 4 5 2 3 225 56
1257 0 3 2 4 0 5 1 2 506 36
1258 3 0 6 3 2 5 4 236 59
1259 0 4 2 6 4 3 1 2 5 0 819 14
1260 2 0 3 4 5 3 2 0 1006 10
1261 3 4 2 4 4 5 0 3 433 76
86
1262 0 4 1 5 5 4 2 1 0 309 29
1263 3 0 3 3 5 1 4 768 15
1264 3 4 3 5 2 5 4 0 1 181 81
1265 0 3 1 3 3 5 4 90 69
1266 2 0 2 3 1 2 3 654 88
1267 0 4 3 4 2 4 5 0 377 28
1268 3 0 4 5 0 2 5 1 4 452 72
1269 2 4 1 3 3 2 4 434 79
1270 0 4 5 6 4 2 5 3 1 0 314 97
1271 2 0 3 3 3 0 1 751 17
1272 2 3 2 4 1 2 3 5 272 65
1273 2 3 2 4 1 2 3 0 185 81
1274 0 4 2 5 5 3 0 1 4 945 51
1275 3 0 2 4 4 1 5 3 234 91
1276 2 0 4 4 5 3 2 0 1006 10
1277 3 4 4 6 2 1 4 0 3 5 66 70
1278 2 4 2 6 3 4 0 2 5 1 866 64
1279 2 3 1 6 5 0 2 3 1 4 577 38
1280 3 4 1 4 0 4 5 3 220 14
1281 2 4 1 4 0 5 3 1 154 38
1282 2 4 1 4 0 5 3 1 154 38
1283 0 3 2 3 2 3 0 407 45
1284 2 4 4 6 1 2 5 4 0 3 156 71
1285 2 0 3 5 0 3 5 1 2 570 10
1286 0 3 3 5 3 5 1 4 0 439 17
1287 2 0 1 3 3 5 1 110 67
1288 3 0 1 3 3 2 5 1060 51
1289 3 4 2 5 3 4 5 1 2 58 12
1290 2 4 1 4 5 3 4 1 317 51
1291 3 4 2 4 4 5 0 3 433 76
1292 3 0 2 4 5 1 3 4 605 28
1293 3 4 2 5 1 3 0 4 2 302 61
1294 2 3 3 3 4 1 3 366 94
1295 2 4 1 6 3 4 0 2 5 1 866 64
1296 2 3 4 6 5 0 2 3 1 4 577 38
1297 2 4 2 5 4 3 2 1 5 548 90
1298 2 3 1 6 3 5 1 0 2 4 274 69
1299 3 4 1 5 4 3 1 5 0 353 56
1300 2 0 2 3 1 3 5 726 40
1301 2 0 4 3 1 2 3 654 88
1302 0 4 1 5 2 3 5 0 1 135 25
1303 2 0 2 3 0 4 5 71 35
1304 2 3 1 4 2 5 1 0 277 24
1305 2 3 4 3 2 0 5 339 13
1306 2 4 2 4 1 5 2 3 503 36
1307 2 3 3 3 1 5 2 237 88
1308 2 0 4 3 3 5 1 110 67
1309 2 0 1 6 3 0 2 4 5 1 777 36
1310 2 0 2 6 1 0 2 3 4 5 452 58
1311 2 0 5 3 1 2 3 654 88
1312 2 3 2 5 0 4 2 3 1 379 75
1313 2 3 3 5 0 4 2 3 1 379 75
1314 3 4 2 6 0 1 4 3 5 2 187 55
1315 2 4 7 3 2 3 5 177 12
1316 2 4 4 6 1 2 5 4 0 3 156 71
1317 2 4 5 4 4 0 3 1 581 63
1318 3 4 2 4 4 5 0 3 433 76
1319 2 4 1 4 5 3 2 4 547 86
1320 0 3 2 4 1 5 2 4 433 37
1321 2 4 13 5 4 2 3 0 5 302 72
1322 3 4 3 5 1 3 0 4 2 302 61
1323 2 3 5 4 0 2 5 1 478 31
1324 0 4 3 6 4 3 1 2 5 0 819 14
1325 3 0 2 5 1 5 0 3 4 572 65
1326 2 0 2 4 3 5 0 1 1003 44
1327 0 4 4 4 2 4 5 0 377 28
1328 3 4 2 6 4 0 2 5 1 3 216 49
1329 2 3 1 3 2 0 5 339 13
1330 2 4 3 4 5 3 2 4 547 86
1331 3 4 2 5 2 5 4 0 1 181 81
1332 0 3 3 5 0 5 4 3 2 464 34
1333 0 3 1 6 4 0 3 1 5 2 574 37
1334 3 4 1 5 1 3 0 4 2 302 61
1335 3 0 5 3 2 5 4 236 59
1336 0 3 3 4 0 5 1 2 506 36
1337 2 4 2 4 3 1 5 0 249 12
1338 0 3 2 3 1 5 0 702 23
1339 0 4 2 6 0 2 4 3 1 5 405 36
1340 2 0 2 3 2 0 1 145 44
1341 3 4 1 3 3 1 4 342 83
1342 2 3 8 6 3 5 1 0 2 4 274 69
1343 0 3 2 4 1 4 3 2 238 84
1344 3 4 2 4 1 2 5 0 205 69
1345 2 3 6 3 5 1 2 185 37
1346 3 0 2 5 1 2 0 3 4 103 58
1347 2 0 5 3 0 4 5 71 35
80
1348 2 3 1 3 5 1 3 145 17
1349 3 4 1 3 0 1 4 157 61
1350 2 4 3 4 5 3 2 4 547 86
1351 2 4 1 4 4 0 3 1 581 63
1352 2 3 1 5 2 4 0 3 1 290 26
1353 2 0 2 3 0 4 5 71 35
1354 0 3 1 6 4 0 3 1 5 2 574 37
1355 2 3 3 4 1 2 3 5 272 65
1356 2 4 3 5 4 3 2 1 5 548 90
1357 2 4 1 4 5 3 4 1 317 51
1358 3 0 2 3 2 0 1 532 64
1359 0 3 2 4 0 5 1 2 506 36
1360 0 4 3 5 4 2 3 5 1 239 24
1361 2 4 1 3 2 3 5 177 12
1362 0 4 2 5 0 4 3 2 5 722 100
1363 0 3 3 6 4 0 3 1 5 2 574 37
1364 3 0 2 6 0 5 2 4 1 3 347 86
1365 0 4 1 3 5 1 2 533 83
1366 2 0 2 6 0 1 3 5 4 2 1092 57
1367 3 4 1 5 1 4 5 0 3 341 94
1368 0 3 1 6 2 1 5 0 3 4 192 27
1369 2 0 2 3 2 0 1 145 44
1370 3 4 3 5 2 5 4 0 1 181 81
1371 0 3 1 3 4 1 2 306 66
1372 3 4 2 4 4 5 0 3 433 76
1373 0 3 1 6 4 0 3 1 5 2 574 37
1374 0 3 1 4 3 2 1 5 185 81
1375 2 0 1 5 3 5 0 4 2 306 18
1376 0 3 6 4 1 5 2 4 433 37
1377 2 0 2 6 3 0 2 4 5 1 777 36
1378 3 0 1 4 4 1 2 3 236 73
1379 3 4 3 4 4 5 0 3 433 76
1380 2 0 2 3 1 2 3 654 88
1381 3 0 2 3 0 4 5 422 51
1382 2 3 2 6 5 0 2 3 1 4 577 38
1383 3 0 2 3 1 3 2 370 83
1384 0 4 3 5 0 4 3 2 5 722 100
1385 0 4 1 6 4 3 1 2 5 0 819 14
1386 2 0 2 6 1 0 2 3 4 5 452 58
1387 2 3 4 5 0 4 2 3 1 379 75
1388 2 3 1 4 0 4 1 5 297 45
1389 2 4 4 6 1 2 5 4 0 3 156 71
1390 3 0 1 6 2 0 5 4 3 1 190 99
1391 3 4 3 3 3 1 4 342 83
1392 3 4 2 6 4 0 2 5 1 3 216 49
1393 3 4 3 6 4 0 2 5 1 3 216 49
1394 2 0 1 3 3 0 1 751 17
1395 0 4 2 5 5 3 0 1 4 945 51
1396 2 3 1 3 4 1 3 366 94
1397 2 0 1 5 0 3 5 1 2 570 10
1398 0 4 3 6 2 0 5 1 3 4 770 20
1399 2 3 4 6 1 5 4 0 2 3 221 65
1400 3 0 2 5 0 1 3 2 5 111 90
1401 2 4 3 6 4 2 5 0 1 3 109 16
1402 2 4 5 6 3 4 0 2 5 1 866 64
1403 0 3 6 6 5 4 0 1 3 2 478 53
1404 3 0 3 3 2 0 1 532 64
1405 0 3 4 6 4 0 3 1 5 2 574 37
1406 0 3 2 5 3 5 1 4 0 439 17
1407 3 0 2 3 5 1 4 768 15
1408 3 0 1 3 4 3 1 504 86
1409 0 4 2 5 0 4 5 2 3 225 56
1410 2 0 3 5 2 4 1 0 3 661 58
1411 2 3 1 3 4 1 3 366 94
1412 0 4 2 3 3 2 0 784 40
1413 0 3 3 5 1 0 4 2 3 472 86
1414 3 4 3 6 0 2 4 1 3 5 192 16
1415 2 0 1 4 3 5 0 1 1003 44
1416 3 0 1 6 0 5 2 4 1 3 347 86
1417 0 4 4 5 4 2 3 5 1 239 24
1418 3 0 2 3 3 1 5 546 90
1419 0 4 2 6 4 3 1 2 5 0 819 14
1420 3 0 5 3 0 4 5 422 51
1421 2 4 4 3 3 2 4 434 79
1422 2 4 2 4 2 5 4 1 414 28
1423 2 3 3 5 1 2 4 0 3 123 35
1424 2 4 6 6 4 2 5 0 1 3 109 16
1425 2 0 2 5 0 3 5 1 2 570 10
1426 3 0 3 4 5 1 3 4 605 28
1427 2 3 2 3 2 0 5 339 13
102
1428 2 3 1 3 2 0 5 339 13
1429 0 3 3 5 3 5 1 4 0 439 17
1430 0 4 4 5 2 3 5 0 1 135 25
1431 0 4 7 5 0 4 3 2 5 722 100
1432 0 4 1 6 2 0 5 1 3 4 770 20
1433 2 0 4 3 3 5 1 110 67
1434 0 3 1 3 3 5 4 90 69
1435 0 3 1 5 1 0 4 2 3 472 86
1436 3 4 1 3 0 1 4 157 61
1437 2 0 4 5 2 4 1 0 3 661 58
1438 0 4 3 3 2 1 4 364 37
1439 2 0 2 6 1 0 2 3 4 5 452 58
1440 3 4 1 4 4 2 3 1 227 22
1441 3 0 1 6 2 0 5 4 3 1 190 99
1442 2 4 4 3 2 3 5 177 12
1443 0 3 1 6 4 0 3 1 5 2 574 37
1444 2 0 2 5 2 4 1 0 3 661 58
1445 3 4 3 5 4 3 1 5 0 353 56
1446 3 4 1 5 4 3 1 5 0 353 56
1447 2 3 1 4 1 2 3 5 272 65
1448 0 3 2 3 2 3 0 407 45
1449 3 4 3 6 3 1 5 0 2 4 320 21
1450 0 3 1 5 1 0 4 5 2 262 40
1451 2 3 2 4 4 1 2 5 47 60
1452 2 0 3 5 0 3 5 1 2 570 10
1453 0 4 2 3 2 1 4 364 37
1454 3 4 2 3 0 1 4 157 61
1455 3 4 2 4 0 4 5 3 220 14
1456 2 3 2 4 3 4 0 2 242 60
1457 3 0 1 5 1 2 0 3 4 103 58
1458 2 0 2 3 1 0 3 645 92
1459 0 4 3 4 2 4 5 0 377 28
1460 3 4 2 5 3 4 5 1 2 58 12
1461 0 3 2 5 3 5 1 4 0 439 17
1462 3 4 2 3 3 1 4 342 83
1463 2 0 3 6 0 1 3 5 4 2 1092 57
1464 0 3 3 4 2 1 3 4 418 86
1465 3 4 1 3 1 0 4 222 30
1466 3 0 6 4 4 1 2 3 236 73
1467 0 3 1 4 2 0 4 3 297 29
1468 3 4 1 4 1 0 5 2 485 15
1469 2 3 2 4 0 2 5 1 478 31
1470 2 4 1 5 4 3 2 1 5 548 90
1471 0 3 5 3 2 3 0 407 45
1472 2 0 2 6 3 0 2 4 5 1 777 36
1473 2 3 1 6 1 5 4 0 2 3 221 65
1474 3 0 2 5 1 5 0 3 4 572 65
1475 2 4 2 4 5 3 4 1 317 51
1476 3 4 1 4 0 4 5 3 220 14
1477 2 3 3 4 3 4 0 2 242 60
1478 2 4 1 4 0 5 3 1 154 38
1479 3 4 7 4 5 4 1 0 230 41
1480 0 3 2 4 2 0 4 3 297 29
1481 2 3 3 5 1 2 4 0 3 123 35
1482 2 4 1 3 0 5 2 212 34
1483 3 0 2 5 0 1 3 2 5 111 90
1484 3 0 1 3 4 3 1 504 86
1485 2 0 1 6 0 1 3 5 4 2 1092 57
1486 0 3 2 6 1 5 3 2 0 4 468 57
1487 3 0 4 4 5 1 3 4 605 28
1488 2 3 1 6 3 5 1 0 2 4 274 69
1489 0 4 2 3 3 2 0 784 40
1490 2 3 4 5 4 5 3 0 1 130 48
1491 2 0 2 5 3 5 0 4 2 911 33
1492 2 3 3 6 5 0 2 3 1 4 577 38
1493 2 3 1 5 4 5 3 0 1 130 48
1494 3 0 2 3 5 1 4 768 15
1495 2 4 1 3 2 3 5 177 12
1496 0 4 6 5 4 3 0 2 5 196 12
1497 2 4 3 3 3 2 4 434 79
1498 0 3 1 3 1 5 0 702 23
1499 3 0 2 6 2 3 4 0 1 5 554 93
1500 2 4 2 6 3 4 0 2 5 1 866 64
1501 0 4 2 6 2 0 5 1 3 4 770 20
1502 3 0 2 4 1 4 5 2 266 90
1503 0 4 3 3 2 1 4 364 37
1504 2 0 1 6 1 0 2 3 4 5 452 58
1505 0 4 5 6 4 3 1 2 5 0 819 14
1506 2 0 1 4 3 5 0 1 1003 44
1507 3 0 2 3 2 5 4 236 59
1508 3 4 2 4 1 0 5 2 485 15
1509 3 4 2 3 0 4 2 80 15
1510 3 4 2 5 1 3 0 4 2 302 61
1511 2 0 4 3 3 0 1 751 17
1512 3 0 2 3 0 4 5 422 51
1513 0 4 2 6 0 2 4 3 1 5 405 36
1514 2 4 2 4 2 5 4 1 414 28
1515 0 3 1 6 1 0 2 4 3 5 78 63
1516 3 4 2 4 0 4 5 3 220 14
1517 3 0 2 5 1 2 0 3 4 103 58
1518 2 4 6 4 2 5 4 1 414 28
1519 0 3 2 3 2 3 0 407 45
1520 0 3 2 4 1 4 3 2 238 84
1521 2 3 2 4 2 5 1 0 277 24
1522 2 4 2 4 3 1 5 0 249 12
1523 3 4 2 6 0 1 4 3 5 2 187 55
1524 2 0 2 5 3 5 0 4 2 306 18
1525 2 0 2 3 1 2 3 654 88
1526 2 3 3 5 5 4 0 3 1 292 94
1527 0 3 5 6 4 0 3 5 1 2 386 11
1528 3 0 3 5 1 5 0 3 4 572 65
1529 2 4 2 4 1 5 2 3 503 36
81
1530 3 4 2 4 5 4 1 0 230 41
1531 3 4 3 6 5 0 3 1 2 4 385 79
1532 2 3 1 4 0 2 5 1 478 31
1533 3 4 4 5 1 3 0 4 2 302 61
1534 0 4 1 6 4 3 1 2 5 0 819 14
1535 3 4 1 4 0 4 5 3 220 14
1536 2 0 2 4 1 5 2 4 834 81
1537 2 4 1 6 1 2 5 4 0 3 156 71
1538 3 4 1 5 2 5 4 0 1 181 81
1539 2 4 1 4 4 0 3 1 581 63
1540 2 0 1 3 2 0 1 145 44
1541 0 4 2 3 2 1 4 364 37
1542 2 4 2 6 0 1 3 2 5 4 697 59
1543 3 0 2 4 4 1 5 3 234 91
1544 2 0 3 3 3 1 4 262 12
1545 0 4 1 4 0 2 1 5 1055 75
1546 2 4 2 6 3 4 0 2 5 1 866 64
1547 2 4 6 6 5 3 2 1 0 4 247 32
1548 3 0 2 5 0 2 5 1 4 452 72
1549 3 0 3 6 2 0 5 4 3 1 190 99
1550 3 4 2 6 4 0 2 5 1 3 216 49
1551 3 4 2 6 4 0 2 5 1 3 216 49
1552 2 4 2 6 4 2 5 0 1 3 109 16
1553 2 3 1 5 1 2 4 0 3 123 35
1554 0 4 2 5 0 4 5 2 3 225 56
1555 0 3 1 4 0 5 1 2 506 36
1556 3 0 4 6 2 3 4 0 1 5 554 93
1557 0 4 4 3 3 2 0 784 40
1558 2 3 2 6 5 0 2 3 1 4 577 38
1559 2 3 3 3 5 1 2 185 37
1560 2 4 2 4 3 1 5 0 249 12
1561 2 4 1 4 5 3 2 4 547 86
1562 2 3 1 4 1 2 3 0 185 81
1563 3 4 2 5 1 4 5 0 3 341 94
1564 3 4 1 4 4 5 0 3 433 76
1565 0 3 5 6 0 5 1 2 3 4 369 62
1566 2 3 2 3 4 1 3 366 94
1567 3 0 3 4 1 4 5 2 266 90
1568 3 0 6 3 0 4 5 422 51
1569 3 4 3 5 1 3 0 4 2 302 61
1570 2 3 2 5 2 4 0 3 1 290 26
1571 2 3 3 4 0 1 4 3 463 12
1572 3 0 1 3 5 1 4 768 15
1573 2 3 1 4 4 1 2 5 47 60
1574 3 4 1 6 2 1 4 0 3 5 66 70
1575 3 0 5 5 0 2 5 1 4 452 72
1576 0 3 2 3 4 1 2 306 66
1577 2 0 5 3 3 0 1 751 17
1578 0 3 5 3 2 3 0 407 45
1579 2 4 2 3 3 2 4 434 79
1580 2 3 2 4 3 5 2 4 225 73
1581 3 0 3 3 3 2 5 1060 51
1582 0 3 3 5 3 5 1 4 0 439 17
1583 0 4 2 5 4 2 3 5 1 239 24
1584 0 4 3 3 2 3 5 859 18
1585 3 0 4 3 5 1 4 768 15
1586 3 4 2 4 4 2 3 1 227 22
1587 0 4 2 3 3 2 0 784 40
1588 0 3 3 6 5 4 0 1 3 2 478 53
1589 2 3 1 5 5 4 0 3 1 292 94
1590 2 4 4 4 0 5 3 2 150 30
1591 2 4 1 6 5 3 2 1 0 4 247 32
1592 0 4 2 6 0 4 1 3 2 5 480 21
1593 3 4 3 3 0 1 4 157 61
1594 2 4 4 3 3 0 2 135 22
1595 2 0 2 6 3 0 2 1 4 5 810 33
1596 0 4 2 5 2 3 5 0 1 135 25
1597 2 4 6 4 4 0 3 1 581 63
1598 2 3 2 6 5 0 2 3 1 4 577 38
1599 2 3 2 4 3 5 2 4 225 73
1600 0 4 3 5 0 4 3 2 5 722 100
1601 2 3 4 4 0 1 4 3 463 12
1602 2 4 3 3 3 0 2 135 22
1603 0 3 3 3 1 5 0 702 23
1604 2 0 4 3 2 0 1 145 44
1605 2 0 3 3 0 4 5 71 35
1606 2 0 2 3 3 5 1 110 67
1607 0 3 3 3 2 3 0 407 45
1608 3 0 3 3 0 4 5 422 51
1609 2 4 2 5 4 3 2 1 5 548 90
1610 3 0 2 3 1 3 2 370 83
103
1611 2 3 1 4 0 2 5 1 478 31
1612 3 4 2 4 0 4 5 3 220 14
1613 2 0 2 6 0 1 4 5 2 3 528 68
1614 2 4 1 4 0 5 3 2 150 30
1615 0 4 1 5 4 2 3 5 1 239 24
1616 0 3 4 3 3 5 4 90 69
1617 3 0 2 6 0 4 2 5 1 3 455 13
1618 3 4 4 6 3 1 5 0 2 4 320 21
1619 3 4 2 5 1 4 5 0 3 341 94
1620 3 4 1 6 5 0 3 1 2 4 385 79
1621 2 3 3 3 2 0 5 339 13
1622 0 3 2 6 1 0 2 4 3 5 78 63
1623 2 0 1 6 5 1 0 3 2 4 333 87
1624 3 0 1 4 1 4 5 2 266 90
1625 0 3 2 6 2 5 0 4 3 1 167 13
1626 0 4 4 5 5 3 0 1 4 945 51
1627 0 4 4 5 0 4 3 2 5 722 100
1628 2 3 1 4 0 1 4 3 463 12
1629 3 0 7 5 0 1 3 2 5 111 90
1630 0 4 2 5 5 3 0 1 4 945 51
1631 2 3 3 4 3 5 2 4 225 73
1632 3 0 3 6 1 5 4 0 2 3 257 38
1633 2 0 2 3 1 2 3 654 88
1634 0 4 1 5 5 3 0 1 4 945 51
1635 0 4 5 3 3 2 0 784 40
1636 3 0 2 4 5 1 3 4 605 28
1637 3 0 4 6 2 0 5 4 3 1 190 99
1638 3 4 3 5 3 1 5 0 2 440 49
1639 0 3 1 6 5 4 0 1 3 2 478 53
1640 2 3 2 4 4 1 2 5 47 60
1641 2 3 1 4 0 1 4 3 463 12
1642 0 3 3 6 4 0 3 5 1 2 386 11
1643 2 3 2 5 4 5 3 0 1 130 48
1644 2 0 1 6 3 0 2 4 5 1 777 36
1645 2 3 1 4 1 2 3 0 185 81
1646 3 0 2 3 3 1 5 546 90
1647 3 4 2 3 1 0 4 222 30
1648 0 4 2 4 2 4 5 0 377 28
1649 2 4 2 6 1 2 5 4 0 3 156 71
1650 0 3 6 6 4 0 3 5 1 2 386 11
1651 3 0 1 3 5 1 4 768 15
1652 2 0 3 3 0 4 5 71 35
1653 2 0 2 3 1 2 3 654 88
1654 3 4 1 4 4 5 0 3 433 76
1655 0 4 2 6 4 3 1 2 5 0 819 14
1656 0 4 3 5 5 4 2 1 0 309 29
1657 0 3 2 4 3 2 1 5 185 81
1658 2 3 6 5 1 2 4 0 3 123 35
1659 3 4 2 6 3 1 5 0 2 4 320 21
1660 0 3 2 5 1 0 4 5 2 262 40
1661 2 3 1 3 1 5 2 237 88
1662 2 3 1 3 4 1 3 366 94
1663 0 3 3 4 2 1 3 4 418 86
1664 0 3 2 4 1 4 3 2 238 84
1665 0 4 1 5 5 3 0 1 4 945 51
1666 2 3 3 4 3 4 0 2 242 60
1667 2 4 3 6 3 5 4 2 0 1 356 97
1668 2 3 4 4 2 5 1 0 277 24
1669 2 0 2 4 0 3 1 5 256 61
1670 0 3 3 5 3 5 1 4 0 439 17
1671 3 4 5 5 3 1 5 0 2 440 49
1672 0 4 4 5 4 2 3 5 1 239 24
1673 3 4 3 6 5 0 3 1 2 4 385 79
1674 2 0 2 6 1 0 2 3 4 5 452 58
1675 0 3 1 6 1 5 3 2 0 4 468 57
1676 3 4 2 6 5 0 3 1 2 4 385 79
1677 2 3 1 6 5 0 2 3 1 4 577 38
1678 2 0 1 3 3 0 1 751 17
1679 2 4 2 6 3 5 4 2 0 1 356 97
1680 0 4 1 5 4 2 3 5 1 239 24
1681 2 4 4 6 0 1 3 2 5 4 697 59
1682 0 3 3 5 0 5 4 3 2 464 34
1683 3 4 2 3 1 0 4 222 30
1684 2 4 2 6 3 4 0 2 5 1 866 64
1685 2 3 6 4 3 5 2 4 225 73
1686 2 0 4 3 3 0 1 751 17
1687 3 0 2 4 1 4 5 2 266 90
1688 2 0 2 4 5 3 2 0 1006 10
1689 2 3 4 6 1 5 4 0 2 3 221 65
1690 2 0 3 4 1 5 2 4 834 81
1691 0 4 2 3 5 1 2 533 83
1692 2 0 2 3 2 0 1 145 44
1693 2 0 2 5 3 5 0 4 2 306 18
1694 0 3 1 4 1 4 3 2 238 84
1695 2 0 3 4 3 5 0 1 1003 44
1696 2 3 4 4 2 5 1 0 277 24
1697 2 3 1 5 0 4 2 3 1 379 75
1698 0 3 2 4 1 5 2 4 433 37
1699 2 4 2 6 0 1 3 2 5 4 697 59
1700 0 4 3 6 2 0 5 1 3 4 770 20
1701 2 0 3 6 5 1 0 3 2 4 333 87
1702 0 4 3 4 2 4 5 0 377 28
1703 0 4 2 3 3 2 0 784 40
1704 0 4 2 5 4 2 3 5 1 239 24
1705 2 0 2 3 2 0 1 145 44
1706 2 3 2 3 1 5 2 237 88
1707 0 3 2 3 4 1 2 306 66
1708 2 0 3 3 1 0 3 645 92
1709 2 4 2 5 4 3 2 1 5 548 90
1710 2 4 2 4 0 5 3 1 154 38
1711 0 4 2 6 0 2 4 3 1 5 405 36
1712 2 0 3 5 3 5 0 4 2 306 18
1713 0 4 2 6 4 3 1 2 5 0 819 14
95
1714 2 0 2 6 1 0 2 3 4 5 452 58
1715 2 0 1 3 3 5 1 110 67
1716 2 4 2 4 2 5 4 1 414 28
1717 2 4 1 6 0 1 3 2 5 4 697 59
1718 3 0 1 3 1 3 2 370 83
1719 3 4 1 4 5 4 1 0 230 41
1720 0 3 1 6 0 5 1 2 3 4 369 62
1721 3 0 1 5 1 2 0 3 4 103 58
1722 2 3 1 4 3 5 2 4 225 73
1723 0 3 7 4 2 0 4 3 297 29
1724 2 4 2 3 0 5 2 212 34
1725 2 4 1 4 5 3 4 1 317 51
1726 0 4 1 5 0 4 5 2 3 225 56
1727 0 4 1 3 5 1 2 533 83
1728 2 4 5 6 1 2 5 4 0 3 156 71
1729 0 4 4 3 2 1 4 364 37
1730 2 0 3 4 0 3 1 5 256 61
1731 2 0 2 3 3 5 1 110 67
1732 2 4 1 4 5 3 4 1 317 51
1733 3 0 2 4 1 4 5 2 266 90
1734 2 3 3 3 4 1 3 366 94
1735 2 3 9 5 1 2 4 0 3 123 35
1736 2 3 2 6 2 4 1 0 5 3 397 40
1737 0 4 2 5 0 4 5 2 3 225 56
1738 3 0 3 4 4 1 2 3 236 73
1739 0 3 3 6 1 5 3 2 0 4 468 57
1740 2 0 4 3 3 1 4 262 12
1741 0 3 1 6 0 5 1 2 3 4 369 62
1742 2 0 2 5 2 4 1 0 3 661 58
1743 3 0 1 6 1 5 4 0 2 3 257 38
1744 3 0 2 4 1 4 5 2 266 90
1745 0 3 2 4 1 4 3 2 238 84
1746 2 3 1 5 4 5 3 0 1 130 48
1747 2 4 6 3 0 5 2 212 34
1748 0 3 1 3 1 5 0 702 23
1749 2 0 3 3 3 5 1 110 67
1750 3 4 1 6 0 1 4 3 5 2 187 55
1751 3 0 1 4 1 4 5 2 266 90
1752 2 3 2 6 2 4 1 0 5 3 397 40
1753 2 3 2 4 0 4 1 5 297 45
1754 2 0 1 4 1 5 2 4 834 81
1755 0 3 2 5 0 5 4 3 2 464 34
1756 0 3 3 4 2 1 3 4 418 86
1757 3 4 5 4 0 4 5 3 220 14
1758 0 4 4 5 2 3 5 0 1 135 25
1759 3 4 3 6 0 1 4 3 5 2 187 55
1760 2 3 1 4 0 1 4 3 463 12
1761 2 0 2 6 3 0 2 4 5 1 777 36
1762 0 3 2 3 3 5 4 90 69
1763 0 4 5 3 5 1 2 533 83
1764 3 0 2 3 1 3 2 370 83
1765 2 3 1 5 2 4 0 3 1 290 26
1766 3 4 4 5 1 3 0 4 2 302 61
1767 2 0 2 3 0 4 5 71 35
1768 2 4 2 4 4 0 3 1 581 63
1769 2 0 3 5 2 4 1 0 3 661 58
1770 3 0 6 6 2 3 4 0 1 5 554 93
1771 3 4 3 4 1 0 5 2 485 15
1772 3 0 2 6 0 4 2 5 1 3 455 13
1773 2 3 2 6 5 0 2 3 1 4 577 38
1774 0 3 3 5 1 0 4 5 2 262 40
1775 2 0 4 3 1 0 3 645 92
1776 2 0 3 6 3 0 2 4 5 1 777 36
1777 2 0 7 5 3 5 0 4 2 911 33
1778 3 4 1 4 4 2 3 1 227 22
1779 0 4 1 6 4 2 5 3 1 0 314 97
1780 0 4 5 5 2 3 5 0 1 135 25
1781 2 0 3 3 0 4 5 71 35
1782 3 4 1 5 2 5 4 0 1 181 81
1783 3 0 2 3 4 3 1 504 86
1784 3 4 6 6 4 0 2 5 1 3 216 49
1785 2 3 2 4 2 5 1 0 277 24
1786 3 0 2 6 2 3 4 0 1 5 554 93
1787 0 4 1 5 2 3 5 0 1 135 25
1788 3 4 2 3 0 1 4 157 61
1789 0 3 4 4 3 2 1 5 185 81
1790 2 0 2 5 2 4 1 0 3 661 58
1791 0 4 2 4 2 4 5 0 377 28
1792 3 4 2 4 1 0 5 2 485 15
1793 0 3 2 5 1 0 4 2 3 472 86
1794 3 0 3 5 1 5 0 3 4 572 65
1795 3 0 4 3 1 3 2 370 83
1796 0 3 2 5 1 0 4 2 3 472 86
1797 3 0 2 3 3 2 5 1060 51
1798 2 0 2 5 3 5 0 4 2 306 18
1799 3 0 4 3 0 4 5 422 51
1800 2 4 2 5 4 3 2 1 5 548 90
1801 0 4 3 5 2 3 5 0 1 135 25
1802 2 4 3 4 0 5 3 1 154 38
1803 2 4 2 6 4 2 5 0 1 3 109 16
1804 3 4 2 5 2 5 4 0 1 181 81
1805 0 3 2 3 1 5 0 702 23
1806 2 4 2 6 3 4 0 2 5 1 866 64
1807 3 4 3 5 3 4 5 1 2 58 12
1808 2 3 2 6 5 0 2 3 1 4 577 38
84
1809 0 4 1 5 4 2 3 5 1 239 24
1810 2 0 4 3 0 4 5 71 35
1811 2 0 1 3 0 4 5 71 35
1812 2 3 2 6 1 5 4 0 2 3 221 65
1813 0 4 4 4 2 4 5 0 377 28
1814 2 4 2 3 3 0 2 135 22
1815 2 4 2 6 4 2 5 0 1 3 109 16
1816 3 0 1 3 1 3 2 370 83
1817 0 4 2 3 5 1 2 533 83
1818 0 3 1 3 1 5 0 702 23
1819 3 0 2 3 5 1 4 768 15
1820 0 4 2 6 0 2 4 3 1 5 405 36
1821 3 0 2 4 1 4 5 2 266 90
1822 2 0 2 3 3 5 1 110 67
1823 2 3 1 4 1 2 3 0 185 81
1824 0 4 2 3 3 2 0 784 40
1825 2 3 2 3 5 1 2 185 37
1826 3 4 3 4 1 2 5 0 205 69
1827 2 4 1 4 0 5 3 2 150 30
1828 3 0 1 4 4 1 2 3 236 73
1829 0 4 4 4 0 2 1 5 1055 75
1830 2 0 1 5 2 4 1 0 3 661 58
1831 0 4 1 6 4 3 1 2 5 0 819 14
1832 3 4 4 6 0 1 4 3 5 2 187 55
1833 2 0 2 3 1 2 3 654 88
1834 0 4 1 3 2 3 5 859 18
1835 3 0 2 4 1 4 5 2 266 90
1836 0 4 7 3 5 1 2 533 83
1837 3 0 1 6 2 0 5 4 3 1 190 99
1838 3 4 3 5 1 4 5 0 3 341 94
1839 2 3 6 4 3 4 0 2 242 60
1840 2 3 3 4 0 2 5 1 478 31
1841 2 3 2 6 3 5 1 0 2 4 274 69
1842 0 3 1 6 2 0 5 3 1 4 311 43
1843 3 0 3 3 2 0 1 532 64
1844 0 3 2 3 1 5 0 702 23
1845 3 4 1 6 5 0 3 1 2 4 385 79
1846 2 0 2 3 2 0 1 145 44
1847 2 0 2 5 3 5 0 4 2 911 33
1848 2 0 3 3 1 3 5 726 40
1849 2 0 2 5 3 5 0 4 2 911 33
1850 0 3 7 4 3 2 1 5 185 81
1851 0 3 2 6 1 5 3 2 0 4 468 57
1852 2 0 2 4 0 3 1 5 256 61
1853 0 3 3 4 2 0 4 3 297 29
1854 0 4 1 5 5 4 2 1 0 309 29
1855 3 0 2 6 0 4 2 5 1 3 455 13
1856 2 4 1 3 0 5 2 212 34
1857 0 4 1 5 3 0 2 5 1 460 15
1858 3 4 3 5 4 3 1 5 0 353 56
1859 3 4 4 4 1 2 5 0 205 69
1860 0 4 1 3 2 1 4 364 37
1861 0 3 3 3 4 1 2 306 66
1862 3 4 2 4 0 4 5 3 220 14
1863 3 0 3 4 4 1 2 3 236 73
1864 3 0 4 3 0 4 5 422 51
1865 2 4 2 4 4 0 3 1 581 63
1866 0 3 2 6 2 1 5 0 3 4 192 27
1867 3 0 2 3 0 4 5 422 51
1868 2 0 2 5 0 3 5 1 2 570 10
1869 0 3 3 6 2 5 0 4 3 1 167 13
1870 2 4 1 6 5 3 2 1 0 4 247 32
1871 2 3 1 3 5 1 2 185 37
1872 2 0 2 5 2 0 4 3 1 646 96
1873 2 3 2 4 0 1 4 3 463 12
1874 2 4 3 4 2 5 4 1 414 28
1875 2 3 4 4 1 2 3 0 185 81
1876 2 0 2 3 3 1 4 262 12
1877 0 4 2 5 5 4 2 1 0 309 29
1878 2 0 2 4 1 5 2 4 834 81
1879 3 4 2 6 4 0 2 5 1 3 216 49
1880 3 0 2 3 3 1 5 546 90
1881 2 3 2 6 5 0 2 3 1 4 577 38
1882 3 0 3 5 0 1 3 2 5 111 90
1883 2 3 2 6 5 0 2 3 1 4 577 38
1884 0 3 2 6 0 5 1 2 3 4 369 62
1885 2 0 2 5 3 5 0 4 2 911 33
1886 2 0 3 4 5 3 2 0 1006 10
1887 3 4 2 6 3 1 5 0 2 4 320 21
1888 0 3 2 3 3 5 4 90 69
1889 3 0 2 6 2 0 5 4 3 1 190 99
1890 2 0 1 3 3 0 1 751 17
1891 0 4 2 6 0 2 4 3 1 5 405 36
1892 2 4 2 4 2 5 4 1 414 28
90
1893 0 3 3 5 1 0 4 5 2 262 40
1894 2 4 1 6 1 2 5 4 0 3 156 71
1895 2 4 1 6 3 5 4 2 0 1 356 97
1896 2 0 1 6 3 0 2 4 5 1 777 36
1897 2 0 2 5 2 0 4 3 1 646 96
1898 3 4 3 3 0 1 4 157 61
1899 3 0 1 5 0 1 3 2 5 111 90
1900 2 0 2 4 0 3 1 5 256 61
1901 2 4 2 5 4 2 3 0 5 302 72
1902 2 3 2 5 5 4 0 3 1 292 94
1903 0 4 3 4 2 4 5 0 377 28
1904 0 4 2 5 5 3 0 1 4 945 51
1905 2 3 1 4 4 1 2 5 47 60
1906 2 3 1 3 5 1 2 185 37
1907 3 0 4 3 3 2 5 1060 51
1908 0 3 2 6 4 0 3 5 1 2 386 11
1909 0 3 2 5 0 5 4 3 2 464 34
1910 3 4 2 3 3 1 4 342 83
1911 3 4 1 4 4 2 3 1 227 22
1912 2 4 4 4 1 5 2 3 503 36
1913 0 3 2 4 1 4 3 2 238 84
1914 2 0 1 5 2 4 1 0 3 661 58
1915 2 3 1 4 1 2 3 5 272 65
1916 2 4 1 4 0 5 3 1 154 38
1917 3 4 2 3 0 1 4 157 61
1918 0 3 1 6 1 5 3 2 0 4 468 57
1919 2 3 3 5 4 5 3 0 1 130 48
1920 3 0 1 3 1 3 2 370 83
1921 2 4 4 6 0 1 3 2 5 4 697 59
1922 3 4 7 4 1 2 5 0 205 69
1923 2 3 4 3 1 5 2 237 88
1924 0 4 2 6 2 0 5 1 3 4 770 20
1925 3 4 2 5 2 5 4 0 1 181 81
1926 0 3 1 4 2 1 3 4 418 86
1927 3 4 1 6 5 0 3 1 2 4 385 79
1928 0 3 4 3 4 1 2 306 66
1929 0 4 4 6 4 2 5 3 1 0 314 97
1930 2 0 1 3 1 0 3 645 92
1931 0 3 4 6 4 0 3 5 1 2 386 11
1932 3 4 5 3 1 0 4 222 30
1933 2 0 4 5 0 3 5 1 2 570 10
1934 3 4 1 4 4 2 3 1 227 22
1935 3 4 2 4 4 5 0 3 433 76
1936 2 3 3 4 0 1 4 3 463 12
1937 2 4 3 5 4 3 2 1 5 548 90
1938 3 4 2 4 1 0 5 2 485 15
1939 2 4 2 4 0 5 3 1 154 38
1940 2 3 3 4 1 2 3 5 272 65
1941 2 4 4 4 5 3 4 1 317 51
1942 0 4 2 6 4 3 1 2 5 0 819 14
1943 2 3 2 4 3 5 2 4 225 73
1944 3 4 2 4 0 4 5 3 220 14
1945 2 0 3 6 0 1 3 5 4 2 1092 57
1946 0 3 2 4 0 5 1 2 506 36
1947 0 3 2 6 1 0 2 4 3 5 78 63
1948 2 4 1 6 0 1 3 2 5 4 697 59
1949 0 3 7 3 1 5 0 702 23
1950 3 4 3 3 3 1 4 342 83
1951 3 0 1 6 2 0 5 4 3 1 190 99
1952 3 0 2 5 0 1 3 2 5 111 90
1953 0 3 1 6 0 5 1 2 3 4 369 62
1954 0 3 2 3 1 5 0 702 23
1955 2 4 2 6 1 2 5 4 0 3 156 71
1956 3 0 3 3 3 2 5 1060 51
1957 3 4 6 3 0 4 2 80 15
1958 0 4 2 5 5 4 2 1 0 309 29
1959 2 4 3 3 0 5 2 212 34
1960 3 0 5 6 0 5 2 4 1 3 347 86
1961 2 4 2 6 1 2 5 4 0 3 156 71
1962 3 0 2 4 5 1 3 4 605 28
1963 2 3 1 4 2 5 1 0 277 24
1964 0 4 2 4 2 4 5 0 377 28
1965 2 0 3 5 2 4 1 0 3 661 58
1966 3 4 3 4 0 4 5 3 220 14
1967 0 3 2 3 3 5 4 90 69
1968 2 3 4 4 4 1 2 5 47 60
1969 2 3 2 3 4 1 3 366 94
1970 2 3 2 5 2 4 0 3 1 290 26
1971 2 0 2 5 2 4 1 0 3 661 58
1972 2 3 2 4 0 2 5 1 478 31
1973 0 3 3 6 4 0 3 1 5 2 574 37
1974 0 3 4 3 3 5 4 90 69
1975 0 3 2 6 5 4 0 1 3 2 478 53
1976 0 3 2 6 1 0 2 4 3 5 78 63
1977 2 4 3 4 1 5 2 3 503 36
1978 0 4 2 6 0 2 4 3 1 5 405 36
1979 3 0 2 4 5 0 1 2 730 40
1980 0 3 3 4 2 1 3 4 418 86
1981 2 4 2 6 1 2 5 4 0 3 156 71
1982 0 3 2 5 1 0 4 5 2 262 40
95
1983 0 4 3 5 2 3 5 0 1 135 25
1984 3 0 1 4 4 1 2 3 236 73
1985 0 3 2 6 5 4 0 1 3 2 478 53
1986 2 3 2 4 3 5 2 4 225 73
1987 3 4 1 6 0 1 4 3 5 2 187 55
1988 2 0 3 6 5 1 0 3 2 4 333 87
1989 3 0 3 3 5 1 4 768 15
1990 2 4 1 6 3 5 4 2 0 1 356 97
1991 0 3 1 5 1 0 4 5 2 262 40
1992 2 0 2 5 3 5 0 4 2 306 18
1993 0 3 1 3 1 5 0 702 23
1994 2 3 1 3 2 0 5 339 13
1995 0 3 4 3 2 3 0 407 45
1996 2 0 1 6 1 0 2 3 4 5 452 58
1997 3 4 4 5 3 1 5 0 2 440 49
1998 2 3 2 5 5 4 0 3 1 292 94
1999 2 0 4 4 0 3 1 5 256 61
2000 3 0 1 4 1 4 5 2 266 90
2001 2 0 2 3 1 3 5 726 40
2002 2 4 8 4 2 5 4 1 414 28
2003 0 3 5 5 1 0 4 2 3 472 86
2004 2 3 1 5 5 4 0 3 1 292 94
2005 2 3 1 5 5 4 0 3 1 292 94
2006 2 0 1 5 0 3 5 1 2 570 10
2007 3 4 1 4 1 2 5 0 205 69
2008 3 0 3 4 1 4 5 2 266 90
2009 2 3 3 3 5 1 2 185 37
2010 3 0 1 6 2 0 5 4 3 1 190 99
2011 3 0 3 3 0 4 5 422 51
2012 2 3 3 6 5 0 2 3 1 4 577 38
2013 2 3 3 5 1 2 4 0 3 123 35
2014 2 3 1 3 5 1 3 145 17
2015 2 0 7 6 3 0 2 4 5 1 777 36
2016 2 3 1 5 2 4 0 3 1 290 26
2017 2 0 3 3 3 1 4 262 12
2018 2 3 4 6 2 4 1 0 5 3 397 40
2019 2 0 3 3 3 0 1 751 17
2020 0 4 2 5 0 4 5 2 3 225 56
2021 3 0 2 5 1 5 0 3 4 572 65
2022 2 0 1 6 0 1 3 5 4 2 1092 57
2023 2 4 2 6 5 3 2 1 0 4 247 32
2024 0 4 1 5 4 2 3 5 1 239 24
2025 2 3 1 4 0 1 4 3 463 12
2026 0 3 7 3 1 5 0 702 23
2027 2 4 4 6 3 4 0 2 5 1 866 64
2028 0 3 1 3 2 3 0 407 45
2029 0 4 4 5 4 2 3 5 1 239 24
2030 0 3 1 5 0 5 4 3 2 464 34
2031 3 0 4 6 1 5 4 0 2 3 257 38
2032 2 0 3 4 5 3 2 0 1006 10
2033 3 0 6 6 0 4 2 5 1 3 455 13
2034 0 3 2 5 0 5 4 3 2 464 34
2035 0 3 2 6 2 1 5 0 3 4 192 27
2036 2 3 2 4 3 5 2 4 225 73
2037 3 4 3 6 5 0 3 1 2 4 385 79
2038 2 4 1 6 0 1 3 2 5 4 697 59
2039 3 0 5 6 2 0 5 4 3 1 190 99
2040 3 0 5 5 1 5 0 2 3 557 23
2041 2 4 3 4 0 5 3 2 150 30
2042 2 0 2 6 0 1 4 5 2 3 528 68
2043 0 4 2 6 0 4 1 3 2 5 480 21
2044 2 4 2 4 0 5 3 2 150 30
2045 3 0 2 5 1 5 0 2 3 557 23
2046 3 0 2 5 1 5 0 2 3 557 23
2047 2 4 4 4 2 5 4 1 414 28
2048 3 0 3 3 2 0 1 532 64
2049 2 3 2 4 2 5 1 0 277 24
2050 2 0 4 5 2 4 1 0 3 661 58
2051 0 3 1 4 0 5 1 2 506 36
2052 0 4 1 3 2 1 4 364 37
2053 3 4 6 5 2 5 4 0 1 181 81
2054 3 0 3 3 3 2 5 1060 51
2055 2 4 2 4 4 0 3 1 581 63
2056 2 4 2 4 4 0 3 1 581 63
2057 2 0 3 6 3 0 2 4 5 1 777 36
2058 3 0 2 5 1 5 0 2 3 557 23
2059 2 4 1 3 3 0 2 135 22
2060 2 0 2 4 1 5 2 4 834 81
2061 0 3 1 6 2 0 5 3 1 4 311 43
2062 0 4 3 6 4 3 1 2 5 0 819 14
2063 0 3 3 6 2 0 5 3 1 4 311 43
2064 2 4 3 6 3 4 0 2 5 1 866 64
2065 2 0 4 6 0 1 4 5 2 3 528 68
2066 2 0 1 6 1 0 2 3 4 5 452 58
2067 3 4 2 5 1 3 0 4 2 302 61
2068 2 3 3 4 3 5 2 4 225 73
2069 0 4 3 3 2 1 4 364 37
2070 3 0 2 6 0 4 2 5 1 3 455 13
2071 0 3 2 4 0 5 1 2 506 36
2072 3 4 2 6 0 1 4 3 5 2 187 55
2073 0 3 3 3 2 3 0 407 45
2074 0 3 2 3 4 1 2 306 66
2075 3 4 3 5 3 1 5 0 2 440 49
2076 0 4 3 5 5 4 2 1 0 309 29
2077 0 3 2 5 1 0 4 2 3 472 86
0
0
0
0
0
0
0
0
0
0
0
0
